10 7 
0 17 54 43 77 86 61 46 98 65 69 8 88 20 7 13 78 30 12 15 39 
5 0 76 10 10 78 7 72 19 76 2 84 56 21 97 45 89 60 82 91 94 
59 93 0 54 84 27 42 80 81 92 99 48 23 35 47 82 30 16 92 22 55 
50 8 24 0 67 80 96 64 83 81 89 7 15 80 15 43 37 26 9 1 40 
46 60 27 74 0 55 50 11 16 98 43 96 64 84 37 95 25 5 71 32 29 
6 34 97 12 24 0 9 53 31 65 20 77 64 49 91 57 13 11 21 91 82 
47 78 25 78 54 20 0 10 94 29 1 25 63 59 75 41 43 57 6 17 32 
13 11 95 56 33 11 12 0 19 11 87 42 19 53 33 25 41 83 42 38 4 
68 21 85 99 12 63 89 20 0 3 25 20 85 6 78 42 16 51 71 51 60 
78 94 2 17 72 69 15 64 75 0 41 81 10 23 56 56 15 91 23 26 22 
38 24 87 24 3 43 28 42 49 98 0 45 85 16 69 64 43 98 92 22 19 
36 16 51 77 68 19 73 12 85 86 41 0 62 78 52 59 52 46 62 78 56 
89 80 23 38 95 57 15 83 77 11 92 82 0 42 89 58 35 18 71 9 95 
27 68 79 43 54 99 36 62 76 15 93 15 49 0 97 72 54 11 79 82 10 
39 97 9 59 79 63 28 13 42 33 8 19 14 44 0 25 97 48 67 79 46 
90 77 70 60 15 20 49 33 45 16 8 32 83 33 62 0 26 76 78 1 89 
38 22 34 73 97 99 46 45 85 56 73 46 12 79 78 89 0 64 90 79 5 
25 64 15 37 74 35 25 90 31 49 31 16 18 94 66 82 63 0 65 74 73 
6 31 21 2 79 30 36 9 66 15 79 89 52 41 70 91 51 48 0 27 8 
70 86 82 35 2 68 7 47 38 92 57 69 24 95 10 67 70 35 35 0 81 
21 13 81 34 11 88 90 46 28 59 99 97 98 32 94 39 13 45 21 95 0 
