10 10 
0 79 95 9 9 60 72 40 4 87 3 2 7 12 75 42 37 94 95 20 80 
63 0 79 26 93 52 27 56 10 22 82 24 59 1 98 31 80 35 22 92 23 
90 45 0 38 55 46 20 9 1 50 16 52 64 42 77 60 62 7 82 74 42 
52 67 84 0 79 24 1 21 51 28 37 3 8 25 55 28 32 58 35 42 74 
34 62 76 77 0 42 56 26 36 19 3 15 92 58 12 99 76 35 4 78 86 
51 72 79 50 72 0 84 79 25 33 89 77 95 82 81 67 76 39 70 94 31 
81 11 3 90 54 76 0 98 54 59 37 44 90 59 36 31 55 61 81 69 27 
57 47 6 96 8 17 15 0 95 95 70 22 74 79 94 78 96 80 73 59 7 
90 19 46 66 49 15 60 3 0 2 55 73 33 75 29 59 72 80 23 9 74 
8 63 32 27 77 93 43 30 8 0 45 15 2 3 65 46 73 9 26 48 12 
20 24 59 45 59 65 95 78 33 66 0 12 26 30 33 96 81 36 94 5 48 
60 97 16 72 23 45 22 98 95 57 92 0 46 28 97 26 22 35 51 26 33 
45 84 50 92 85 92 87 57 41 16 66 53 0 38 64 36 90 38 51 63 24 
5 63 67 98 94 21 20 88 2 75 80 54 31 0 94 95 18 23 70 35 14 
90 93 96 98 91 20 84 76 31 28 34 14 35 29 0 80 36 19 22 18 66 
77 35 48 63 13 79 51 17 86 23 23 20 97 17 51 0 28 75 40 51 65 
59 81 1 30 37 90 97 88 97 44 79 37 25 33 15 21 0 69 11 76 56 
17 62 83 5 63 79 85 53 6 1 48 37 99 26 9 39 10 0 28 44 44 
49 72 68 58 77 55 58 16 57 43 53 36 97 97 19 85 51 13 0 33 20 
24 97 31 31 77 78 3 89 38 68 17 78 5 72 61 50 46 96 40 0 57 
69 34 36 43 64 37 97 97 23 88 85 92 53 77 79 60 94 12 1 53 0 
