15 2 
0 86 60 54 89 34 42 89 44 11 55 30 77 21 26 87 21 81 45 58 64 24 5 57 66 2 75 25 32 67 41 
21 0 3 65 17 19 66 44 91 19 15 70 87 69 67 12 59 19 93 78 32 44 9 66 22 42 4 61 14 8 25 
33 33 0 9 83 23 70 78 13 40 23 38 20 8 40 50 4 49 93 36 83 55 31 61 10 48 72 75 23 13 92 
34 97 83 0 59 58 97 8 99 41 40 9 67 31 87 31 42 70 80 82 67 3 68 31 73 84 10 51 99 49 91 
1 65 17 81 0 15 83 16 44 61 14 38 17 73 80 4 39 89 36 61 43 28 70 39 15 30 86 78 62 29 8 
63 4 15 34 69 0 3 72 41 69 55 49 21 87 41 76 78 22 62 32 12 85 81 54 46 15 77 46 53 69 83 
75 88 23 65 41 72 0 34 18 20 13 50 11 5 97 39 33 74 45 63 22 8 55 97 44 35 54 32 46 38 91 
38 97 19 64 32 37 56 0 66 77 10 57 43 71 43 57 79 78 12 31 71 3 52 54 8 44 33 56 57 38 56 
9 11 58 45 20 18 81 31 0 1 68 50 14 52 82 77 70 63 95 32 19 53 29 22 96 85 31 9 9 42 70 
46 9 84 19 70 97 90 3 67 0 33 51 52 83 26 40 68 98 36 85 37 15 49 12 10 81 76 82 35 37 92 
68 54 18 50 2 46 52 96 47 42 0 84 22 97 90 53 34 81 97 76 13 61 36 15 14 95 12 53 24 94 39 
91 69 95 64 76 71 73 31 92 18 72 0 92 30 62 19 51 51 56 45 38 3 74 69 96 32 74 3 59 88 34 
51 88 28 19 34 66 80 46 63 36 52 6 0 92 70 70 38 64 44 72 30 60 15 43 67 91 81 84 8 95 27 
33 98 89 41 23 90 43 63 76 4 77 21 4 0 28 49 37 1 57 11 82 54 82 43 84 17 53 73 41 88 16 
37 89 31 13 27 19 74 74 29 14 19 3 84 82 0 53 4 51 91 91 76 89 30 42 40 15 15 89 97 64 74 
22 21 31 55 48 44 65 56 19 35 41 5 95 80 98 0 31 20 24 78 26 73 40 72 40 48 92 88 5 49 80 
17 67 36 30 6 43 74 59 33 63 15 14 51 58 80 90 0 42 81 69 12 62 26 45 46 42 34 50 41 57 6 
58 6 24 27 24 97 98 43 30 2 16 42 88 69 7 22 5 0 2 57 96 89 95 89 75 85 49 32 19 39 98 
31 14 43 27 7 15 81 83 14 37 80 43 79 40 56 38 48 89 0 98 52 54 46 11 12 36 17 28 44 52 79 
48 67 58 56 38 2 79 81 53 59 23 26 52 77 74 38 71 65 72 0 10 23 60 68 57 17 65 79 30 63 19 
33 79 61 20 33 81 5 30 74 92 74 32 16 21 63 61 69 99 56 89 0 60 20 71 15 12 37 68 29 35 64 
38 92 66 85 70 90 80 57 22 22 10 19 73 1 84 74 4 11 25 23 80 0 80 72 62 15 76 55 96 87 97 
34 36 87 60 95 94 15 21 44 75 21 77 35 20 22 85 1 35 87 8 29 30 0 79 91 57 65 88 3 53 36 
19 68 24 99 38 80 66 83 47 83 77 55 89 98 69 21 10 62 21 70 16 43 62 0 64 40 71 48 28 64 87 
20 92 20 33 33 7 41 47 55 10 32 84 70 51 84 15 24 14 66 14 33 74 20 66 0 18 98 91 13 32 90 
55 56 4 37 86 95 55 10 27 56 68 25 95 90 23 35 45 68 97 8 16 97 90 35 79 0 66 38 95 5 6 
14 6 20 35 93 6 72 51 89 52 98 37 18 32 74 5 36 35 90 21 24 26 95 18 12 9 0 86 75 53 61 
34 3 97 23 94 29 12 78 61 94 51 7 62 36 8 36 24 68 48 94 21 13 81 36 25 53 32 0 30 46 96 
9 42 78 27 33 80 16 54 82 1 89 18 58 51 7 73 76 8 12 8 73 25 4 1 25 48 17 57 0 82 42 
51 83 75 60 61 72 73 82 64 39 89 89 33 90 27 87 49 30 11 90 51 41 61 44 96 74 17 57 46 0 72 
35 22 95 28 12 49 96 49 5 76 57 49 95 74 36 16 23 7 33 75 55 37 54 34 32 14 68 31 7 27 0 
