20 5 
0 39 15 81 2 64 2 79 53 92 26 66 72 33 89 94 95 8 54 3 88 29 23 54 19 94 8 50 24 52 84 7 71 98 51 99 56 53 48 95 19 
51 0 13 42 18 81 67 97 23 20 28 34 69 56 2 30 17 78 52 23 17 32 60 81 33 67 76 73 34 84 95 18 36 35 80 84 16 64 28 21 86 
26 39 0 86 53 57 63 57 37 70 68 95 35 20 47 84 8 19 82 46 34 19 71 43 76 90 16 5 99 96 77 49 87 94 50 70 30 48 82 15 64 
10 83 24 0 96 60 66 62 59 74 47 58 29 99 14 72 81 40 55 24 53 97 1 7 48 77 84 31 47 82 44 45 89 30 6 96 54 45 50 99 28 
70 91 13 85 0 59 34 98 33 29 9 87 12 71 82 70 52 81 8 17 53 7 81 36 44 68 60 70 87 38 39 63 34 91 47 39 8 59 62 44 99 
86 11 63 77 56 0 61 33 33 42 8 27 37 78 10 45 81 60 16 55 49 6 13 92 29 86 74 92 84 31 4 34 14 74 82 22 78 24 19 29 60 
26 72 8 27 63 6 0 37 9 52 13 52 91 18 77 42 68 28 1 24 60 28 11 68 42 5 5 89 68 32 79 76 73 41 4 25 33 68 52 7 63 
8 72 83 30 5 53 87 0 15 75 9 39 85 32 24 55 83 76 97 12 56 54 23 82 27 77 94 36 98 53 83 51 12 81 34 27 59 20 31 18 19 
60 48 75 64 11 20 11 48 0 35 55 19 80 27 61 53 81 3 16 40 41 79 22 16 39 40 92 30 78 83 75 46 94 30 41 3 71 5 93 71 69 
76 42 86 90 48 4 91 42 14 0 17 33 89 38 83 81 2 68 12 88 84 69 47 54 43 47 65 73 80 49 84 13 34 5 44 93 56 76 26 15 55 
49 40 91 21 97 70 44 44 96 51 0 25 20 36 22 95 28 36 81 56 89 18 45 52 12 61 64 24 7 18 43 41 60 92 50 77 45 58 18 78 6 
14 75 57 68 82 50 1 70 47 96 48 0 34 74 92 63 39 48 20 6 31 19 78 31 9 95 60 9 37 59 1 85 97 67 89 19 23 71 85 33 14 
32 71 14 68 58 13 93 92 36 34 80 32 0 18 95 13 3 36 26 23 38 76 58 41 70 72 49 78 55 53 57 44 98 67 46 46 29 55 81 37 11 
3 45 83 94 54 97 45 72 92 65 37 92 93 0 84 13 1 48 38 54 34 39 5 80 50 15 28 83 24 22 46 35 53 11 94 88 47 83 90 45 80 
34 77 7 21 67 73 26 16 72 43 50 16 35 9 0 66 23 42 3 25 73 17 1 14 62 79 56 12 58 19 49 89 3 25 66 52 55 27 24 27 6 
46 77 9 79 7 38 35 11 52 7 36 12 37 97 99 0 63 92 60 7 69 14 31 93 12 84 81 41 95 7 23 88 81 33 5 21 98 66 17 69 5 
28 98 25 51 47 30 98 18 7 48 31 60 87 9 92 48 0 95 53 44 98 57 45 79 9 37 90 68 91 57 39 28 86 68 30 52 93 5 44 17 50 
1 67 61 64 38 87 80 54 56 18 43 28 1 79 48 44 14 0 46 68 45 74 85 61 91 13 51 45 52 77 43 25 64 54 49 40 50 91 68 78 74 
74 18 38 33 38 15 61 72 53 66 85 52 3 37 64 93 2 88 0 88 58 96 62 56 84 24 47 15 69 98 6 7 47 80 95 50 53 10 64 67 64 
4 16 10 65 77 10 46 19 38 83 77 12 55 23 20 48 21 10 73 0 77 16 60 45 59 40 64 88 23 29 23 77 96 23 93 18 31 49 37 83 30 
92 26 41 92 5 70 48 5 43 14 21 91 73 14 50 56 80 75 30 6 0 60 31 32 61 55 56 24 92 11 72 69 80 68 24 73 41 66 54 80 92 
42 69 78 69 25 26 79 22 83 65 23 61 46 6 22 70 90 89 12 90 32 0 61 97 3 79 58 6 88 80 13 43 4 67 58 72 91 97 66 34 7 
50 93 77 88 25 59 5 30 62 47 17 78 31 3 58 85 58 77 61 20 81 10 0 2 39 77 37 95 33 9 73 30 7 23 46 54 72 93 57 37 99 
29 87 57 5 51 91 7 13 71 60 74 29 99 62 59 38 84 24 72 27 93 47 27 0 99 77 10 79 12 7 22 71 35 84 88 14 18 27 66 21 97 
59 16 34 73 38 40 92 74 23 78 38 11 8 30 77 72 57 41 68 65 52 1 82 12 0 43 63 56 26 80 50 13 1 81 96 55 98 40 33 8 15 
87 55 79 68 65 29 2 33 19 4 13 84 64 94 22 1 80 43 1 30 75 62 39 27 91 0 59 38 12 55 90 81 72 32 85 71 87 54 80 12 88 
73 80 33 64 71 27 38 49 78 61 43 39 45 83 71 44 65 18 29 29 26 40 11 43 58 19 0 34 40 1 92 23 19 39 49 18 10 83 45 56 71 
53 16 99 77 88 57 33 52 64 94 26 5 47 36 94 34 27 48 17 30 19 2 98 77 10 81 15 0 6 79 40 86 92 97 83 97 25 22 17 12 98 
77 19 52 15 85 45 2 58 92 54 53 74 9 4 2 10 18 41 51 66 76 3 9 39 56 78 42 1 0 63 79 1 31 77 44 8 99 59 89 56 61 
13 87 80 99 78 47 71 41 25 90 5 2 57 74 79 64 84 58 50 71 75 32 82 14 71 50 43 32 12 0 76 84 21 13 5 55 28 91 29 61 24 
17 31 58 38 94 15 14 49 83 40 20 22 6 75 43 25 51 12 49 97 71 43 8 86 88 43 92 25 31 80 0 53 5 4 41 37 2 12 50 45 71 
62 95 76 46 66 3 28 34 87 76 12 99 73 87 10 34 93 62 27 60 43 34 22 16 77 24 78 58 44 30 95 0 71 33 99 18 68 55 85 50 53 
1 97 5 96 98 82 51 57 23 37 48 51 96 51 36 31 91 20 87 47 10 41 1 84 74 41 67 23 39 10 81 41 0 21 1 36 53 16 98 36 6 
40 63 21 16 30 86 96 3 45 82 76 13 17 22 5 18 29 65 94 94 51 67 84 6 44 30 47 52 80 76 73 1 81 0 66 95 59 10 3 23 75 
1 16 51 98 24 99 90 37 3 78 73 10 3 26 70 89 50 96 40 70 56 62 22 21 17 72 93 24 42 34 39 84 44 56 0 80 82 62 43 3 42 
72 29 96 69 35 91 26 72 29 92 75 18 94 55 35 15 19 97 48 54 64 49 99 33 65 94 17 23 35 48 85 40 41 28 80 0 71 56 12 9 67 
11 38 96 62 21 99 29 77 47 99 1 54 16 48 36 53 48 69 71 37 15 17 36 14 14 63 66 30 11 74 15 94 46 64 48 17 0 91 77 76 86 
80 60 44 27 36 62 51 58 42 46 94 8 48 14 88 22 89 30 87 73 8 27 85 43 30 72 73 56 24 27 94 55 61 84 62 81 23 0 60 62 26 
40 62 37 74 12 41 99 23 77 82 26 28 5 79 94 75 49 11 64 51 73 77 37 80 83 19 52 81 57 82 35 45 97 87 97 88 75 82 0 50 13 
33 73 11 1 43 52 91 91 19 77 73 17 27 89 96 8 15 82 72 85 1 50 21 65 60 32 52 70 15 80 48 7 75 92 54 23 40 17 98 0 24 
30 12 13 79 33 67 8 31 34 4 36 4 47 49 96 45 47 25 22 20 70 88 59 41 81 75 65 56 44 13 90 89 88 33 4 57 14 43 45 30 0 
