25 1 
0 70 54 10 23 24 91 24 38 61 78 31 45 94 10 27 31 39 24 82 70 2 74 74 58 96 13 1 10 71 50 92 65 68 13 9 44 39 5 89 21 6 78 59 58 74 85 4 47 24 64 
71 0 67 26 56 39 35 68 3 95 66 90 32 60 61 94 90 7 91 95 99 32 36 94 99 60 94 82 87 96 34 9 76 52 62 36 32 24 64 73 26 81 11 44 71 67 74 91 8 81 21 
91 47 0 95 11 66 24 71 31 38 90 49 67 93 31 17 17 87 42 53 74 13 43 8 74 89 24 89 61 58 94 68 70 64 89 28 24 29 78 71 34 1 43 28 24 49 13 37 80 23 38 
87 66 12 0 53 4 6 84 88 51 23 51 76 19 49 49 15 15 34 72 52 81 70 82 8 48 68 88 99 35 40 35 70 35 44 78 52 57 15 14 20 48 42 95 59 50 70 29 73 93 45 
96 8 17 27 0 75 67 26 55 99 30 22 88 60 97 58 28 12 28 20 64 65 19 90 40 5 6 58 53 65 1 41 86 61 28 27 11 42 48 44 90 50 86 38 46 76 40 32 10 11 21 
6 57 17 98 97 0 89 99 29 34 21 95 97 38 23 46 51 81 12 34 83 95 52 4 26 55 40 87 22 65 55 92 29 76 25 99 52 9 14 47 88 3 25 77 40 70 9 42 98 36 54 
75 60 57 65 5 51 0 60 25 45 59 95 25 8 83 32 91 77 75 12 92 21 49 83 37 50 82 69 32 49 38 15 21 16 91 31 86 43 85 38 2 25 96 22 96 43 96 34 34 57 36 
33 29 20 66 57 85 8 0 51 50 61 79 74 60 50 17 60 83 31 59 83 13 56 51 94 46 32 4 31 58 76 99 50 19 53 55 13 38 48 48 4 59 87 5 31 47 45 11 11 53 69 
50 91 34 77 97 8 92 84 0 47 95 43 54 22 65 92 89 37 73 55 67 48 57 84 69 83 65 20 48 11 87 8 92 35 28 1 88 17 19 20 4 28 36 77 54 13 60 40 47 95 19 
95 53 82 56 14 17 82 28 18 0 51 63 57 37 22 72 87 87 88 75 40 38 31 68 3 62 67 85 7 15 67 39 71 25 38 10 8 20 16 9 96 25 78 62 90 54 49 29 63 90 29 
47 23 74 61 48 29 83 51 11 41 0 58 89 58 49 94 38 55 93 76 62 34 14 71 39 82 6 62 73 3 38 51 94 90 1 96 66 76 95 53 69 57 89 56 37 72 75 83 27 45 48 
11 50 99 14 89 24 26 99 60 39 26 0 69 89 65 61 19 97 72 96 19 50 99 75 48 74 79 92 73 50 39 70 19 1 97 17 17 22 86 31 84 76 70 22 22 10 96 55 25 15 80 
64 9 62 95 7 87 3 64 77 27 86 15 0 14 87 11 94 42 74 78 85 6 35 24 97 43 6 50 49 87 4 82 38 19 59 65 55 90 92 57 19 8 43 75 67 82 92 74 13 45 99 
99 94 30 73 48 30 52 97 24 40 47 34 95 0 8 48 94 47 67 65 78 84 97 42 58 75 37 69 96 81 23 24 62 48 84 67 3 16 84 50 85 79 39 11 47 18 4 79 97 98 73 
46 96 36 25 78 67 78 63 51 74 58 78 4 97 0 97 36 82 64 4 13 19 82 6 35 9 54 8 4 51 92 10 35 19 55 38 18 93 22 85 92 14 30 30 80 9 41 20 98 7 23 
14 68 3 63 88 12 99 75 64 6 59 27 66 14 33 0 90 47 22 93 84 68 56 70 12 93 98 96 49 30 12 88 88 49 95 88 11 16 83 77 92 88 73 35 21 26 13 36 1 28 60 
24 3 19 79 46 86 38 12 96 43 81 84 91 63 40 7 0 66 4 1 18 86 61 87 69 13 83 75 56 64 2 16 96 26 89 1 72 80 74 44 66 61 67 23 56 41 24 72 69 34 92 
23 37 70 30 93 21 45 38 28 41 18 30 97 14 82 4 91 0 81 45 12 11 84 23 38 91 17 64 21 98 52 6 94 83 91 39 60 32 20 81 66 38 34 17 28 83 63 87 69 71 54 
3 86 68 46 37 47 59 39 78 92 28 25 54 25 88 79 3 44 0 6 47 39 60 2 95 51 82 12 47 67 8 67 61 62 22 91 2 19 23 57 19 45 60 18 65 24 52 32 1 60 82 
19 3 62 41 1 48 30 55 3 87 8 65 51 56 81 53 59 54 86 0 87 48 25 38 82 69 22 52 45 31 97 72 89 84 33 56 13 91 25 47 89 29 75 21 91 39 91 53 86 27 13 
54 25 90 52 72 69 81 37 26 17 30 20 30 46 18 93 30 5 45 58 0 51 22 26 80 6 80 96 21 96 49 86 24 54 15 30 2 18 41 10 20 86 75 20 56 98 41 88 53 70 48 
78 88 42 21 37 81 98 76 45 23 92 25 74 68 54 2 78 97 75 90 80 0 27 56 50 78 71 39 67 86 78 32 47 64 84 25 69 13 73 67 38 42 57 44 26 96 43 31 33 10 33 
44 61 94 75 78 31 47 35 97 2 78 58 89 26 84 30 18 92 66 68 27 42 0 49 56 38 20 18 93 62 84 73 38 67 33 14 85 28 72 22 88 48 30 5 60 88 16 98 76 78 46 
25 5 28 62 99 11 52 9 93 26 90 28 57 54 67 35 67 42 92 19 65 80 33 0 84 30 71 97 23 47 74 58 99 51 6 93 33 49 4 99 31 70 25 34 85 39 56 8 92 95 37 
93 42 7 40 7 56 72 27 46 48 61 64 99 36 87 50 91 65 53 50 23 37 96 19 0 32 87 83 14 17 30 77 72 44 66 94 89 75 11 65 53 81 98 93 95 43 58 99 10 80 29 
47 38 73 95 65 8 12 77 28 70 74 48 51 18 64 36 74 92 31 7 48 67 46 57 48 0 61 62 87 92 30 45 72 46 72 65 43 46 8 48 60 9 85 33 42 92 82 64 13 57 7 
64 31 58 80 20 97 76 64 4 30 43 65 15 46 37 18 33 81 55 66 38 33 88 88 94 31 0 88 71 72 4 81 70 27 82 10 22 56 26 13 53 28 74 84 77 13 89 16 5 96 21 
55 76 42 6 12 52 52 13 20 88 66 41 19 44 89 13 67 8 89 67 40 82 14 70 45 29 56 0 78 78 21 52 43 54 44 2 52 19 8 97 38 88 88 51 95 48 90 68 4 80 34 
3 3 91 82 40 88 45 63 26 37 3 84 39 12 51 23 89 93 96 4 59 66 37 78 98 40 11 85 0 13 51 45 6 56 47 28 91 50 42 98 88 85 28 8 18 94 85 73 91 45 75 
28 88 33 50 87 2 54 23 60 44 66 76 8 98 47 67 7 57 62 57 19 68 33 1 51 99 73 42 18 0 62 34 23 56 28 49 47 49 16 31 35 75 9 28 87 45 45 87 93 87 71 
39 46 87 30 1 25 23 66 90 81 3 78 72 22 32 30 76 72 10 80 40 23 6 27 12 37 38 61 9 61 0 20 54 90 51 2 6 16 97 96 52 2 65 4 25 40 50 56 38 86 92 
25 21 60 65 95 39 75 88 50 64 58 77 6 77 95 42 64 54 47 88 3 93 72 78 37 69 75 61 27 46 29 0 58 20 67 36 56 15 66 51 55 38 23 43 86 57 57 51 51 36 14 
54 32 51 30 46 63 23 99 75 20 9 4 14 79 40 30 44 74 94 60 12 93 6 91 15 37 37 29 63 63 30 45 0 58 9 6 61 26 2 51 69 37 68 1 41 7 97 24 75 93 53 
12 79 63 53 19 75 21 92 79 99 33 53 9 97 54 68 45 78 11 41 54 64 90 8 90 41 30 46 69 96 24 71 31 0 37 2 14 89 1 79 57 76 51 31 21 96 43 64 83 91 7 
64 44 11 46 15 11 10 80 45 82 67 54 52 8 83 19 84 49 83 58 36 38 49 20 67 39 42 98 74 74 62 38 46 4 0 76 83 69 79 39 58 39 45 30 55 10 5 75 28 62 78 
92 33 69 74 2 38 28 49 98 5 88 3 32 6 38 9 38 8 79 13 15 51 43 84 73 75 67 84 89 27 97 36 62 75 83 0 22 59 60 52 80 64 24 46 30 90 50 9 93 49 80 
17 40 89 63 54 13 57 20 23 98 23 38 7 3 57 58 7 93 61 4 64 87 69 71 28 35 73 76 28 42 5 43 97 43 82 38 0 34 89 36 84 34 35 51 71 19 2 5 36 49 64 
33 96 65 4 66 59 72 30 96 5 83 27 94 78 90 77 99 23 91 78 45 44 56 42 2 29 21 40 58 52 82 47 53 38 10 37 5 0 24 8 12 90 92 73 21 87 83 58 38 43 38 
39 44 12 61 99 54 51 28 12 58 20 62 25 75 70 47 11 5 15 52 90 58 92 77 20 17 11 76 99 2 76 34 63 14 54 61 14 91 0 90 92 78 66 69 20 49 59 94 50 82 65 
64 56 12 70 67 10 68 59 57 61 46 93 33 30 83 77 17 41 85 75 46 52 74 38 29 93 9 66 74 81 6 11 44 34 64 20 94 18 90 0 69 92 78 54 49 33 33 35 18 39 20 
75 75 44 17 48 52 47 86 55 59 65 87 87 25 23 20 70 60 29 78 81 64 45 81 15 7 64 27 65 69 89 21 96 60 90 71 84 97 66 62 0 60 56 65 52 94 21 87 88 45 33 
42 71 23 47 51 66 51 44 59 42 58 50 89 13 66 72 21 46 12 7 54 81 65 93 98 44 88 56 4 35 39 89 53 88 20 92 87 36 65 10 76 0 1 44 31 60 34 96 80 62 48 
63 47 90 59 66 86 22 57 34 79 65 62 97 99 52 68 44 76 22 26 81 70 51 2 27 41 29 41 8 28 76 98 99 6 87 57 77 86 90 75 13 75 0 7 96 94 67 37 61 12 50 
70 23 4 3 55 69 97 64 64 39 20 94 98 20 10 21 6 3 5 10 90 51 32 57 91 42 12 42 25 4 62 1 48 91 95 36 21 86 74 65 84 75 13 0 56 19 50 99 89 78 14 
59 84 25 13 72 69 83 66 86 59 5 28 34 60 19 20 89 71 4 66 91 13 31 56 4 28 72 85 14 61 79 32 88 46 16 29 57 75 11 13 60 7 17 95 0 23 5 86 76 74 83 
85 33 90 19 7 84 9 55 37 20 29 1 81 50 33 21 96 99 37 25 39 98 89 39 68 55 1 69 46 51 76 62 73 84 47 34 5 23 29 30 15 51 97 34 88 0 75 51 46 27 81 
2 85 35 17 49 53 72 72 23 47 20 28 12 38 63 96 42 18 15 5 1 5 13 54 18 20 59 35 17 42 53 10 79 19 94 97 33 2 71 75 85 62 84 72 41 44 0 20 49 55 16 
47 71 24 21 49 90 75 83 28 49 5 71 94 98 46 92 53 63 2 27 12 44 51 21 24 68 56 70 45 16 61 98 27 86 18 79 77 50 50 66 1 24 36 6 13 17 84 0 78 52 42 
18 49 64 45 32 75 73 37 35 75 5 33 63 72 41 45 71 77 41 69 49 57 30 78 57 75 63 77 10 1 21 20 49 57 31 37 51 24 22 44 9 46 55 59 42 87 37 70 0 89 16 
11 1 30 96 45 53 72 55 66 57 26 99 82 78 77 65 98 6 20 29 38 5 91 93 63 3 60 69 36 10 2 54 78 4 8 75 63 89 6 34 60 91 54 46 81 35 91 56 46 0 17 
58 39 69 30 3 55 38 83 51 27 30 5 17 82 34 49 48 51 82 75 39 39 19 14 29 12 84 82 52 34 35 43 22 1 39 21 99 38 92 51 84 94 74 25 19 4 57 81 67 66 0 
