30 2 
0 80 69 7 28 87 91 26 19 21 20 91 16 9 26 1 72 39 40 49 27 57 37 67 67 77 90 51 66 96 80 19 59 70 92 65 61 49 57 4 41 7 97 80 25 39 51 41 69 15 82 20 49 64 45 70 95 4 42 1 98 
76 0 28 88 82 32 96 49 53 96 61 83 47 68 73 73 37 31 36 41 92 81 91 33 49 38 37 71 40 24 16 54 90 39 34 26 99 63 38 53 5 11 6 64 19 21 53 14 11 24 99 68 37 89 92 99 45 79 25 5 41 
90 97 0 76 40 5 68 50 42 48 50 38 96 32 88 69 27 35 16 30 20 38 65 79 1 18 96 36 35 51 18 13 50 41 27 21 87 28 70 90 92 88 55 70 71 92 69 57 52 68 15 62 81 55 20 83 19 69 90 89 95 
13 50 42 0 26 10 35 18 94 36 72 18 51 75 52 11 79 48 21 1 55 69 95 88 90 68 73 91 30 18 56 52 59 55 54 49 59 60 77 94 69 92 96 97 55 76 34 37 61 6 60 99 50 20 41 98 17 48 54 44 89 
93 82 53 3 0 27 33 15 60 64 17 71 15 59 55 64 66 28 24 75 40 70 93 85 70 40 56 73 83 1 8 65 94 67 95 41 50 17 80 29 28 33 67 67 34 27 16 89 54 83 91 78 65 18 46 92 56 24 53 20 76 
10 44 36 75 57 0 93 35 26 58 87 80 20 17 40 12 93 36 40 34 40 42 50 77 48 15 82 61 46 24 6 36 72 88 54 51 61 63 31 10 29 97 95 48 28 18 59 75 95 49 86 39 58 62 11 54 69 94 91 79 56 
18 22 73 80 18 93 0 65 94 15 47 40 18 45 73 37 52 89 8 77 19 17 23 33 60 4 22 67 61 41 53 90 14 43 31 11 15 32 29 60 24 45 49 58 50 85 1 23 68 8 47 18 6 4 52 1 15 86 37 96 14 
13 34 97 76 32 52 82 0 2 47 35 97 66 50 3 63 97 77 61 83 9 6 6 6 95 97 44 49 8 51 6 91 10 10 52 86 18 82 91 53 83 98 27 83 62 5 81 55 4 60 68 63 50 15 96 52 70 19 62 4 83 
88 32 87 44 61 26 8 42 0 22 93 56 17 50 9 82 69 66 48 18 80 3 8 57 44 29 53 25 93 87 21 97 94 73 44 3 10 66 21 96 94 11 20 97 37 52 98 40 52 59 69 16 49 78 5 66 19 64 25 18 10 
48 84 16 23 89 36 71 68 93 0 80 69 45 99 69 85 3 20 59 7 45 74 84 35 65 95 26 44 12 31 53 58 70 98 51 71 86 21 2 62 54 69 66 45 25 98 82 57 64 36 78 23 73 47 25 30 22 3 79 29 87 
19 46 36 42 16 29 49 65 61 63 0 19 36 7 97 86 43 58 52 3 71 77 75 17 38 12 27 90 50 66 52 16 29 2 15 20 75 7 26 62 78 94 36 40 44 34 76 73 8 21 69 71 46 56 71 63 42 8 69 62 59 
77 26 41 34 56 20 60 47 23 60 68 0 22 45 42 45 49 16 78 14 59 67 1 42 44 71 2 35 91 71 59 2 86 94 32 70 6 28 85 28 98 67 5 33 91 8 62 75 43 38 96 52 6 16 27 28 34 49 24 65 77 
78 20 89 38 73 62 13 34 73 49 57 19 0 24 3 9 70 62 95 80 23 36 95 76 69 24 53 57 91 21 60 51 87 84 2 93 62 21 85 85 40 36 71 54 36 91 9 1 87 70 66 89 9 82 50 19 30 49 91 98 36 
21 38 66 96 86 13 22 26 77 52 75 64 37 0 91 70 15 51 14 32 60 37 77 51 86 64 39 55 1 98 99 6 37 43 31 55 69 62 46 98 46 71 5 23 40 27 66 48 46 74 56 66 91 57 50 37 38 11 93 45 10 
93 17 46 25 14 54 49 11 56 30 60 52 77 85 0 26 92 60 76 31 48 19 76 72 62 51 90 8 54 51 60 61 6 45 6 62 4 28 34 45 20 55 1 10 30 88 97 63 56 95 59 18 80 36 69 40 76 94 5 96 8 
14 88 43 98 60 88 52 83 54 64 38 13 17 36 1 0 44 75 70 47 27 84 87 35 39 29 89 70 13 12 77 29 74 73 44 51 91 17 32 15 19 40 79 46 28 7 88 31 36 86 55 91 53 47 34 36 88 50 57 74 19 
25 76 93 51 54 45 84 64 12 33 78 68 12 40 42 48 0 37 20 12 90 13 34 76 77 3 99 36 64 14 77 13 18 81 13 32 93 7 82 42 21 95 18 62 60 23 93 45 88 45 17 9 26 72 81 59 55 3 65 32 70 
93 57 50 77 34 50 7 64 69 74 87 15 89 80 51 78 68 0 1 52 97 44 56 89 12 1 65 66 75 21 44 93 47 7 17 13 63 1 43 42 17 35 44 61 60 68 28 73 4 22 37 63 51 87 33 35 56 64 12 28 57 
33 57 12 1 45 55 10 33 44 88 41 35 33 32 39 59 40 8 0 12 86 76 89 97 67 71 26 11 84 29 13 71 77 59 2 61 60 97 48 30 41 23 22 2 14 69 81 42 69 9 66 46 11 11 30 10 48 5 34 96 6 
81 50 56 26 40 15 12 69 46 57 97 87 64 11 40 93 40 94 3 0 28 9 79 85 78 50 62 60 31 71 36 35 18 50 12 20 88 73 55 63 97 94 62 42 65 13 72 11 13 83 15 17 65 54 64 84 11 87 85 87 91 
14 83 97 87 90 93 97 33 19 27 5 93 46 48 64 41 97 3 66 74 0 4 9 1 45 93 32 3 66 86 75 22 61 59 83 11 20 87 24 34 14 40 88 27 48 96 43 19 88 92 39 5 51 98 49 26 63 88 68 99 69 
62 34 93 32 10 19 19 46 84 26 5 69 68 2 56 99 78 50 26 43 30 0 90 68 73 54 92 52 63 81 29 57 41 70 25 65 54 42 25 49 52 61 8 31 48 95 13 61 36 44 78 72 51 34 15 75 82 83 17 65 46 
79 16 86 37 24 73 52 45 28 63 4 83 84 10 65 95 1 30 89 19 42 15 0 4 59 7 71 21 35 55 41 23 84 41 44 97 55 97 22 85 90 71 77 73 52 33 28 24 96 18 45 84 94 75 91 35 40 62 95 11 1 
28 26 48 93 25 12 21 32 72 65 61 74 12 50 21 5 33 9 95 56 49 89 60 0 16 99 79 54 79 73 70 45 22 25 76 98 63 54 57 17 50 61 22 57 33 84 76 62 86 67 56 95 67 84 20 3 67 70 97 99 34 
43 26 98 62 39 55 56 92 30 17 85 87 67 11 34 88 39 31 34 93 14 13 87 49 0 9 72 5 18 32 77 38 44 19 22 14 13 31 80 72 89 11 92 53 30 91 20 41 23 48 9 64 5 54 30 41 77 86 41 36 6 
53 8 59 76 93 29 24 99 49 66 53 79 50 79 72 21 87 49 91 71 6 31 76 26 54 0 96 86 26 60 92 21 62 10 89 96 35 46 85 8 26 88 82 43 4 72 91 76 78 7 72 57 95 18 53 96 35 38 5 42 31 
27 17 72 81 56 77 35 96 97 78 33 32 5 92 19 78 22 39 62 13 40 42 27 56 52 71 0 90 40 7 97 32 20 25 81 4 40 3 86 5 93 64 66 37 62 12 42 46 73 25 26 54 50 98 15 1 10 88 18 98 34 
94 42 54 89 64 48 79 98 39 10 27 81 6 72 62 7 28 91 45 12 22 27 41 87 35 87 98 0 41 20 42 20 87 30 98 45 72 21 63 1 50 7 18 56 89 36 55 2 98 49 17 80 42 39 2 74 24 84 90 98 9 
31 92 99 6 63 1 22 51 6 76 76 21 82 82 9 20 71 23 1 82 76 34 22 14 58 17 20 97 0 36 30 53 26 21 20 62 74 94 99 61 87 64 85 42 72 72 42 26 87 75 56 37 11 53 39 1 90 87 55 78 16 
34 74 15 16 71 46 55 51 52 61 94 6 2 8 20 73 17 74 84 71 97 23 38 68 71 11 22 52 38 0 13 33 48 94 5 72 29 49 78 72 18 40 25 48 78 92 11 25 67 97 20 68 53 65 65 46 80 74 19 55 95 
87 27 23 17 58 98 7 93 34 95 7 57 6 25 86 76 28 53 8 67 4 28 4 17 31 20 26 52 9 91 0 28 91 77 90 28 88 55 19 81 51 23 87 54 8 50 7 94 25 4 40 60 40 27 40 87 48 17 94 90 85 
45 70 52 85 50 99 98 33 40 23 74 96 85 43 42 81 80 77 45 40 59 26 78 80 71 53 99 55 60 74 89 0 34 3 44 99 77 43 78 51 89 75 42 89 53 36 70 9 99 35 7 98 20 62 78 14 20 56 30 22 16 
38 65 65 79 93 58 3 13 53 80 58 19 29 97 18 84 30 43 69 93 16 65 53 1 43 57 12 81 52 60 57 64 0 50 99 6 20 52 78 8 78 51 89 16 53 78 72 81 83 5 39 24 7 58 79 11 88 37 58 51 55 
36 30 74 84 70 6 84 85 30 76 78 47 40 91 96 37 29 47 51 75 20 93 13 10 61 72 90 54 25 23 4 85 37 0 37 38 35 67 72 61 62 58 55 25 20 20 74 2 29 95 93 39 87 82 31 36 81 89 40 5 77 
48 70 79 68 22 86 83 43 41 59 97 82 95 38 56 81 82 10 19 54 45 67 95 37 73 80 69 99 95 7 69 53 48 1 0 62 66 7 8 62 83 66 72 18 32 14 85 51 1 1 35 58 76 92 52 86 3 20 34 51 48 
35 98 91 33 56 31 61 41 67 22 64 42 78 47 87 36 91 94 57 25 53 1 3 91 7 42 62 94 91 2 41 27 81 65 57 0 72 89 94 55 37 41 7 35 72 82 77 62 39 22 76 61 84 86 77 3 7 80 50 19 82 
9 36 56 41 69 14 62 84 57 13 13 73 57 12 49 77 55 68 97 16 52 70 50 95 89 72 33 9 67 41 92 80 91 97 91 82 0 68 9 91 20 58 85 7 43 52 14 30 65 97 5 8 25 46 50 50 6 21 33 72 67 
35 48 2 57 16 24 61 45 6 20 57 28 54 31 68 91 77 68 60 33 29 32 22 1 93 62 60 38 63 96 72 30 19 60 7 24 52 0 34 6 91 28 63 32 36 41 15 45 10 85 64 29 18 76 56 7 97 91 60 19 23 
35 54 21 64 3 82 43 46 37 21 60 87 81 33 23 79 22 97 66 33 36 20 28 74 14 11 78 91 81 95 91 32 19 89 36 67 80 24 0 33 76 4 21 85 75 10 10 49 78 7 18 77 72 42 71 79 35 96 70 32 75 
41 88 70 61 57 82 11 27 36 46 65 55 54 93 45 31 80 83 50 7 96 97 42 93 84 97 53 80 91 31 10 91 24 78 90 26 77 76 61 0 81 42 6 24 68 5 14 76 34 20 24 37 79 26 48 55 89 88 12 13 8 
47 77 57 99 92 82 92 56 79 91 31 80 68 16 18 25 27 26 51 42 85 49 61 10 70 91 46 12 1 43 18 6 79 88 23 50 83 35 61 57 0 81 19 51 34 12 67 34 13 57 2 56 73 46 73 70 76 29 4 35 29 
30 43 85 13 18 37 54 1 90 29 1 15 11 70 91 46 66 30 63 23 98 90 16 45 26 61 55 81 52 20 99 7 21 74 68 60 94 45 62 46 68 0 35 62 65 82 54 59 62 82 14 61 42 6 29 93 44 94 93 89 34 
10 42 91 28 58 82 75 16 54 32 56 86 13 99 53 35 19 24 57 41 29 25 54 46 52 19 65 17 23 88 13 91 34 44 89 91 43 49 43 71 79 64 0 14 56 52 66 73 5 93 44 95 6 28 12 54 71 21 6 93 50 
46 20 92 22 37 16 8 82 44 48 67 59 66 12 36 2 1 54 66 90 15 85 60 97 74 45 63 18 33 2 32 12 53 14 22 18 50 67 79 70 45 55 24 0 89 39 63 13 46 38 5 67 43 58 81 86 34 55 83 74 81 
38 50 79 80 19 65 86 1 57 6 84 39 12 38 31 34 57 37 51 30 48 66 49 13 99 60 5 56 28 92 45 72 24 37 58 8 96 9 73 30 78 52 29 43 0 83 65 24 22 55 66 53 79 77 87 16 18 9 21 49 39 
83 66 76 68 94 34 21 53 18 60 26 25 19 34 62 49 44 47 39 41 77 64 99 4 1 39 46 38 17 47 6 52 80 96 18 58 8 60 23 1 72 45 55 30 66 0 9 21 15 75 32 89 11 35 43 62 84 25 90 14 1 
74 6 22 71 41 57 59 13 79 88 54 23 94 4 52 52 45 99 67 40 50 23 75 23 49 98 90 77 64 74 79 40 79 82 24 73 14 5 35 25 45 76 49 13 36 7 0 34 47 74 85 3 84 76 20 4 69 17 23 38 80 
94 81 35 51 82 55 72 35 7 3 7 63 91 53 66 1 36 76 30 82 53 50 77 72 79 34 28 93 91 88 2 47 50 80 63 18 3 62 1 9 57 45 89 86 6 66 23 0 24 20 88 27 17 98 71 16 13 51 47 55 61 
25 64 37 74 72 45 37 86 47 33 81 16 62 14 94 54 58 63 70 42 91 23 88 6 21 6 2 18 31 96 3 64 29 89 9 40 14 50 73 72 14 59 59 55 33 75 32 34 0 51 47 70 36 54 96 34 1 7 60 62 26 
11 29 75 65 95 85 4 67 70 34 16 13 97 77 70 62 61 48 82 97 24 66 45 37 57 25 18 38 43 53 29 76 71 19 62 94 13 56 7 94 40 2 87 97 31 61 38 18 98 0 69 47 41 86 80 20 17 16 59 71 86 
50 72 83 31 69 46 37 40 69 39 27 95 31 79 94 62 23 92 84 91 34 80 78 35 34 25 88 21 98 22 63 93 21 68 85 26 61 26 7 41 4 92 40 14 39 2 72 63 37 32 0 15 11 10 90 45 13 43 44 32 42 
51 45 42 23 30 85 11 49 50 87 47 95 4 84 6 21 35 18 32 33 46 90 73 53 75 9 83 26 93 49 69 65 78 36 89 6 38 26 49 34 90 60 20 58 84 71 50 41 36 10 86 0 65 5 76 76 89 76 32 72 82 
8 76 84 37 10 27 96 55 55 61 41 18 20 89 68 50 72 51 64 48 97 32 10 50 1 34 64 94 84 81 16 38 9 18 82 35 98 92 69 51 65 78 64 29 63 61 64 30 18 22 22 19 0 40 81 39 74 30 21 67 41 
19 83 43 17 79 69 94 21 2 22 91 41 41 87 45 51 42 73 53 48 93 11 10 12 21 12 38 69 48 31 9 10 33 90 6 58 62 53 45 1 69 18 68 78 13 83 50 19 43 63 4 87 91 0 81 63 61 59 55 67 96 
25 18 46 41 18 9 55 32 98 64 81 97 20 10 68 80 17 73 62 11 9 69 19 11 81 80 51 31 61 35 56 94 27 60 17 24 67 46 53 4 74 15 49 5 76 24 61 80 50 4 17 57 99 2 0 58 20 40 6 60 93 
71 71 45 42 87 1 50 24 97 89 76 57 86 35 21 95 18 92 20 40 80 91 40 97 2 26 51 87 11 37 1 8 19 38 17 27 48 26 47 17 69 90 30 19 85 95 15 84 21 5 60 59 37 91 13 0 60 60 79 27 14 
81 67 14 72 92 52 60 94 20 96 28 42 54 32 36 10 84 5 51 14 43 10 82 72 39 24 39 9 18 76 1 27 48 35 99 45 81 54 73 37 77 58 48 66 56 11 5 86 38 43 66 49 37 44 78 37 0 45 87 91 90 
77 48 21 75 97 19 39 87 95 8 86 9 57 86 78 6 35 53 73 56 71 83 85 34 23 60 48 25 75 24 38 55 86 41 59 74 42 3 29 80 57 63 35 46 17 23 21 6 70 62 7 90 38 35 37 75 65 0 85 53 60 
48 33 42 42 4 85 99 67 23 85 54 44 54 64 65 72 84 72 13 88 57 56 84 96 42 50 46 18 84 6 90 95 42 24 3 31 68 28 62 31 77 96 11 2 73 92 93 21 40 25 86 77 2 88 89 46 53 3 0 49 96 
43 80 43 22 24 12 16 84 46 63 64 28 47 57 42 35 27 24 27 35 25 52 26 19 35 79 91 79 31 26 88 38 24 48 13 32 37 72 16 26 35 12 23 81 62 54 9 26 57 14 31 55 19 73 2 81 17 91 26 0 85 
56 16 91 76 37 91 28 79 96 29 27 18 9 90 95 46 9 53 97 10 36 56 49 50 41 61 92 53 82 78 21 94 45 57 88 29 75 49 64 60 90 64 35 53 74 42 82 20 38 26 97 4 35 12 62 3 25 67 83 92 0 
