35 5 
0 35 21 94 46 83 12 93 97 79 8 89 22 51 12 30 20 39 76 12 75 52 2 62 7 49 74 74 89 59 1 48 48 84 87 99 31 75 88 86 41 55 80 25 98 29 54 60 60 77 13 1 24 26 51 60 8 46 47 62 64 96 46 88 33 54 7 11 98 50 50 
22 0 40 45 66 80 35 1 80 41 79 54 80 68 10 49 90 42 25 77 81 89 36 14 90 8 91 25 95 16 35 23 47 46 67 30 45 49 62 66 29 16 67 21 53 69 93 21 83 60 27 98 96 36 58 78 93 69 29 84 17 71 22 53 63 66 97 90 62 75 13 
71 41 0 84 82 74 26 93 81 74 61 18 41 44 90 4 47 21 86 11 37 97 19 19 37 65 68 94 16 81 66 96 17 45 60 57 86 13 43 17 9 80 80 25 99 12 98 19 12 99 34 72 22 96 23 34 85 79 61 82 95 23 51 88 47 93 50 98 44 50 64 
77 40 50 0 17 37 78 8 20 72 62 20 37 76 86 40 42 14 47 48 31 61 24 25 42 73 58 22 47 54 86 41 28 32 59 80 65 85 93 25 74 98 90 53 86 92 24 63 57 94 92 33 2 90 32 85 22 32 86 25 44 79 60 87 54 39 68 45 25 6 60 
40 53 58 15 0 19 65 92 16 92 65 87 32 4 12 50 92 18 60 35 67 50 59 11 8 27 1 58 77 86 68 11 17 87 91 26 39 25 19 81 28 64 48 19 88 40 44 15 61 57 56 17 45 67 69 62 35 87 16 88 15 78 56 62 61 89 8 98 76 30 1 
41 52 93 16 40 0 44 32 52 90 85 1 92 83 68 75 17 65 75 9 49 1 58 80 16 44 26 87 12 21 20 24 8 51 33 76 80 3 42 54 74 34 90 35 12 89 46 14 87 31 27 47 58 6 72 19 47 7 33 82 14 92 45 47 58 71 27 34 65 74 96 
99 32 98 85 52 96 0 87 94 85 41 4 68 61 88 49 21 82 98 19 65 56 19 94 76 95 38 85 90 42 16 85 67 41 43 48 53 9 16 54 28 58 1 41 46 16 29 49 30 94 29 90 40 86 11 37 22 51 99 72 48 99 18 42 54 59 54 50 76 59 89 
40 61 5 24 33 27 4 0 37 44 92 70 12 27 64 95 5 99 34 73 22 71 9 73 77 40 94 91 74 72 15 56 41 82 53 30 93 32 45 14 49 64 60 89 64 57 67 70 32 75 84 17 64 7 82 83 97 76 52 36 9 13 62 12 46 57 83 76 70 25 82 
17 60 58 9 96 76 1 9 0 31 54 4 61 84 42 12 20 57 64 30 71 35 62 40 74 61 95 36 91 91 59 59 31 14 88 49 7 67 91 37 65 84 15 48 30 62 23 41 73 37 5 78 59 86 5 91 22 93 39 68 70 62 52 7 54 29 18 35 1 15 47 
10 13 33 11 24 56 59 16 85 0 30 82 92 9 98 61 48 94 13 39 71 54 66 4 78 45 79 83 26 56 38 91 34 29 22 67 6 10 43 54 33 63 40 69 52 15 69 42 68 43 14 28 48 3 9 7 25 64 46 78 95 92 96 41 66 12 46 54 28 23 35 
3 21 77 41 73 69 39 21 60 73 0 95 26 21 14 57 50 32 60 90 11 13 50 42 23 96 24 26 50 47 90 74 54 37 64 4 69 34 57 5 62 48 14 76 88 39 37 81 10 93 85 28 54 26 37 59 55 46 23 69 65 87 22 81 33 74 91 42 55 92 76 
57 78 90 54 51 72 41 34 11 25 19 0 35 29 42 64 81 43 87 92 71 69 80 15 32 11 73 37 69 67 99 52 48 38 92 42 1 50 31 79 12 59 91 90 20 32 79 59 7 33 91 30 51 41 65 9 18 40 28 47 36 85 22 55 38 40 75 9 95 10 60 
16 98 24 81 34 52 66 5 27 60 46 29 0 7 89 42 98 29 96 47 34 41 39 46 15 97 57 43 7 44 54 5 25 28 11 18 71 85 13 4 82 8 9 73 63 8 46 13 48 82 40 35 39 54 40 41 34 65 69 6 32 57 38 81 58 76 88 11 23 49 64 
1 87 71 66 26 54 83 82 18 18 20 9 8 0 72 63 4 98 62 74 89 82 54 66 88 53 55 8 14 60 59 78 77 96 49 91 85 98 17 31 23 78 99 94 11 77 40 82 84 25 92 49 36 13 69 5 54 1 76 78 8 41 65 34 63 18 10 18 85 5 94 
29 27 61 14 73 18 71 41 43 19 51 39 1 15 0 7 13 4 34 62 81 16 93 72 46 42 41 61 81 2 68 39 40 20 22 38 42 5 67 58 13 87 74 36 97 38 99 4 36 84 58 9 40 5 32 25 67 49 36 75 36 96 22 94 36 10 85 79 79 87 19 
95 94 20 42 24 34 88 26 28 29 20 50 8 26 77 0 48 72 58 24 33 26 10 71 50 9 49 36 22 82 90 71 64 56 30 1 34 34 11 37 22 95 18 27 45 14 88 48 16 88 89 43 41 53 69 74 71 74 56 22 46 51 92 57 30 39 10 77 97 42 47 
54 49 35 9 17 66 95 27 2 1 50 80 3 25 73 21 0 23 43 45 58 4 11 65 8 58 4 25 37 96 3 66 1 4 10 93 36 2 64 97 68 56 20 34 96 99 19 39 85 42 42 79 81 43 89 93 69 42 42 81 82 38 67 80 92 25 99 66 16 84 73 
72 87 11 72 68 77 54 49 27 36 62 24 73 88 20 6 88 0 88 31 69 54 64 91 70 36 30 58 44 68 14 61 11 78 41 94 84 66 49 21 99 96 55 3 90 65 21 90 3 33 92 3 99 86 75 8 40 94 48 43 50 10 90 79 4 7 87 81 52 96 18 
51 54 54 4 30 71 41 12 76 7 76 84 28 2 13 34 92 56 0 58 94 12 57 35 98 14 17 55 62 67 34 85 11 87 46 23 99 12 84 77 23 75 3 38 74 52 48 45 22 68 59 14 98 53 28 18 32 19 29 42 25 68 97 92 96 49 74 17 38 96 82 
12 3 13 94 93 99 66 22 29 36 82 99 72 21 35 70 85 45 9 0 50 56 24 33 34 94 38 74 21 8 79 56 42 37 74 39 25 33 69 23 13 7 90 29 78 90 46 29 60 55 13 76 33 61 42 16 86 55 74 8 66 26 44 96 67 8 12 1 50 30 29 
32 59 60 40 5 81 71 29 89 55 83 57 6 10 21 66 70 14 87 91 0 94 37 85 89 2 26 83 49 51 52 98 24 22 27 4 97 29 96 70 58 33 3 95 16 23 23 29 37 95 66 44 29 97 40 68 88 9 1 2 34 37 97 97 41 76 13 81 12 68 78 
90 53 3 82 22 43 81 59 62 75 72 79 9 89 28 87 16 96 17 33 60 0 4 57 18 47 76 47 64 54 4 71 87 28 86 22 26 49 82 91 54 46 21 11 19 6 31 74 47 89 45 8 17 27 68 36 47 78 38 95 18 67 77 82 43 47 28 63 1 11 26 
5 79 36 70 27 71 99 79 85 21 27 45 11 94 89 77 28 81 75 36 57 41 0 70 37 16 54 29 42 14 84 56 43 4 23 28 64 28 31 13 60 14 63 23 3 53 81 57 1 9 27 50 68 47 97 73 12 98 23 6 62 14 78 21 58 81 48 66 55 81 30 
50 34 87 33 6 69 45 55 73 53 23 87 36 91 83 34 95 16 98 86 28 84 82 0 36 48 38 15 59 9 24 32 7 97 92 17 3 7 64 70 66 78 16 99 32 47 44 16 92 36 38 85 63 30 32 14 79 11 1 48 88 80 89 25 71 7 5 77 17 31 90 
48 66 73 14 93 33 85 13 14 42 49 12 17 77 39 84 77 24 4 25 76 71 23 21 0 94 27 50 87 43 95 63 17 34 24 54 56 13 77 86 37 64 50 83 63 71 52 60 26 55 91 6 69 63 41 44 69 96 82 42 14 98 82 93 87 28 41 14 32 59 47 
69 62 38 41 49 99 96 82 98 11 68 40 83 57 33 46 67 31 31 55 12 44 33 3 55 0 66 39 49 75 50 59 3 23 19 83 53 22 95 49 66 51 79 64 85 95 52 57 36 3 13 35 65 16 55 83 7 5 27 13 80 95 30 67 8 24 67 90 19 31 84 
49 55 87 6 94 85 6 50 46 44 11 81 81 62 17 94 11 87 77 65 25 45 13 86 75 78 0 13 90 67 9 50 59 65 31 48 54 29 51 98 11 45 54 11 19 65 83 74 4 59 33 60 60 9 42 57 41 7 72 89 10 82 57 64 62 56 14 60 83 14 44 
63 17 41 95 9 63 16 86 84 79 56 56 10 75 20 46 29 57 84 21 45 90 89 88 90 61 83 0 63 59 18 69 13 20 40 73 82 94 66 23 86 77 94 31 63 27 30 38 57 67 32 25 65 87 28 5 72 37 6 68 48 15 40 14 17 4 36 52 68 96 73 
90 90 33 74 78 42 29 25 44 76 24 51 20 36 61 26 73 57 24 5 15 48 85 56 1 58 22 81 0 99 43 87 81 44 35 75 4 28 29 75 41 27 61 75 12 71 53 94 88 96 23 54 88 91 58 73 96 86 35 43 77 29 28 73 18 32 48 29 47 88 33 
53 54 30 63 69 7 3 88 69 1 6 71 14 36 32 82 5 7 67 93 55 28 9 74 79 30 79 90 14 0 71 17 3 66 61 18 77 91 47 80 57 11 28 4 97 35 9 11 96 24 68 48 58 32 88 4 38 28 85 40 67 82 49 13 96 42 24 32 31 13 83 
14 59 32 81 27 74 82 21 49 79 4 81 12 41 25 31 47 15 54 15 17 82 2 27 53 83 83 8 48 53 0 64 35 10 6 51 65 56 57 92 15 83 6 60 11 33 87 97 23 75 98 8 22 40 15 40 58 55 70 33 41 63 2 78 22 83 67 80 32 42 92 
39 2 62 76 42 21 16 61 62 78 76 64 39 3 44 50 41 75 72 86 87 40 69 67 42 79 8 68 2 78 68 0 77 84 38 46 92 50 5 76 34 92 98 31 81 28 86 76 74 9 74 73 53 73 80 55 56 79 50 2 26 70 51 20 48 76 16 42 50 27 10 
72 6 30 24 87 53 19 21 39 88 88 99 91 40 39 8 54 8 14 20 83 64 60 85 59 76 21 4 52 91 58 62 0 30 59 27 58 23 60 48 89 83 6 24 57 89 37 93 61 36 55 75 88 69 85 64 53 36 65 21 98 73 13 6 75 82 93 49 80 87 28 
4 77 68 15 34 69 76 4 27 81 12 42 72 27 14 67 53 47 37 7 86 96 50 36 59 63 78 47 59 26 52 88 7 0 57 50 68 36 93 77 56 7 43 37 60 16 77 47 60 31 29 66 96 19 17 79 31 92 18 55 32 33 54 37 44 71 22 11 54 63 60 
94 50 71 25 79 79 71 8 74 28 10 74 15 82 96 96 18 94 89 18 46 24 64 52 65 48 66 21 48 98 50 19 60 23 0 16 2 97 72 87 43 62 27 74 40 18 52 95 15 38 10 28 67 76 94 90 46 65 5 64 48 87 70 91 40 65 11 55 13 31 52 
80 28 56 16 57 18 15 13 35 29 70 54 93 55 13 61 65 80 96 52 6 92 45 11 11 76 59 65 1 70 31 55 91 71 43 0 2 66 4 38 75 36 61 78 22 31 41 59 1 7 74 48 35 86 60 77 51 94 86 21 20 35 62 20 65 44 29 8 55 19 60 
9 60 34 37 42 33 72 66 45 30 81 69 17 48 32 40 28 31 8 79 37 82 43 80 24 69 60 84 36 29 80 49 50 51 63 60 0 40 4 68 28 75 49 48 67 15 53 15 10 99 83 93 34 24 14 91 61 36 93 79 36 98 76 82 38 37 65 3 57 39 23 
12 7 63 80 27 90 64 10 25 39 26 11 15 94 7 25 80 82 53 99 12 98 9 61 84 19 64 47 50 65 71 85 8 8 89 93 73 0 65 24 93 91 34 57 68 28 25 75 90 11 16 44 12 28 11 88 58 3 21 15 51 14 93 60 16 87 19 30 5 10 25 
87 94 66 85 51 70 15 94 66 95 36 82 63 14 88 97 40 73 10 37 81 55 24 24 87 83 92 96 11 50 6 57 28 65 44 92 51 72 0 74 47 10 9 5 79 56 20 36 37 81 81 14 92 55 61 12 57 52 74 67 43 28 92 33 3 61 32 24 27 58 40 
75 74 75 32 49 17 83 20 61 21 91 99 25 89 59 44 61 35 31 25 61 57 20 82 37 81 69 52 68 74 72 84 11 62 72 23 11 54 98 0 37 21 60 57 51 13 91 84 40 49 7 62 79 1 41 45 15 86 75 64 95 96 65 65 43 53 35 44 3 85 2 
8 38 83 68 23 91 23 13 25 78 32 43 38 91 65 96 49 15 76 82 45 22 12 7 81 20 50 42 87 39 9 2 17 68 37 25 36 67 13 5 0 72 41 58 71 16 79 42 12 17 59 14 2 72 28 40 9 72 13 63 53 80 51 46 28 89 46 23 98 65 44 
97 81 14 8 58 69 64 24 83 82 36 95 70 82 28 59 55 90 88 24 54 23 62 27 94 80 38 80 44 15 43 69 98 50 49 92 97 84 38 28 75 0 89 2 69 87 30 86 63 40 42 63 49 27 58 57 19 94 76 10 6 62 36 56 1 86 3 23 45 79 2 
16 26 91 95 61 83 67 77 70 13 56 26 2 24 65 38 51 49 64 62 2 4 16 92 76 12 32 72 55 83 28 67 9 63 23 56 82 75 56 14 68 61 0 29 92 79 79 17 63 27 19 61 26 26 1 31 56 44 66 21 8 77 27 48 68 22 29 63 80 24 8 
15 52 5 79 35 56 30 71 67 26 92 91 91 86 62 54 91 32 44 72 61 47 59 68 66 8 59 68 8 42 88 7 29 98 32 51 62 93 33 51 73 47 63 0 82 32 34 88 4 77 25 9 95 98 21 46 28 97 19 2 59 84 79 73 75 71 46 73 24 18 34 
62 40 83 34 79 93 21 91 81 90 30 68 29 22 34 96 60 62 54 44 18 13 60 31 19 20 14 19 52 93 48 18 65 13 90 43 79 43 68 89 8 34 73 44 0 19 28 27 3 67 87 62 1 55 28 30 47 92 15 1 26 35 78 41 45 71 94 35 48 37 7 
92 6 57 72 21 77 62 28 61 27 35 61 20 6 40 18 7 5 58 16 64 44 41 5 9 60 94 5 53 64 93 58 68 16 60 67 3 24 33 86 65 27 81 35 83 0 34 80 87 30 89 80 89 15 17 55 38 74 28 17 42 57 9 33 45 25 35 21 86 76 40 
48 62 81 5 86 47 57 14 62 2 94 29 77 27 51 8 16 73 8 41 41 60 47 69 99 16 73 86 62 24 78 98 81 52 35 67 47 27 88 28 59 27 23 66 53 95 0 73 88 42 71 21 91 59 3 8 66 83 23 43 33 99 46 93 51 72 73 66 29 77 67 
13 56 57 80 22 7 66 17 81 48 71 71 24 1 74 30 96 3 66 11 7 69 28 56 18 93 85 83 72 71 27 91 1 88 41 23 57 93 71 23 79 3 86 33 35 29 49 0 5 71 9 10 6 83 2 11 79 36 84 54 43 54 5 61 48 81 1 83 35 49 67 
42 71 11 22 24 61 54 90 11 90 18 14 47 24 61 75 21 56 80 65 44 34 30 56 30 28 38 1 63 37 90 13 35 32 33 53 29 53 26 72 79 82 20 6 20 3 53 78 0 61 66 57 4 82 23 18 96 52 27 88 61 52 79 48 16 14 22 74 48 39 36 
10 79 7 58 37 39 84 50 55 2 93 49 1 84 90 27 70 93 31 99 92 20 20 87 51 82 73 61 66 90 53 79 27 92 79 74 36 66 70 50 9 61 74 80 86 79 55 57 16 0 67 26 2 14 83 71 17 19 92 69 56 75 35 49 1 63 11 2 65 43 89 
92 91 80 60 18 98 27 21 4 85 19 69 87 81 51 96 77 96 24 46 50 91 26 15 69 94 5 90 55 77 99 92 90 82 14 65 72 7 32 39 83 82 27 46 9 64 31 89 17 54 0 96 77 57 17 32 27 96 35 99 71 55 64 62 33 48 59 54 14 33 22 
21 66 56 32 12 50 49 91 57 54 95 98 13 80 80 42 82 63 98 68 91 57 79 1 49 69 85 24 30 70 76 63 68 55 82 67 53 84 83 57 85 29 11 12 66 27 25 53 37 66 7 0 65 34 40 83 81 18 32 97 71 58 48 93 55 6 9 73 3 6 30 
37 86 46 57 1 24 46 23 24 87 13 19 2 28 58 37 74 51 43 56 56 97 50 74 40 18 92 64 68 4 81 46 81 78 36 57 88 43 79 24 43 21 40 96 84 15 88 76 92 79 13 69 0 47 64 68 7 42 34 22 54 28 46 91 70 26 50 59 9 76 67 
56 47 46 74 33 75 31 10 61 87 15 56 32 92 28 88 43 33 61 11 72 4 18 46 50 49 90 29 94 53 92 30 63 27 23 49 64 14 43 54 60 41 83 92 4 49 97 18 85 8 57 16 65 0 81 44 92 37 64 67 66 89 44 28 57 83 20 55 18 89 8 
7 28 49 79 14 79 50 92 73 48 92 20 30 85 71 73 19 9 68 65 29 77 4 58 68 1 24 53 58 33 93 40 15 32 22 80 61 14 89 28 92 32 70 78 85 83 17 68 57 95 18 19 2 4 0 91 37 3 35 88 34 47 88 76 98 31 42 11 18 43 99 
53 65 59 21 58 88 71 59 53 24 49 53 76 6 25 41 28 6 72 21 10 83 5 22 78 55 87 48 93 4 60 7 93 47 46 19 59 58 9 59 44 28 33 51 19 96 82 12 74 16 65 45 94 12 30 0 52 50 83 60 93 27 60 66 92 95 10 10 46 68 40 
29 52 12 91 12 38 34 70 24 21 55 37 13 4 88 37 59 55 26 1 49 44 82 73 52 61 39 29 23 17 54 22 4 5 62 15 29 45 16 73 60 32 19 90 13 38 50 72 85 89 37 61 8 20 96 38 0 30 29 24 4 17 15 52 69 11 95 67 95 39 75 
34 70 55 67 55 20 63 90 15 80 72 74 20 25 62 19 39 99 36 8 57 62 56 90 82 19 4 44 73 83 57 46 85 79 73 3 16 30 66 87 82 28 93 11 76 48 30 82 33 33 79 4 64 51 59 32 86 0 11 47 46 86 44 77 32 55 32 68 21 3 10 
31 67 71 49 25 55 2 55 15 10 99 14 13 66 28 84 80 29 97 16 52 84 63 6 15 17 12 68 40 13 18 89 69 97 74 93 89 28 17 26 79 15 70 20 95 15 84 8 59 5 38 67 95 64 83 21 1 94 0 92 68 69 25 42 65 27 92 55 78 17 43 
58 11 70 41 56 63 29 36 16 40 88 95 70 26 39 69 15 73 9 13 28 35 45 8 58 82 7 77 85 90 95 43 28 95 88 58 43 14 33 27 86 25 77 80 95 53 6 69 53 1 36 16 90 82 60 60 42 67 19 0 34 84 45 63 69 61 44 28 67 7 39 
12 97 20 41 1 51 38 46 68 62 64 5 67 81 3 84 53 34 75 81 26 83 4 18 87 40 14 17 83 10 72 70 26 13 2 32 77 31 17 20 63 69 90 51 77 80 49 32 99 76 95 25 14 80 89 50 71 62 47 88 0 70 28 91 90 36 76 49 64 74 89 
84 92 86 3 70 49 69 86 45 34 17 26 7 93 28 78 45 97 49 23 23 58 79 30 91 31 11 85 98 78 10 21 99 48 72 48 87 93 32 93 25 81 30 27 56 92 93 91 33 80 32 57 81 54 49 10 93 64 10 29 84 0 57 43 91 77 90 55 36 87 78 
24 33 21 66 12 52 11 76 8 67 57 41 86 89 95 97 43 19 57 99 15 33 68 17 54 46 95 58 94 84 21 72 29 93 41 48 4 74 66 60 3 40 11 89 69 44 51 81 43 34 21 19 60 25 15 51 66 28 28 11 43 48 0 88 91 30 89 59 94 38 75 
34 21 89 39 6 39 93 59 59 95 4 70 41 29 86 68 54 10 87 63 48 88 54 13 72 17 53 7 16 96 68 16 58 29 77 43 73 57 1 93 98 52 45 69 46 13 70 66 27 88 93 1 39 87 87 31 63 98 36 83 84 44 87 0 96 80 25 94 55 10 45 
89 11 67 30 49 98 30 56 98 15 63 49 7 4 83 41 10 84 91 57 46 94 92 31 77 41 64 60 16 91 10 39 72 72 77 48 78 34 21 19 63 42 32 50 65 90 55 62 99 10 99 87 61 86 81 1 47 87 59 96 10 38 38 21 0 42 95 29 91 84 29 
78 81 53 36 55 54 97 79 51 2 27 1 81 69 90 41 17 72 22 79 53 65 79 57 85 1 70 4 84 2 25 28 40 81 67 65 19 70 30 39 34 19 5 95 33 90 92 49 71 96 94 18 25 45 22 73 78 68 90 82 83 7 77 61 71 0 29 37 89 22 68 
45 30 67 13 23 24 13 37 92 62 81 84 7 21 5 16 76 34 43 46 91 75 1 52 32 59 84 70 28 98 76 75 95 94 37 36 74 87 1 72 88 60 90 59 32 95 62 53 52 90 12 40 18 31 13 29 30 99 22 12 29 84 4 10 2 28 0 62 50 2 78 
27 91 60 72 85 39 99 73 92 54 48 42 86 57 94 71 24 52 60 71 26 1 12 20 32 28 72 64 51 7 16 98 26 18 19 88 32 83 41 83 27 26 95 12 87 58 13 55 99 78 96 28 3 18 48 58 88 99 6 91 47 6 59 94 51 84 7 0 20 35 39 
35 33 32 5 90 56 90 3 14 12 7 58 14 16 57 1 41 43 40 72 70 35 82 19 2 13 97 89 47 74 24 19 75 92 41 53 41 21 57 60 96 98 87 89 74 91 92 6 80 70 69 9 2 33 24 37 9 97 70 80 55 14 62 83 54 51 64 6 0 9 15 
14 7 84 59 4 44 78 61 33 4 38 12 80 36 32 93 37 4 49 55 26 42 17 32 50 13 49 84 8 36 54 36 61 76 40 53 20 7 31 39 41 4 96 96 98 52 46 43 65 54 54 33 37 28 52 99 1 92 82 15 36 93 96 84 32 21 27 51 58 0 76 
29 92 16 34 93 43 95 22 33 58 91 24 74 26 70 61 7 37 63 4 45 22 34 51 97 27 93 68 49 28 19 2 95 52 84 56 7 74 10 86 47 80 67 35 25 80 95 48 15 17 60 79 27 22 18 30 73 58 28 73 93 78 8 95 39 80 74 72 73 27 0 
