40 2 
0 52 82 15 23 99 60 35 48 24 33 24 40 53 83 99 33 62 62 24 5 79 77 76 23 37 46 63 42 54 10 2 60 41 55 73 61 5 87 56 96 46 40 62 44 79 36 7 81 10 61 46 32 9 63 97 62 90 73 80 58 4 79 21 55 87 51 82 2 23 84 32 66 16 75 91 98 60 17 98 77 
15 0 57 50 96 46 42 89 60 61 12 28 67 18 94 73 64 63 13 68 57 97 92 94 42 62 11 93 12 74 43 15 8 81 82 67 63 98 73 22 20 23 3 91 63 47 54 17 84 43 76 56 71 54 67 51 80 38 22 20 16 26 41 53 80 41 1 77 43 91 8 14 94 65 47 94 79 79 73 31 12 
22 82 0 7 87 15 32 91 87 99 71 13 59 84 64 22 46 3 13 37 74 70 25 58 92 32 76 53 22 6 85 80 1 81 24 96 68 51 53 37 1 17 3 82 37 76 25 38 47 27 72 90 15 14 76 24 68 5 75 64 75 78 3 33 23 32 87 12 59 32 64 89 47 27 52 60 96 11 14 4 75 
69 26 76 0 29 10 16 43 58 31 72 76 20 75 81 73 60 72 43 30 38 41 1 88 82 98 65 46 94 77 69 68 9 89 55 58 92 50 46 2 72 10 72 70 69 63 43 97 7 75 66 68 41 45 39 27 93 66 90 5 78 45 85 10 33 92 44 8 63 78 46 18 33 83 33 50 14 43 15 96 26 
40 12 63 10 0 63 16 91 12 2 23 26 31 2 23 40 56 75 73 45 88 8 32 40 30 58 36 37 22 97 65 49 71 95 57 48 92 49 80 14 94 98 21 11 33 72 36 2 86 10 8 28 73 85 44 49 74 40 30 56 71 80 37 72 70 2 31 29 25 14 12 34 8 53 45 9 45 93 95 78 42 
4 4 29 59 41 0 13 12 91 42 61 90 94 98 86 11 97 31 49 5 25 39 49 57 13 75 64 62 97 26 45 38 16 19 73 22 19 68 31 29 32 54 33 8 91 24 92 9 7 39 31 36 40 85 99 43 13 82 70 72 30 55 9 20 1 26 93 17 6 46 11 18 8 42 56 86 3 57 42 66 64 
66 96 95 57 25 7 0 54 35 32 67 44 68 24 99 45 28 13 75 73 55 68 96 63 39 17 33 7 88 36 22 2 90 39 53 80 29 39 12 98 43 36 91 52 15 74 38 66 32 19 10 21 33 76 59 8 74 51 17 57 36 75 35 67 42 75 58 1 98 16 92 98 45 27 93 2 29 31 96 79 43 
10 69 20 21 11 96 10 0 77 63 40 60 63 13 50 17 33 64 97 38 63 48 24 97 85 42 32 99 39 57 90 54 75 54 89 38 12 31 45 65 52 74 30 6 37 6 78 8 20 42 18 58 84 86 94 69 62 5 67 65 48 1 2 47 57 2 69 75 78 49 78 1 64 42 89 71 59 3 15 19 83 
81 84 51 48 98 92 80 25 0 86 88 56 54 17 29 74 95 53 35 91 38 69 4 93 12 19 17 29 55 13 36 40 51 76 87 77 80 27 33 28 20 96 63 68 4 49 39 71 39 6 74 88 94 3 98 51 41 62 97 53 86 3 83 25 72 99 55 12 14 28 32 23 49 59 56 65 84 91 65 96 16 
14 63 79 11 53 46 29 52 39 0 8 96 28 67 89 13 53 33 86 4 7 1 46 10 97 71 91 76 21 34 37 62 71 75 26 75 99 60 97 69 7 6 68 29 50 2 14 65 70 11 84 89 7 90 72 42 60 28 38 54 1 71 83 40 5 12 73 29 40 44 91 32 36 60 5 6 20 42 58 78 54 
66 94 18 3 17 65 1 37 99 68 0 45 81 14 29 21 53 2 11 75 83 69 23 27 24 53 95 55 31 64 70 24 79 96 18 94 44 4 24 91 96 75 80 33 98 83 95 36 70 13 33 38 45 95 41 49 32 45 27 54 17 62 72 68 8 79 4 5 87 16 60 47 99 64 2 79 95 5 64 18 2 
31 42 33 88 82 6 69 65 20 53 92 0 91 89 18 24 79 55 54 67 91 87 94 71 75 23 13 87 13 93 4 34 81 22 80 43 6 24 86 27 10 36 76 25 67 55 82 46 77 33 25 3 35 6 29 48 6 1 79 29 52 6 26 3 35 19 61 47 95 84 52 83 37 15 37 13 64 98 68 37 44 
4 87 8 37 10 34 43 39 80 25 58 9 0 39 17 2 8 62 60 51 58 7 5 65 47 16 8 86 2 84 14 67 16 91 44 15 48 34 13 11 72 96 75 70 73 36 33 81 15 69 90 29 2 66 67 79 14 78 99 52 6 11 57 50 17 49 82 83 54 36 29 23 66 28 3 60 35 29 75 54 14 
7 43 72 9 33 99 53 55 56 47 98 26 41 0 24 85 87 78 92 59 87 51 27 33 17 4 56 76 17 32 6 12 6 33 88 37 67 32 35 46 10 42 24 27 28 4 93 77 77 56 51 15 75 94 53 21 2 23 6 86 25 21 92 48 99 41 87 27 34 35 60 76 36 91 15 88 76 83 77 25 95 
58 49 62 19 25 49 39 73 31 79 59 30 5 46 0 44 40 56 69 32 96 47 42 10 78 57 9 73 61 57 91 51 38 64 47 55 50 56 1 72 22 65 13 86 76 49 53 13 25 7 54 78 95 48 13 71 72 99 32 79 20 25 75 24 24 49 21 6 60 76 84 53 41 52 44 73 67 60 70 71 32 
50 40 70 92 47 8 49 73 97 17 17 98 24 63 18 0 54 38 19 43 75 90 95 14 82 75 95 41 47 64 78 7 80 19 95 93 87 41 83 23 50 34 80 46 80 60 78 18 81 34 36 15 47 20 9 82 27 61 17 44 38 24 53 3 53 99 8 46 65 82 13 91 18 8 24 86 59 6 15 84 77 
5 22 4 64 87 69 19 78 13 80 48 17 45 63 53 64 0 98 28 96 62 93 87 74 49 15 9 61 73 31 79 68 63 53 19 98 58 59 70 67 11 67 60 45 94 66 68 49 49 73 57 27 8 52 63 36 98 96 55 8 88 65 87 46 56 8 53 98 85 75 19 53 87 19 7 66 4 27 34 51 47 
42 76 70 1 31 90 38 50 48 90 48 95 71 5 88 13 70 0 76 6 98 96 49 75 84 64 68 86 44 11 89 90 15 53 57 27 44 22 33 11 68 45 99 75 97 73 87 55 96 91 63 96 63 46 38 89 83 76 42 25 28 94 82 63 68 72 76 58 77 88 25 59 58 75 69 61 13 27 73 80 37 
2 35 56 10 47 22 48 55 63 65 82 33 48 50 77 20 38 70 0 6 64 93 67 71 56 26 75 30 65 38 1 13 64 32 32 35 47 14 75 10 14 34 92 92 40 87 42 59 28 68 53 15 83 65 49 66 94 16 28 35 23 40 40 82 92 18 56 14 54 15 26 50 27 26 47 74 32 93 91 91 99 
10 62 30 72 39 61 20 48 22 54 26 38 11 10 14 1 83 63 12 0 74 2 75 62 30 38 71 33 53 82 15 73 46 45 40 87 51 97 78 36 57 48 51 59 62 83 14 67 27 84 98 5 80 55 44 25 39 15 8 88 37 90 64 37 19 11 51 63 84 42 71 18 23 13 81 50 34 84 60 65 62 
45 85 95 62 32 18 62 79 21 11 44 30 47 58 89 79 39 93 37 8 0 66 56 85 52 39 88 31 51 48 85 3 51 63 29 60 28 52 48 9 8 97 33 96 51 13 98 26 57 22 70 69 5 92 11 42 94 79 39 67 14 86 2 39 66 27 27 30 89 96 49 19 51 93 10 90 35 84 83 24 29 
82 80 13 32 15 14 51 67 17 96 54 35 65 30 1 44 40 1 16 76 39 0 23 35 28 45 88 89 51 89 18 58 91 78 69 23 19 57 38 68 86 70 14 43 42 23 56 46 50 95 35 78 58 73 46 99 6 51 85 1 80 18 31 92 29 42 97 10 83 38 52 49 75 47 80 42 20 93 77 39 42 
87 76 27 13 39 77 89 67 46 92 12 31 47 25 97 42 36 59 74 6 89 41 0 67 75 61 93 20 44 73 71 99 78 59 76 47 57 14 96 76 21 94 28 23 56 6 97 23 39 97 66 35 99 3 88 88 4 97 97 15 85 15 85 97 9 63 2 99 80 20 83 34 46 8 68 11 43 83 61 59 91 
45 14 23 52 82 57 72 79 49 70 32 67 54 94 55 47 79 73 45 10 98 84 5 0 34 20 5 40 42 6 56 11 7 13 8 67 52 6 64 98 67 74 95 43 66 48 59 31 49 71 1 59 82 33 81 30 22 73 46 61 68 28 9 10 1 2 50 6 10 88 8 66 51 49 45 37 80 42 42 69 15 
3 45 42 42 95 45 95 55 10 52 65 15 74 62 15 53 47 86 85 89 16 39 57 62 0 39 43 91 84 49 36 58 97 9 31 20 45 62 6 61 10 16 15 23 70 90 64 59 54 43 4 15 71 48 21 28 55 67 1 83 91 51 30 70 57 28 1 40 2 78 17 81 25 72 6 76 67 7 12 4 77 
85 99 99 39 68 39 48 15 28 13 46 39 83 15 87 6 97 53 97 67 71 41 45 76 69 0 22 77 45 88 37 81 58 25 70 57 40 97 77 91 97 15 9 78 43 45 28 60 64 61 82 47 40 10 16 13 97 67 2 60 53 17 54 30 45 41 4 5 17 66 21 46 15 46 78 74 78 67 92 48 95 
25 88 99 88 39 88 21 59 69 85 47 28 21 73 53 4 96 27 66 53 61 60 61 85 34 56 0 95 7 54 30 36 26 16 78 11 7 14 46 29 92 58 6 42 69 52 7 67 86 67 41 46 96 79 77 41 93 73 41 66 12 75 51 64 21 22 36 97 36 14 95 66 11 94 31 85 50 37 90 99 30 
68 37 82 88 86 75 4 14 43 98 70 67 6 3 12 30 97 40 87 60 80 89 73 59 45 58 38 0 34 63 6 74 39 57 49 82 87 26 43 78 36 22 28 49 91 66 82 8 81 72 90 90 2 28 59 71 89 53 93 1 44 11 32 22 32 13 76 99 40 68 62 26 49 3 27 47 93 87 85 93 88 
42 35 94 87 46 93 47 36 8 99 37 12 6 26 64 42 20 10 48 29 81 56 31 53 85 18 50 56 0 30 54 94 26 34 10 40 68 72 32 7 17 60 98 28 96 73 61 58 28 61 30 92 76 15 53 49 99 57 51 6 21 54 28 71 24 83 31 40 69 50 78 19 44 24 53 7 21 54 81 29 79 
73 23 72 11 5 3 6 62 68 43 92 13 22 28 17 63 13 21 25 50 31 6 96 11 59 41 21 8 22 0 76 95 36 63 99 67 66 29 69 45 2 14 19 15 94 9 99 53 40 10 72 69 20 93 4 69 82 32 17 41 91 36 10 87 72 99 35 89 81 10 46 59 16 83 43 40 89 38 56 47 40 
60 33 62 75 82 51 90 54 46 61 61 46 96 21 48 25 15 29 38 3 52 49 91 37 68 87 13 5 68 99 0 16 74 95 87 4 42 76 92 9 81 43 11 86 61 65 42 44 81 17 97 78 42 23 53 45 58 37 59 54 54 6 68 40 76 56 74 4 93 92 46 64 17 29 47 95 60 48 65 91 36 
82 92 87 76 22 99 10 80 58 29 93 15 5 96 47 75 13 52 51 95 66 36 57 30 76 61 90 75 48 79 88 0 38 48 24 73 34 52 85 12 11 73 95 47 58 53 13 8 49 31 11 17 32 74 53 4 90 12 93 4 2 28 95 41 78 96 67 44 57 43 29 52 54 8 78 31 38 37 84 62 13 
30 60 46 7 81 71 41 94 64 3 55 86 9 12 73 29 30 29 14 12 16 62 37 38 59 74 66 38 62 99 60 50 0 2 44 32 18 72 35 40 97 68 6 27 24 95 65 46 27 51 81 45 31 20 6 61 65 75 84 94 53 34 95 16 56 25 73 73 27 35 90 78 10 73 8 47 50 41 38 37 9 
26 56 71 37 8 35 87 72 37 64 88 93 55 19 10 73 16 11 54 83 15 23 25 62 40 61 57 89 72 69 44 84 51 0 83 27 33 94 40 76 34 92 92 21 79 93 60 18 16 93 24 63 6 99 95 38 29 1 30 1 45 80 42 81 47 76 25 51 91 5 4 99 23 43 52 99 67 65 20 61 71 
96 21 58 68 52 17 3 67 20 90 26 57 11 71 2 44 71 52 15 23 31 14 55 32 4 72 99 90 59 21 39 73 88 53 0 69 44 91 50 61 27 17 98 61 12 73 86 63 80 94 34 83 17 89 76 16 62 38 27 65 80 34 48 76 15 96 8 3 33 38 62 60 9 65 74 66 92 30 79 14 77 
48 15 96 85 88 17 5 2 74 16 93 58 92 29 49 82 71 33 74 22 17 94 91 82 25 27 67 38 24 21 21 54 65 39 88 0 72 6 27 23 62 97 35 61 74 27 1 58 84 16 97 4 77 80 27 61 78 30 45 68 15 50 5 54 20 98 50 19 75 91 3 61 73 1 63 64 95 84 31 57 48 
50 96 14 3 10 32 28 75 50 69 7 33 62 11 35 86 57 25 75 67 93 78 48 9 8 41 75 31 5 15 52 76 32 70 7 69 0 17 19 25 88 72 91 83 51 23 96 31 10 18 97 98 82 57 46 1 24 25 13 50 38 3 64 10 97 38 98 46 41 79 93 97 73 78 21 84 60 10 12 57 94 
51 81 94 73 67 89 26 51 31 72 88 29 18 58 49 93 25 16 1 53 92 96 65 99 12 82 48 6 30 78 56 25 40 56 17 14 82 0 46 48 46 70 31 12 68 60 13 63 92 67 57 22 95 62 20 23 79 85 74 5 25 75 93 38 42 73 35 40 75 26 66 90 17 68 63 72 90 90 80 7 32 
59 59 45 50 28 56 27 61 85 55 82 74 23 8 38 73 18 75 51 87 98 38 66 44 1 17 82 94 38 72 48 34 75 19 54 35 61 59 0 30 58 47 78 46 51 58 84 94 35 62 6 66 66 29 68 93 62 82 30 17 43 37 60 66 94 76 63 31 71 29 21 68 65 85 79 88 82 78 86 97 54 
23 41 8 79 2 63 80 27 32 13 52 84 3 70 1 81 47 96 40 40 46 75 18 45 6 86 80 13 19 12 88 20 26 19 36 79 28 16 50 0 26 79 37 5 31 35 59 59 5 61 67 93 62 86 93 73 29 78 47 62 37 70 38 81 99 52 78 33 16 39 9 75 39 58 87 33 24 22 40 89 69 
44 8 96 94 84 80 35 12 30 99 30 79 11 80 98 80 70 22 45 12 13 77 42 77 35 50 33 32 62 71 77 43 72 70 90 86 47 1 91 18 0 34 40 6 65 58 26 82 25 65 62 21 62 17 55 85 9 98 59 2 69 43 4 99 88 33 90 54 83 61 65 92 2 17 13 70 16 6 50 94 31 
80 77 58 19 23 89 24 22 32 65 56 53 94 24 96 6 82 82 63 17 64 67 9 8 16 41 79 51 2 29 81 90 21 50 54 29 15 35 91 20 41 0 64 81 99 94 9 92 36 75 82 56 78 52 1 90 91 86 82 58 11 65 13 46 49 13 90 39 82 84 93 34 6 25 85 99 36 81 28 76 99 
23 38 74 54 5 37 35 77 22 52 38 93 52 70 83 37 14 9 40 18 41 6 4 76 25 90 1 97 55 83 98 3 10 51 41 84 88 47 29 10 29 46 0 39 65 93 55 57 8 79 99 55 37 41 59 96 25 30 21 63 3 72 26 7 65 37 93 39 57 83 29 52 49 20 53 16 45 87 63 55 69 
23 17 63 20 61 99 4 51 39 12 58 87 71 75 64 76 61 72 1 67 82 54 13 16 7 21 81 29 57 4 18 49 45 39 93 50 9 3 52 6 97 30 54 0 62 61 26 64 24 41 46 61 57 13 84 92 65 24 57 21 70 88 65 89 29 46 87 99 36 69 47 45 33 59 86 9 50 98 64 32 39 
23 53 64 91 15 59 34 4 74 27 83 88 74 23 89 19 71 88 30 88 83 44 54 68 80 74 44 94 33 13 10 44 23 14 56 61 27 16 74 68 52 17 54 15 0 90 83 55 74 83 67 2 98 38 95 23 28 92 45 48 67 94 66 97 51 38 57 23 94 22 76 46 92 55 39 14 84 32 89 19 77 
20 18 2 97 45 13 16 75 31 38 8 13 35 65 73 2 83 13 9 33 26 3 79 91 34 88 96 14 15 43 81 28 60 90 25 77 36 90 52 61 84 71 70 43 26 0 35 52 94 88 79 54 54 66 94 28 98 87 1 26 57 54 75 98 91 92 13 18 46 47 49 71 29 18 8 7 56 8 11 57 97 
55 57 42 33 14 67 65 26 11 59 84 46 48 81 73 71 11 93 16 77 56 6 6 54 42 96 41 72 31 16 56 79 6 80 94 66 62 82 36 42 40 89 90 88 77 32 0 30 91 79 88 75 52 63 80 73 14 74 70 27 69 15 2 79 24 47 67 33 34 49 97 29 72 98 62 79 49 22 72 90 50 
38 80 45 6 86 78 70 61 8 39 15 8 93 14 64 6 75 95 97 67 4 84 64 55 4 26 69 46 30 19 87 36 44 9 44 59 76 78 15 18 51 52 7 88 74 79 35 0 81 17 62 6 99 27 82 33 88 39 7 53 45 61 39 35 27 1 68 21 40 50 57 17 62 77 91 97 67 45 86 67 8 
22 62 64 37 76 73 15 58 3 84 20 35 99 72 94 63 82 57 97 4 3 25 32 17 96 84 83 13 23 47 52 70 59 86 28 74 92 40 99 21 9 49 86 81 27 44 80 19 0 28 21 17 88 3 31 34 30 57 89 96 48 18 1 43 87 50 35 63 35 33 40 31 26 59 84 47 70 3 91 63 93 
40 31 49 85 64 67 6 41 76 81 51 19 62 36 45 72 89 55 62 46 6 85 55 47 80 43 75 70 17 32 93 45 67 26 47 52 46 35 55 53 4 79 71 30 80 52 8 64 9 0 6 37 8 11 99 22 12 77 38 3 19 27 71 61 83 39 70 20 71 58 12 95 3 17 9 74 79 19 12 23 29 
15 96 74 27 42 97 15 51 32 47 10 64 35 17 41 19 12 29 69 38 40 60 52 52 30 62 6 68 4 60 12 12 27 7 88 9 35 37 16 33 92 35 95 18 75 66 94 84 46 58 0 84 51 61 37 72 42 44 14 24 91 55 99 2 32 32 41 99 2 2 56 40 78 63 76 84 97 13 43 66 17 
14 68 51 34 50 53 45 85 55 67 83 64 76 15 28 90 49 38 20 31 78 57 16 28 1 97 3 59 26 12 74 12 98 88 74 30 13 44 12 35 75 9 74 4 4 34 7 90 57 31 16 0 93 1 24 28 61 46 98 73 33 47 75 67 74 97 16 84 65 69 31 5 58 2 1 34 79 71 20 21 91 
94 75 30 17 3 20 59 15 85 46 79 72 7 41 79 14 48 2 19 88 4 34 53 37 73 38 82 90 26 48 28 54 94 71 84 17 41 45 5 29 74 76 84 6 33 68 57 92 24 75 63 50 0 66 54 68 9 25 64 88 20 26 48 76 23 35 31 58 29 90 82 53 36 59 99 92 75 57 15 92 7 
41 1 16 13 27 60 9 40 17 92 76 49 14 58 13 7 98 77 20 75 15 60 92 62 90 63 61 3 70 19 83 17 56 5 65 99 75 72 12 9 59 10 70 11 87 49 35 99 79 53 34 63 45 0 64 22 17 2 87 33 83 22 46 57 83 83 70 21 71 67 27 7 46 99 27 30 88 72 83 57 58 
71 21 46 12 3 53 51 92 91 20 53 69 9 39 36 82 69 35 21 58 21 5 1 74 47 91 75 42 88 8 81 38 1 65 62 14 25 63 41 26 25 23 70 49 89 8 6 38 45 58 95 70 16 79 0 81 56 38 1 6 50 92 99 48 31 45 16 75 36 94 61 35 25 80 79 70 14 88 63 97 7 
35 13 17 24 68 34 44 91 38 97 65 62 73 33 45 46 16 10 67 73 72 10 61 87 92 47 40 83 1 55 82 88 2 9 18 37 14 79 44 97 91 7 92 81 69 50 22 36 42 44 16 50 18 4 55 0 64 35 81 53 19 42 38 1 90 19 28 34 38 28 7 3 38 68 58 94 20 78 86 65 53 
79 25 36 24 36 38 33 8 76 92 32 24 32 66 62 67 44 30 26 73 31 97 81 11 68 66 35 9 50 30 95 63 22 23 97 15 67 30 88 62 29 84 67 36 74 36 75 50 83 74 97 71 93 53 35 68 0 74 94 44 65 47 13 51 52 37 82 66 3 86 62 86 6 76 92 16 19 83 76 56 57 
49 84 52 99 34 15 1 44 20 79 64 55 30 70 36 36 99 37 8 42 75 33 9 77 74 28 16 63 38 11 6 23 18 88 48 66 78 85 43 75 60 20 26 70 73 82 14 69 91 57 46 52 37 77 9 83 50 0 42 29 86 57 45 98 48 71 95 3 49 55 27 90 10 58 86 75 24 35 70 26 41 
51 7 68 94 88 74 73 36 46 57 84 37 30 67 35 13 35 61 94 2 76 9 91 7 93 31 78 66 31 48 66 92 16 92 80 31 9 10 61 3 36 98 42 85 10 76 16 57 82 60 26 29 83 64 78 26 70 12 0 38 61 22 60 77 47 9 58 42 59 57 96 83 19 10 40 45 86 52 35 46 25 
74 2 51 36 41 1 71 36 44 8 97 49 87 3 59 13 6 16 49 94 47 45 71 9 29 13 4 99 23 68 61 96 45 56 21 84 77 42 28 35 43 29 62 44 98 96 31 95 87 59 61 2 62 78 26 78 65 76 29 0 12 23 91 81 26 84 14 5 38 2 39 86 95 16 29 43 50 36 3 98 23 
76 63 33 46 82 67 55 75 9 15 3 13 68 82 86 96 81 80 14 71 99 44 61 45 54 14 72 96 7 64 12 55 90 31 82 87 48 45 32 8 35 90 97 64 33 8 36 84 47 68 91 95 14 86 26 50 89 85 2 93 0 59 90 42 26 35 92 43 90 26 52 5 30 39 72 65 46 6 9 75 16 
28 87 87 22 23 82 66 57 89 23 91 29 3 9 81 84 59 33 21 73 47 71 54 56 31 83 80 81 26 63 56 95 31 73 55 17 57 28 81 81 5 46 65 59 57 71 5 22 14 70 20 32 55 79 67 49 16 52 74 55 92 0 37 40 21 99 61 31 83 97 7 34 28 57 25 28 53 23 33 17 18 
25 3 77 90 80 3 42 14 85 32 17 25 24 47 5 46 68 92 56 24 23 11 28 88 64 65 43 62 80 17 35 82 14 79 5 8 46 67 71 94 70 2 74 67 35 76 40 83 23 18 98 44 73 45 82 68 88 66 64 81 91 29 0 64 66 2 40 36 63 33 48 12 87 50 79 34 80 18 48 22 68 
76 49 15 72 60 80 67 38 96 7 11 81 59 65 23 96 49 79 56 67 78 16 79 8 20 78 54 19 17 65 25 56 35 21 26 33 60 99 46 32 40 66 8 11 89 87 72 74 60 34 22 26 38 80 78 71 37 37 83 17 51 62 58 0 41 76 31 45 18 87 98 77 62 51 26 75 48 41 7 3 27 
11 87 74 90 34 50 60 17 32 74 9 93 66 85 54 93 70 75 35 70 39 90 51 37 77 5 6 71 69 66 93 69 64 1 82 52 40 60 7 41 83 58 84 97 63 7 69 86 75 31 89 87 14 22 4 6 12 34 55 89 85 4 56 91 0 26 95 79 23 27 51 43 48 72 72 28 67 2 7 39 18 
19 62 2 90 50 56 9 70 75 57 69 15 32 52 86 98 25 46 47 62 61 94 63 97 30 44 4 65 62 20 26 95 69 60 66 58 9 65 40 74 95 66 91 81 11 47 99 70 79 22 67 14 81 61 78 54 71 69 70 73 31 6 67 17 25 0 31 44 48 90 55 41 65 67 3 21 83 22 96 85 13 
25 30 58 10 48 87 49 22 65 30 94 86 67 64 48 62 8 44 38 41 88 75 7 9 12 17 9 77 97 74 61 71 46 15 1 18 77 72 6 15 67 76 34 37 87 89 42 52 51 32 74 32 51 49 5 29 4 49 30 26 94 53 70 82 29 1 0 25 56 15 44 32 89 7 56 54 90 88 24 62 85 
97 65 65 50 64 87 34 38 33 95 83 89 89 85 40 90 41 17 68 78 57 2 99 38 5 55 73 86 44 79 98 71 29 26 88 88 74 42 71 92 31 69 36 14 87 50 82 24 45 43 62 23 26 61 30 37 68 88 60 14 27 3 80 4 21 37 85 0 5 91 37 26 58 9 73 80 44 58 41 35 8 
40 12 16 49 26 18 23 43 92 19 29 29 14 57 49 86 45 72 67 46 77 65 46 67 64 8 45 29 5 67 11 95 42 93 75 38 85 15 13 81 63 26 47 47 92 40 6 17 83 62 26 86 8 72 54 87 50 76 95 55 91 69 60 42 86 28 49 65 0 55 18 44 13 22 18 44 34 44 68 69 24 
46 33 10 44 40 93 43 39 98 35 3 63 29 35 22 45 64 7 27 96 84 27 11 30 24 23 79 71 88 59 40 82 41 99 66 79 78 54 64 38 98 96 7 80 51 6 62 1 52 44 20 23 62 53 6 2 37 45 46 25 84 94 68 68 49 27 52 24 85 0 91 76 12 80 71 66 60 92 8 56 80 
83 35 16 6 55 56 38 39 92 58 35 5 88 44 67 74 21 46 16 70 93 64 21 64 69 60 99 96 85 26 51 61 77 84 52 59 19 38 20 77 75 39 98 12 56 42 21 63 12 41 62 67 4 40 12 26 84 1 88 19 26 39 50 98 3 29 48 9 58 85 0 14 15 31 15 78 5 52 59 78 47 
35 57 7 13 23 43 81 49 14 5 1 97 61 8 68 82 65 76 79 26 66 32 59 64 97 55 48 29 66 16 89 10 86 45 5 95 31 55 13 75 76 50 30 68 82 74 86 24 97 85 42 13 53 73 95 76 57 22 61 32 27 75 80 94 28 35 34 75 7 81 59 0 86 32 45 9 6 94 92 7 22 
58 46 48 89 30 54 72 32 21 10 22 78 81 34 17 55 28 48 22 7 3 40 20 81 63 70 4 16 26 71 36 95 89 1 24 69 48 43 17 62 27 99 72 62 13 31 53 53 78 30 82 5 79 53 96 87 78 68 15 26 12 6 47 33 27 14 86 24 66 23 1 5 0 61 70 66 90 10 12 39 42 
28 68 51 14 39 42 48 32 93 59 67 54 67 77 94 82 51 42 11 4 43 65 31 6 19 85 77 11 74 53 16 41 59 73 17 78 73 18 3 71 45 71 57 69 47 73 74 72 78 27 54 1 77 29 67 57 45 21 66 25 37 83 9 68 81 75 46 88 59 78 14 88 86 0 82 26 48 17 37 40 43 
52 15 3 23 53 82 37 94 2 83 5 31 4 55 99 42 73 40 68 28 45 43 29 86 28 8 17 64 80 96 50 35 80 87 62 75 99 66 93 27 50 58 41 64 96 69 33 51 8 95 34 32 48 19 28 88 32 6 18 51 23 88 16 52 74 62 4 14 43 22 82 97 96 27 0 74 81 26 14 78 39 
89 81 86 30 10 57 95 28 46 16 63 87 14 63 9 91 42 72 39 39 78 58 34 85 57 35 16 24 29 3 21 5 22 69 54 77 27 85 55 73 5 68 94 9 14 89 12 78 56 99 47 83 97 29 22 34 45 66 28 47 7 60 59 94 80 7 33 58 90 33 88 85 17 45 80 0 1 5 10 18 48 
13 9 72 91 99 63 64 74 20 42 53 18 7 79 78 78 25 24 57 40 41 27 23 41 18 92 90 94 73 57 56 78 75 63 49 3 2 73 55 58 75 12 76 36 72 92 83 80 37 16 1 62 83 81 84 1 5 38 43 41 17 32 13 62 21 69 50 43 56 49 78 53 16 18 91 30 0 87 55 55 39 
4 18 57 6 50 52 74 96 34 54 99 21 22 56 47 5 28 12 53 35 18 98 60 3 26 92 38 17 55 31 39 47 50 63 33 1 61 48 4 89 77 18 67 31 34 26 81 91 80 25 62 60 80 12 4 64 91 20 45 97 76 2 66 29 33 42 51 78 95 10 52 96 45 65 84 39 95 0 62 69 75 
57 81 38 9 37 75 58 33 36 37 61 38 13 3 91 5 71 49 53 35 45 12 86 38 1 51 64 47 63 87 63 9 50 97 94 82 57 24 8 56 59 8 27 6 75 60 32 1 94 84 49 56 4 99 87 17 84 11 35 4 33 81 26 38 34 38 60 98 62 93 95 39 28 10 64 29 13 16 0 30 52 
92 71 6 39 79 48 29 54 7 19 46 16 32 46 92 4 58 87 61 76 69 93 48 62 18 95 50 92 47 12 27 59 77 24 74 82 24 83 70 15 18 72 60 35 7 55 43 24 46 25 50 81 41 53 76 57 41 82 54 25 90 15 38 20 92 69 53 95 5 90 85 81 80 53 88 84 52 53 42 0 51 
2 14 22 12 17 17 22 3 10 7 27 93 86 54 72 15 17 57 29 73 50 76 6 83 60 5 55 22 83 13 15 11 60 21 73 33 9 72 17 15 24 11 51 77 63 30 26 46 82 8 99 27 25 33 30 92 21 89 3 94 38 19 32 68 9 39 37 86 9 79 86 61 62 22 17 21 29 46 63 47 0 
