45 7 
0 24 83 27 67 50 12 20 33 50 32 35 96 8 46 61 93 52 90 73 23 81 55 45 40 71 34 45 25 13 70 47 92 4 20 3 34 40 74 70 13 87 80 64 31 78 43 52 85 58 89 90 5 70 34 3 60 26 64 42 37 5 50 13 97 82 30 19 45 37 45 81 47 25 54 83 48 25 45 79 84 26 49 87 66 47 62 29 41 88 21 
61 0 17 96 61 63 53 70 51 90 91 45 96 12 69 53 83 44 91 77 63 41 54 34 26 40 3 8 21 62 8 28 23 65 73 10 52 67 80 30 19 8 60 29 86 93 4 33 87 51 41 42 60 78 51 25 69 35 26 94 98 7 78 23 99 98 18 45 45 90 9 21 53 11 75 33 47 8 73 91 26 34 81 22 33 73 76 24 57 92 94 
7 96 0 54 4 60 77 10 70 16 75 65 15 49 71 63 55 76 63 56 1 32 15 85 46 72 49 99 64 46 72 22 48 11 67 17 32 58 31 90 43 82 29 21 24 38 46 16 48 45 34 91 82 32 92 40 1 72 94 15 91 57 96 19 1 28 48 11 90 45 8 54 90 22 46 49 30 38 41 22 55 66 37 87 11 7 19 71 12 74 84 
31 4 46 0 65 96 47 30 59 24 24 14 14 53 61 59 14 47 86 1 67 31 53 42 65 15 56 13 15 57 53 40 84 66 65 69 89 89 47 43 48 41 3 14 17 15 10 77 97 43 83 28 66 73 26 76 11 58 11 23 43 43 21 78 89 74 60 34 3 54 99 12 97 53 11 56 29 66 31 57 2 61 15 91 4 86 6 15 17 84 63 
63 1 18 46 0 2 95 42 53 94 43 83 31 37 18 69 57 28 16 74 2 46 85 55 69 14 75 8 33 22 71 75 7 72 93 73 21 82 31 50 78 51 3 26 58 20 67 11 35 24 22 84 19 33 21 62 77 53 8 73 20 24 22 94 99 1 33 40 42 20 24 74 47 92 55 47 57 23 35 3 3 77 74 89 39 63 12 53 11 94 41 
25 83 98 46 79 0 3 96 14 62 69 32 26 52 40 23 7 11 72 14 76 39 61 2 56 27 10 94 60 91 16 44 60 82 89 45 11 77 63 9 36 8 88 71 98 96 5 35 31 34 99 59 32 30 7 83 55 33 75 78 45 67 7 64 91 78 72 60 60 39 99 61 87 63 93 16 25 29 62 57 61 89 16 59 12 1 41 77 66 66 9 
43 28 74 24 20 52 0 63 22 65 45 25 72 28 91 58 32 52 24 74 15 39 80 35 82 87 33 38 35 1 21 29 44 88 63 73 19 21 94 3 91 26 4 27 67 5 20 65 24 97 81 9 14 77 95 70 44 10 64 60 8 93 55 73 9 63 37 18 49 34 44 10 88 32 65 81 16 59 57 43 96 11 79 79 55 21 14 29 86 63 33 
72 2 89 59 11 18 54 0 76 30 68 24 84 96 32 65 85 28 73 72 68 28 22 39 14 29 56 64 21 15 14 59 5 63 79 50 89 41 84 15 42 80 75 70 49 30 84 2 15 15 80 16 84 42 87 33 7 49 87 86 3 1 91 23 64 23 49 48 2 38 55 36 26 29 82 54 8 80 95 12 50 75 83 50 50 48 50 19 98 43 22 
27 92 52 10 82 5 96 27 0 43 67 95 54 95 91 66 22 67 13 8 77 90 54 18 98 6 90 48 19 45 15 23 69 60 43 15 56 95 15 92 31 58 38 92 12 91 4 81 11 30 2 42 28 64 93 7 98 84 46 4 60 26 36 66 89 47 49 67 70 96 30 65 18 6 84 74 24 5 21 60 26 55 30 30 67 99 85 24 63 54 6 
93 14 13 92 59 53 25 71 69 0 48 98 90 98 82 99 71 60 31 73 68 13 10 40 87 38 57 95 78 42 1 12 92 28 17 87 88 40 48 46 39 51 47 56 66 97 96 96 10 65 5 56 12 2 25 90 36 22 9 61 91 45 60 41 19 35 93 21 15 87 27 31 43 71 62 75 2 55 11 38 66 81 88 22 77 95 14 20 55 58 14 
56 66 10 33 98 42 12 55 85 22 0 89 93 57 36 54 92 75 45 6 13 58 36 25 18 45 46 3 60 65 39 51 44 86 36 75 90 42 28 71 73 3 93 15 29 44 51 84 32 98 43 1 90 11 92 80 9 52 71 73 88 82 75 53 55 3 94 91 21 79 8 9 87 13 90 60 59 99 19 21 5 66 21 80 84 1 60 98 41 22 17 
11 82 96 23 26 38 21 75 85 36 31 0 7 87 13 9 71 47 83 13 59 7 40 36 83 98 46 20 66 35 97 47 48 77 3 82 4 36 73 13 8 23 85 96 1 84 51 16 96 29 63 13 69 69 81 78 9 51 13 54 13 55 53 29 8 87 83 40 37 41 75 85 8 62 84 25 89 77 78 5 14 99 26 92 77 42 9 21 45 68 94 
91 35 94 3 34 11 68 98 29 85 22 78 0 50 67 17 7 25 14 34 89 56 30 68 49 29 47 98 8 97 37 83 96 14 3 86 17 29 63 46 76 72 33 78 25 58 8 48 74 65 71 7 70 91 67 93 91 78 94 50 41 45 57 79 79 89 99 95 96 4 98 78 17 45 30 97 5 19 39 16 62 65 82 80 84 64 53 21 71 55 83 
74 39 19 98 52 76 53 63 77 81 46 63 16 0 41 52 4 17 5 98 7 4 35 54 68 67 7 19 71 5 98 11 28 83 69 81 98 23 10 4 80 52 44 83 25 67 19 56 23 21 42 4 27 63 27 63 46 49 26 6 40 37 17 16 88 9 91 4 39 80 83 1 99 93 66 2 28 82 59 74 84 74 96 44 18 86 66 28 21 90 94 
64 58 14 90 94 51 72 93 60 88 28 95 98 67 0 5 93 13 58 50 28 15 38 89 38 14 93 12 59 62 18 22 94 11 39 76 86 69 88 13 69 97 38 6 96 36 43 52 45 50 62 75 12 75 29 10 33 81 24 63 97 12 18 56 62 37 55 81 17 7 72 8 45 81 11 12 4 10 9 87 46 14 25 26 20 21 60 9 22 38 91 
73 14 24 77 93 25 96 46 25 85 44 22 97 76 93 0 72 97 43 33 28 82 94 66 61 48 7 99 31 18 99 82 38 34 46 5 93 52 99 89 53 32 9 33 2 60 52 63 40 67 79 99 96 32 25 87 46 47 92 3 77 68 20 96 72 93 1 49 1 51 92 35 28 43 67 68 2 35 76 37 5 30 81 77 74 48 76 63 54 42 2 
99 3 48 33 86 2 95 96 59 55 5 4 7 40 21 50 0 28 79 63 28 41 72 9 76 3 42 74 17 39 78 77 95 2 14 9 46 13 31 38 44 82 65 92 34 88 8 6 2 35 40 52 9 39 6 52 32 71 94 14 65 92 48 76 13 9 53 67 88 91 70 96 71 83 9 27 57 55 48 46 77 17 3 63 26 82 52 58 22 56 60 
20 48 44 1 89 21 34 20 26 30 21 47 99 93 25 86 44 0 56 94 52 8 63 83 67 69 45 36 28 34 91 76 10 17 51 59 29 68 83 17 43 85 3 43 2 73 77 56 46 83 44 82 71 80 43 28 79 18 95 96 25 91 75 96 62 33 16 36 12 58 65 80 24 75 59 97 68 56 40 5 38 71 38 44 5 23 79 18 37 73 40 
58 23 63 64 63 85 78 56 99 88 40 86 19 22 66 20 20 72 0 98 17 91 94 70 95 12 91 28 40 10 58 82 89 44 86 50 17 89 52 76 89 9 3 48 27 36 38 53 35 97 26 41 99 58 35 55 12 66 45 21 32 3 72 73 51 21 69 35 41 35 84 72 39 32 55 58 76 25 4 8 61 65 39 5 2 2 49 16 86 36 53 
80 49 58 62 4 67 84 23 32 49 6 29 98 20 72 29 50 22 12 0 40 55 46 29 47 85 28 46 81 1 19 73 81 11 21 54 59 85 71 18 97 8 1 21 6 20 14 72 65 99 46 26 43 12 3 49 51 38 45 34 55 89 37 48 60 91 87 42 43 42 89 70 63 56 92 71 37 54 91 98 60 49 44 23 17 39 63 18 20 43 82 
99 11 22 31 10 69 95 24 81 42 18 23 96 29 43 21 68 78 1 47 0 76 5 49 62 18 73 67 80 23 75 90 60 18 19 12 12 79 45 74 59 84 37 4 32 39 55 6 62 82 3 63 47 11 43 28 48 49 99 73 7 73 13 81 27 99 81 86 13 77 36 18 62 95 81 1 41 88 74 75 68 12 7 93 52 97 29 85 10 90 65 
72 95 29 36 92 24 34 52 44 76 91 48 77 46 52 18 9 71 81 24 43 0 54 65 4 64 8 86 57 26 58 9 43 45 95 2 60 48 61 69 76 10 98 57 44 84 55 61 71 30 58 37 40 25 72 54 93 62 95 65 88 73 45 86 41 27 52 61 61 20 69 37 68 75 95 90 87 55 60 81 76 11 53 60 79 27 17 10 99 41 56 
35 70 17 97 93 58 12 59 15 84 80 7 63 17 5 85 47 75 79 50 4 89 0 31 48 23 27 57 2 72 7 9 95 48 48 77 3 49 76 93 56 91 50 70 82 65 25 89 82 78 82 93 76 58 5 88 91 56 84 95 12 13 24 20 30 95 97 56 24 89 81 85 24 89 24 21 70 77 33 46 20 96 80 45 42 25 14 4 19 66 25 
90 53 87 43 46 47 54 31 6 50 45 62 1 39 27 86 92 54 23 19 59 57 28 0 43 37 27 72 80 69 31 66 42 66 45 70 18 6 31 40 23 71 78 9 98 2 12 86 91 88 87 56 47 50 30 8 56 70 89 64 58 1 46 27 29 41 88 8 79 99 4 71 82 53 57 94 51 44 50 33 6 37 83 45 39 9 91 24 16 45 80 
64 13 58 28 91 90 86 90 11 7 29 71 17 46 26 35 51 17 40 83 82 24 93 43 0 58 86 74 24 85 19 4 39 4 10 7 1 53 45 54 51 62 40 84 95 12 67 32 15 99 97 67 85 81 99 56 5 82 1 18 55 79 62 86 42 4 88 33 40 35 16 69 62 39 66 53 3 87 79 25 92 47 3 23 46 82 19 27 97 20 99 
17 3 38 42 58 44 6 15 58 43 96 98 93 15 85 29 81 97 45 44 55 22 96 58 7 0 13 95 24 74 37 27 36 29 89 93 81 67 86 33 45 15 54 56 68 8 79 4 45 92 39 37 25 55 81 96 83 70 63 58 34 39 25 97 8 7 60 26 70 38 90 65 78 39 59 55 87 96 55 8 56 16 43 46 98 23 96 9 49 47 60 
95 28 22 61 70 14 63 71 84 27 26 71 59 92 2 92 26 23 89 61 17 19 95 56 53 17 0 52 6 84 67 3 30 68 43 86 8 57 44 44 94 26 3 86 12 24 51 81 51 97 11 33 70 30 51 64 23 39 41 67 77 77 47 92 21 81 84 97 42 23 89 34 90 92 57 76 7 36 84 73 33 26 83 82 76 5 61 83 33 61 94 
17 1 25 2 68 86 79 41 44 74 65 37 36 88 24 67 65 46 81 82 60 21 85 91 51 51 29 0 99 68 39 52 74 83 53 85 6 66 86 13 56 22 97 76 43 62 49 47 91 57 22 86 48 6 29 81 19 4 81 53 88 92 81 99 76 73 35 52 83 86 60 99 91 66 37 4 59 7 77 74 6 62 55 71 83 6 99 13 25 92 17 
81 59 94 6 72 12 9 30 55 64 60 8 24 59 8 48 42 73 34 3 63 99 87 47 85 73 52 89 0 4 62 47 77 50 21 61 91 87 79 39 84 47 41 30 92 95 96 25 24 54 6 12 58 84 65 99 49 18 71 50 62 13 37 8 22 42 30 14 86 97 75 20 43 59 99 60 20 4 52 96 1 26 27 1 74 45 35 38 24 30 70 
87 28 58 29 78 52 33 80 56 39 80 97 68 48 33 39 54 90 70 92 24 55 83 83 90 76 77 36 21 0 77 94 33 10 5 24 19 6 83 87 52 96 47 59 92 39 41 73 29 94 89 79 49 2 25 23 84 12 21 76 89 73 51 66 84 28 54 30 12 95 14 80 58 79 37 99 50 41 66 34 60 17 50 54 19 71 94 86 66 81 60 
93 32 88 80 64 59 95 89 58 16 8 83 98 72 30 70 33 33 71 58 5 74 54 43 15 37 1 66 85 69 0 79 88 61 25 44 75 29 6 26 79 88 53 39 72 93 17 9 38 98 46 93 99 19 34 93 16 35 70 98 98 60 41 73 24 27 14 12 8 55 47 89 39 86 89 20 43 83 17 76 1 4 89 38 8 50 85 1 98 21 39 
3 68 14 65 79 15 19 10 46 88 7 79 79 30 75 12 25 67 50 94 84 40 13 18 55 46 90 42 82 1 37 0 19 20 5 79 81 4 17 24 69 30 67 65 64 80 40 36 13 27 8 15 41 54 21 16 86 24 26 19 57 12 22 56 13 25 88 95 17 87 62 81 11 86 53 5 12 78 50 33 15 3 59 91 69 63 92 53 96 38 87 
4 30 54 14 93 75 64 6 31 14 84 19 64 7 91 6 58 98 64 20 33 63 82 59 39 83 13 51 12 56 91 65 0 62 91 64 9 41 36 82 52 38 65 40 67 57 14 35 53 66 16 48 69 67 93 66 28 62 38 45 93 19 78 19 2 32 11 15 55 18 8 12 42 53 46 66 12 51 74 73 95 49 37 24 73 55 17 38 95 98 1 
81 53 19 8 71 73 34 41 1 4 79 1 96 59 69 22 28 75 90 11 75 31 13 17 36 58 88 80 62 88 76 97 30 0 61 78 57 92 27 19 63 57 30 82 99 65 38 73 13 55 80 35 73 12 70 58 74 84 11 95 62 78 48 23 90 82 22 97 43 26 88 13 97 54 11 15 60 93 77 95 81 29 38 46 76 1 35 92 89 17 46 
29 71 61 32 15 73 18 90 21 16 63 80 7 68 40 60 72 47 25 42 57 84 86 21 36 29 82 95 51 21 5 12 64 10 0 67 28 58 24 1 20 41 28 80 98 67 69 41 44 39 87 6 69 72 70 23 87 4 93 23 51 48 81 80 83 71 61 62 17 39 44 60 95 7 58 77 55 5 92 98 9 21 43 39 16 62 95 50 22 79 50 
57 51 9 13 35 58 63 13 72 13 21 86 18 66 11 25 72 34 32 14 90 71 8 13 97 98 76 38 64 6 95 58 61 36 72 0 22 9 72 50 83 58 13 68 41 7 85 74 91 74 51 36 66 20 98 34 33 83 21 2 4 45 99 40 7 54 38 7 11 11 45 44 20 37 35 80 18 91 63 22 1 30 57 53 93 46 23 57 42 14 29 
69 35 29 37 37 63 18 94 64 76 84 45 53 64 2 68 86 53 74 70 64 42 40 1 8 2 71 58 35 11 6 39 89 4 35 80 0 68 25 98 80 7 28 4 99 93 43 35 53 72 95 26 98 12 18 70 87 90 76 55 86 62 62 61 53 59 84 26 65 52 30 39 55 56 91 36 92 34 37 54 65 77 27 78 78 90 30 3 72 74 48 
37 24 93 91 85 27 92 10 77 58 28 2 52 93 41 9 5 11 55 85 63 34 83 79 91 60 84 12 89 58 21 34 48 73 96 20 97 0 29 29 17 48 40 5 33 78 55 32 32 7 64 57 81 96 8 67 59 50 76 1 99 32 47 67 55 99 28 93 97 50 20 61 86 47 16 20 32 39 85 35 66 44 29 10 81 52 34 92 65 64 81 
11 79 49 26 51 75 74 41 28 97 89 71 60 64 61 18 38 2 83 34 38 8 13 57 89 46 81 43 68 56 2 31 76 45 38 34 61 24 0 2 48 10 10 59 47 42 22 75 54 3 79 97 21 27 84 31 33 74 92 44 62 31 97 11 4 54 43 43 95 80 21 53 48 91 44 81 35 26 18 76 82 77 52 94 61 43 75 82 92 22 38 
66 79 84 86 9 44 86 20 41 22 45 48 23 1 34 22 18 49 24 23 97 83 92 7 41 30 20 26 66 1 47 31 31 2 39 61 64 75 91 0 30 8 59 43 95 83 94 69 75 33 78 29 1 17 60 11 32 81 98 87 39 17 35 75 93 24 75 42 67 26 17 13 4 80 62 50 56 62 74 6 44 49 28 56 95 67 68 30 89 83 10 
72 86 65 20 73 44 36 27 10 64 85 2 4 92 11 45 37 83 33 24 68 73 59 26 22 26 78 51 6 40 94 8 89 8 45 96 87 4 37 64 0 97 42 13 66 81 37 57 3 86 92 96 1 80 77 87 24 34 5 50 97 4 32 68 56 61 20 58 76 67 5 3 42 3 78 85 97 71 83 13 53 4 21 76 83 89 47 6 68 49 92 
84 96 24 29 26 23 48 36 57 16 99 93 96 28 40 82 18 8 78 72 46 40 67 37 34 92 2 70 63 43 90 74 62 38 43 86 19 76 75 63 54 0 28 86 64 68 19 16 98 30 39 29 28 89 23 92 52 99 92 85 12 67 95 11 60 25 28 58 45 91 2 19 62 91 57 23 98 77 19 36 69 54 43 97 86 87 32 71 53 25 55 
57 13 82 19 53 43 23 13 76 40 64 74 12 24 14 40 82 60 63 42 94 84 87 2 66 4 84 88 86 53 77 3 11 88 12 85 49 84 8 79 11 27 0 85 88 69 55 93 32 48 40 72 72 29 61 1 67 77 19 42 58 7 23 11 10 22 11 7 37 59 94 97 77 79 72 28 68 57 51 37 33 64 8 75 78 42 10 37 37 42 59 
82 33 58 56 13 71 74 22 86 97 99 76 68 78 4 84 36 16 42 11 12 66 52 75 4 65 94 87 23 45 23 92 88 54 40 30 48 18 51 22 98 1 27 0 81 50 11 42 54 3 64 31 11 30 89 68 53 38 97 39 10 60 94 24 80 11 64 34 92 13 53 34 97 93 76 47 92 89 82 34 13 84 52 5 85 24 95 55 86 92 31 
91 64 70 16 15 15 79 95 58 9 22 40 49 54 13 67 91 51 1 35 29 51 6 76 76 16 19 34 67 20 54 18 57 4 69 97 88 91 25 34 39 32 5 50 0 36 16 56 18 85 31 5 89 46 74 45 98 64 63 32 48 17 14 95 52 27 29 90 38 91 66 98 24 75 69 3 59 58 41 73 1 74 72 8 3 34 73 55 60 86 3 
81 56 19 72 71 76 79 4 49 68 96 71 41 95 18 98 34 90 40 17 67 48 65 73 5 70 2 62 86 76 55 92 62 39 25 97 14 25 24 7 28 54 37 55 18 0 33 78 26 41 79 38 34 23 81 4 26 14 17 93 29 37 17 79 21 16 54 10 27 98 10 26 69 16 58 77 90 55 47 92 8 65 3 52 63 83 39 26 92 79 50 
19 49 70 58 89 25 63 30 5 15 56 53 53 8 55 14 95 94 73 44 64 36 65 44 15 33 12 27 41 12 65 53 60 94 59 89 69 2 87 58 84 73 48 67 2 82 0 19 94 45 64 31 73 4 72 57 14 57 89 44 86 23 93 51 93 59 17 11 64 79 32 46 82 62 41 87 42 12 36 54 37 70 43 38 22 67 81 45 7 73 25 
31 57 65 73 41 82 38 99 73 34 41 87 47 60 29 39 35 32 30 36 55 44 40 98 46 81 28 51 53 82 96 11 23 16 76 55 31 73 74 79 11 40 25 66 75 86 51 0 83 18 35 45 62 30 64 75 39 34 84 55 21 83 15 4 39 60 22 5 30 19 60 74 26 23 75 2 70 52 92 77 80 71 87 61 62 11 63 33 81 32 78 
95 87 28 82 55 49 70 21 80 7 92 27 14 82 82 38 45 46 84 4 9 42 6 20 70 84 2 54 83 64 92 5 38 30 39 51 38 95 21 10 60 35 5 40 88 53 35 27 0 24 30 13 48 78 40 98 90 48 90 23 75 97 76 99 90 22 19 34 81 94 50 27 3 15 66 9 88 51 21 83 12 40 84 18 70 41 87 4 39 53 5 
77 35 85 21 76 59 76 27 74 32 90 51 96 49 76 26 4 54 16 9 76 52 62 3 88 24 93 47 45 61 7 49 8 71 65 94 46 92 61 59 81 73 39 78 34 30 30 43 3 0 60 41 35 64 39 12 49 65 83 65 34 87 19 98 37 37 89 17 62 86 45 77 28 10 87 90 19 77 1 31 69 9 3 20 59 29 2 62 22 42 75 
75 4 3 51 24 57 25 92 77 47 30 24 31 1 42 87 47 61 95 39 48 61 11 17 12 60 9 21 44 26 40 16 47 9 67 2 11 83 80 66 64 78 40 83 65 74 41 60 51 16 0 95 98 20 76 6 53 54 69 14 83 89 85 3 67 35 47 29 89 35 75 52 23 31 98 99 30 47 92 6 61 14 69 5 72 84 12 56 96 33 86 
8 76 49 65 43 78 28 45 87 64 1 3 33 76 92 18 9 37 73 43 13 47 19 81 60 87 4 45 29 70 1 72 19 4 52 94 50 96 28 59 39 59 4 89 77 73 62 66 34 6 42 0 23 86 90 6 42 95 29 91 47 3 80 5 55 38 44 94 9 69 36 73 23 25 77 76 7 44 20 33 27 77 88 37 36 36 97 59 84 67 55 
43 36 90 29 93 66 32 91 30 48 28 92 47 56 68 89 5 47 29 37 8 83 12 16 36 21 12 63 10 75 25 69 65 71 74 19 12 96 81 4 6 9 99 17 91 89 1 76 30 80 40 29 0 73 34 77 22 80 97 95 83 28 74 9 50 67 80 53 2 7 76 23 67 91 53 24 19 34 37 60 95 8 36 48 17 20 30 27 74 8 37 
74 57 84 66 99 1 6 29 34 90 47 33 2 78 23 41 12 63 99 23 92 94 41 46 47 20 74 86 3 61 20 30 29 10 98 13 52 30 27 23 5 8 24 12 39 79 45 23 64 5 53 59 23 0 23 66 6 69 79 10 36 92 26 43 40 30 20 7 60 53 55 9 37 81 62 69 35 65 60 86 7 92 85 24 58 65 74 32 71 74 38 
45 25 98 80 32 25 74 55 67 87 47 79 19 7 71 48 24 50 20 66 3 81 38 10 16 60 76 6 20 74 83 16 89 97 28 9 79 2 12 21 83 45 95 39 56 77 53 34 25 93 1 19 25 62 0 72 4 86 68 27 42 80 80 30 16 93 59 53 83 89 44 26 95 65 21 24 80 72 29 88 33 53 4 83 14 22 28 20 71 58 50 
37 40 15 38 27 32 57 58 57 27 13 55 75 44 74 69 23 29 42 29 10 98 81 68 66 23 11 22 55 48 29 24 81 93 2 39 69 2 43 56 33 54 48 45 29 41 5 92 93 21 37 52 7 80 69 0 82 99 78 21 71 83 27 62 23 4 93 15 60 35 55 39 15 85 58 64 65 91 56 86 55 47 10 49 45 54 21 96 84 25 29 
87 51 2 33 65 34 8 32 85 88 64 19 91 65 22 5 33 51 84 6 53 98 10 88 29 61 49 88 29 90 34 16 12 29 58 12 14 57 61 53 61 24 62 91 60 99 99 80 33 40 29 80 5 29 89 60 0 20 24 25 17 41 98 64 54 6 67 91 91 92 60 42 10 63 33 5 61 82 6 7 88 35 82 6 90 44 72 98 62 63 14 
49 60 69 88 96 96 60 85 87 98 62 17 30 87 75 83 40 15 6 2 61 60 55 37 21 60 81 24 53 51 75 82 63 86 18 28 4 4 21 20 86 20 15 21 69 95 74 14 66 22 94 42 23 30 78 17 8 0 98 77 94 59 11 84 85 24 95 26 64 65 96 99 16 2 63 10 82 20 15 89 69 55 28 3 10 22 97 62 33 56 7 
31 59 56 66 39 95 79 95 14 35 95 10 25 39 14 91 12 19 59 93 86 9 28 88 46 26 50 70 70 83 49 73 20 54 81 60 23 30 96 29 42 42 3 36 92 67 68 29 64 20 47 63 39 86 39 86 18 56 0 74 73 11 12 76 84 12 29 1 21 41 49 29 9 13 11 80 24 34 66 31 96 91 63 51 87 95 60 54 71 19 15 
85 51 79 12 10 22 92 47 39 16 69 71 19 2 49 85 29 35 37 63 6 53 47 18 59 85 6 51 93 36 70 58 74 15 65 46 87 27 45 26 34 69 7 19 62 27 32 4 24 23 60 17 43 38 54 74 56 26 32 0 94 94 49 30 74 98 23 25 15 56 60 51 24 8 5 61 51 74 69 69 58 80 92 72 3 62 99 85 95 12 17 
91 66 56 77 12 68 12 25 11 35 12 80 40 94 66 65 44 23 18 97 49 99 29 46 28 46 24 2 30 94 9 20 32 23 23 69 79 29 75 87 39 64 76 98 18 61 43 13 4 46 28 87 91 86 63 94 1 56 16 46 0 6 39 19 36 86 25 35 93 13 8 86 84 7 83 65 69 85 18 68 20 94 82 68 55 97 72 97 86 74 51 
89 32 28 24 96 74 46 17 38 24 72 76 63 52 6 37 69 98 37 15 18 61 79 65 94 1 82 27 84 45 97 66 25 73 93 91 59 29 18 89 57 57 50 1 87 51 83 25 46 93 93 66 41 81 11 91 76 10 23 57 49 0 52 57 4 35 28 8 78 30 81 42 97 3 78 11 60 30 96 26 37 84 44 41 32 43 93 78 54 78 39 
71 94 58 81 84 41 55 23 89 49 35 34 92 28 10 96 65 80 72 91 63 36 45 60 46 24 39 55 59 37 26 20 19 41 46 86 60 82 5 86 51 27 65 23 22 23 2 73 78 94 15 71 22 84 36 88 92 16 95 10 91 51 0 51 81 8 9 13 77 30 41 66 94 39 47 81 89 23 32 77 10 94 84 1 89 51 11 56 74 6 21 
11 25 80 84 65 55 46 85 16 60 27 73 9 47 91 71 43 43 62 93 70 71 71 98 77 17 66 86 74 55 13 9 68 50 19 22 43 61 63 2 92 84 86 80 33 96 94 81 20 92 1 60 44 59 80 80 16 40 36 21 20 17 56 0 41 75 99 76 92 65 46 8 93 7 39 82 92 63 62 95 39 51 73 8 85 44 31 62 69 14 59 
91 3 55 24 50 80 24 23 80 15 60 66 28 78 11 81 28 55 27 67 45 99 22 59 3 16 53 72 21 6 93 5 4 12 61 49 6 29 81 72 81 31 74 74 31 94 60 4 88 14 41 6 6 71 43 1 75 71 12 15 68 18 63 78 0 90 30 72 24 34 8 10 58 99 32 61 16 88 50 23 55 89 84 64 6 82 77 48 63 43 56 
27 13 4 58 98 37 77 77 53 1 77 39 18 27 42 20 30 22 2 97 99 63 81 72 16 87 39 59 39 5 5 92 92 6 97 27 50 71 50 56 70 93 26 99 34 8 4 20 32 17 93 33 1 30 90 42 26 74 28 81 12 61 57 73 31 0 12 65 20 57 49 77 95 28 63 62 93 77 24 90 92 8 21 82 7 49 63 57 23 60 39 
47 3 80 60 6 42 17 91 99 89 28 5 71 30 16 80 58 4 38 66 15 35 68 28 98 64 89 52 19 98 27 28 25 21 71 97 35 82 24 57 4 15 79 82 19 43 14 24 88 50 13 65 53 27 29 2 83 42 36 75 93 78 45 54 69 47 0 16 96 8 18 68 27 64 27 15 2 50 75 9 45 81 59 23 56 22 77 73 92 11 30 
66 43 4 68 6 36 50 72 60 59 6 59 63 84 99 46 8 49 59 96 5 80 7 96 12 92 93 16 25 98 49 99 8 93 90 31 80 46 61 40 46 42 1 93 80 29 64 8 67 42 42 15 69 3 62 15 39 79 1 65 37 31 70 26 7 2 2 0 91 27 67 65 19 61 50 85 6 89 81 28 75 78 83 36 76 95 86 74 55 96 44 
28 36 75 99 88 56 65 58 98 84 9 32 2 6 53 5 93 79 83 74 47 54 80 96 74 63 86 58 74 16 7 14 53 63 89 98 87 81 58 17 79 12 65 3 48 74 17 95 95 66 99 56 31 94 11 83 23 80 99 31 43 40 38 7 42 67 24 93 0 50 73 42 80 77 27 42 4 22 78 28 54 80 24 24 54 44 31 83 64 4 22 
55 59 70 18 90 54 64 3 86 37 78 98 25 19 71 89 30 58 60 94 38 31 4 17 68 35 93 85 48 41 11 49 12 40 45 23 78 8 24 38 92 76 22 24 36 64 91 36 3 65 75 62 94 27 25 27 62 46 76 88 49 66 74 29 60 23 21 39 65 0 16 88 25 35 79 96 80 61 49 40 31 45 32 88 38 63 16 99 64 3 81 
3 95 23 72 92 35 7 34 54 38 17 76 57 20 78 73 34 33 64 49 65 65 94 52 80 76 50 99 37 23 8 38 10 66 88 65 61 18 13 43 87 2 78 58 49 37 44 11 57 89 61 48 20 14 76 99 57 51 86 97 98 65 63 52 6 50 68 24 63 72 0 92 90 92 44 10 53 88 13 92 74 97 85 32 47 76 98 98 81 99 78 
2 12 70 59 68 27 50 53 75 26 22 40 47 61 62 87 3 40 40 3 53 81 33 92 56 31 51 38 25 64 27 33 3 65 83 48 70 11 16 93 55 17 75 45 78 73 62 42 54 99 99 32 54 51 29 99 73 94 19 40 32 10 89 77 62 11 14 57 75 10 67 0 41 95 93 66 79 28 64 97 76 94 70 34 20 42 22 45 64 53 1 
79 26 64 31 57 14 98 83 82 11 67 32 9 18 58 96 5 47 43 23 37 72 94 62 65 68 73 12 47 56 29 77 72 18 43 28 16 91 29 84 43 64 46 68 94 78 25 36 8 32 89 82 69 13 9 43 70 84 97 77 20 82 79 60 76 49 13 78 93 48 24 42 0 9 34 26 68 15 70 74 47 22 35 2 12 29 95 79 45 94 94 
59 40 46 79 82 87 9 32 71 41 72 30 21 97 8 5 97 26 58 47 92 4 33 65 22 41 9 91 58 18 69 95 95 35 53 61 66 78 15 52 34 31 96 98 62 14 29 40 89 21 83 50 72 22 11 46 67 13 98 83 50 72 42 93 96 12 81 73 28 53 72 12 77 0 40 76 23 47 64 99 32 59 10 70 43 14 77 81 60 43 78 
33 50 53 66 20 43 92 52 33 21 55 17 26 46 48 16 22 98 45 46 33 76 36 97 25 74 1 19 28 30 29 4 10 43 93 82 51 11 73 42 98 59 2 20 57 50 49 50 2 62 80 84 84 42 97 40 89 21 45 19 81 36 27 44 21 10 5 4 26 38 15 79 50 26 0 99 76 49 42 70 8 55 76 44 1 26 61 61 27 10 18 
14 33 69 51 93 37 46 98 70 51 78 38 18 92 25 8 71 66 90 94 5 54 31 5 81 6 75 73 83 61 56 54 53 29 4 81 60 17 94 94 35 20 11 8 71 63 77 7 58 21 53 34 87 45 97 21 74 30 80 42 74 28 13 24 11 87 3 64 16 95 67 49 96 27 42 0 42 51 90 24 14 72 56 8 24 8 46 76 28 92 87 
96 89 10 60 48 30 63 75 64 92 90 86 62 67 42 17 53 48 79 44 17 37 15 36 42 96 32 98 20 77 62 59 79 87 28 68 43 75 10 35 64 27 38 91 70 80 96 17 44 60 47 5 8 75 98 75 32 56 70 82 62 44 19 79 38 47 33 82 86 23 30 67 10 92 72 1 0 12 63 91 8 73 69 79 71 93 29 98 84 61 84 
88 80 85 43 33 32 86 8 98 19 92 65 1 19 32 31 47 30 6 43 35 22 88 84 58 37 87 94 16 24 86 88 34 1 32 16 9 48 70 73 90 69 69 17 90 75 59 97 32 6 68 33 62 33 66 59 60 91 49 15 68 48 56 31 32 74 13 71 49 42 4 90 86 3 40 97 26 0 87 43 59 84 63 13 3 27 14 85 16 41 92 
78 89 34 28 97 27 90 26 10 85 52 58 10 1 74 87 23 79 19 76 86 36 98 52 22 74 13 58 94 29 87 43 77 47 58 24 35 27 31 31 74 34 17 13 15 75 4 96 81 25 39 6 2 50 3 57 57 77 61 72 17 49 36 88 6 44 73 30 70 35 75 37 75 22 90 31 47 94 0 95 55 29 71 5 69 28 5 26 18 15 96 
15 6 6 84 36 20 94 79 12 65 76 51 87 65 15 65 16 89 92 56 30 75 72 62 70 5 38 98 49 82 69 80 76 51 22 75 98 44 48 25 74 33 81 84 23 13 39 16 58 35 42 37 80 13 87 21 39 21 12 94 11 32 92 74 27 98 66 71 71 22 55 9 44 21 56 32 7 80 4 0 72 31 83 66 68 61 3 27 24 78 41 
26 97 6 5 62 24 42 3 64 52 33 6 87 74 33 44 45 42 30 99 42 77 16 62 26 65 65 14 35 62 65 61 43 23 7 18 6 86 29 51 83 58 26 5 59 91 31 55 99 54 37 46 6 97 42 50 86 54 55 48 14 93 7 14 28 84 57 96 16 76 87 85 36 71 77 19 5 97 93 25 0 4 83 91 64 85 89 76 57 29 89 
23 51 16 18 41 21 99 53 88 76 33 43 94 20 4 77 30 1 18 7 37 5 15 39 14 15 24 33 74 33 69 25 46 14 78 58 78 87 98 61 91 43 97 78 31 35 8 29 66 92 43 89 64 65 24 70 88 78 86 42 20 51 37 1 24 67 20 97 48 4 22 58 55 19 99 94 31 6 17 10 28 0 15 36 18 49 95 25 20 33 29 
46 43 61 2 36 38 87 18 40 95 92 41 24 21 49 97 29 65 81 51 35 8 25 15 60 40 65 2 5 56 17 40 24 66 38 30 15 6 89 40 72 57 13 78 9 46 58 14 24 44 72 56 78 35 62 45 88 82 17 90 84 32 18 11 19 41 52 98 23 83 2 84 6 84 97 20 90 17 94 45 31 28 0 54 60 35 80 91 79 75 53 
50 57 41 24 78 72 14 64 39 16 13 20 21 28 41 14 48 69 78 7 90 76 1 43 8 63 57 73 20 58 85 28 22 69 35 34 37 24 25 16 2 26 36 72 91 34 49 77 98 92 43 77 90 53 32 57 11 37 22 63 33 4 88 6 52 77 20 41 7 80 10 98 7 25 96 31 26 29 62 62 22 88 1 0 29 66 24 30 57 63 29 
7 19 67 66 42 22 16 40 26 29 99 38 88 24 85 15 29 44 19 8 71 75 57 51 73 51 49 23 5 73 64 79 94 3 51 50 50 18 49 50 36 66 55 17 92 91 98 77 22 85 56 55 89 68 40 75 4 32 40 34 33 82 7 99 67 41 14 21 40 70 99 11 9 25 15 71 11 40 91 6 63 70 39 9 0 39 73 34 68 95 35 
44 2 26 12 43 2 59 52 38 18 8 9 12 57 65 48 26 20 84 44 44 10 67 69 25 12 70 24 66 2 29 28 7 94 22 94 35 20 38 23 32 14 57 3 61 46 61 63 42 1 22 84 92 89 9 43 92 74 49 7 53 88 81 7 95 14 83 26 70 67 91 78 93 15 21 32 92 88 5 37 9 42 56 68 64 0 19 17 94 53 33 
14 55 81 76 5 81 53 83 84 63 19 48 4 29 77 25 40 58 90 58 87 59 53 78 19 18 35 29 82 4 24 89 84 92 13 15 78 58 63 22 61 37 85 33 7 64 18 3 72 89 42 2 99 67 38 71 28 50 8 29 77 35 70 77 35 8 51 15 56 54 87 94 80 39 67 4 44 56 69 41 42 89 1 85 6 40 0 84 96 21 67 
9 14 62 5 40 25 67 87 31 89 37 82 99 62 29 41 23 22 89 55 82 3 5 67 22 79 89 65 22 73 59 66 92 55 40 96 94 34 82 4 23 32 58 39 78 42 37 43 19 41 10 77 68 72 42 55 8 75 93 56 78 53 57 4 15 57 21 47 53 30 32 10 10 21 53 46 33 59 2 49 34 63 34 92 52 90 1 0 67 62 67 
62 31 27 52 66 57 86 59 67 50 35 93 27 30 11 32 29 12 43 49 40 66 61 26 90 89 47 77 9 56 99 50 59 60 55 35 65 99 43 7 77 90 25 26 74 46 24 18 54 42 27 33 99 98 60 48 7 60 50 6 14 82 68 70 49 8 55 68 36 86 25 99 87 20 75 40 28 78 84 28 26 57 79 29 26 58 81 79 0 70 51 
8 95 98 99 99 91 12 38 31 68 44 33 1 14 73 91 1 32 20 83 59 39 54 57 98 99 48 59 37 56 11 8 27 73 48 43 7 66 1 16 23 53 17 36 33 18 46 55 47 34 1 42 3 72 3 22 77 84 68 92 26 22 87 87 71 98 18 96 18 11 37 51 58 76 72 64 71 7 16 16 28 12 93 68 57 89 50 46 90 0 98 
72 97 54 59 85 31 78 80 73 50 47 73 26 71 3 17 42 38 65 25 42 46 55 56 70 79 97 41 77 93 55 18 72 16 79 23 85 5 17 79 80 95 52 62 52 91 21 45 86 27 37 81 50 41 29 93 98 37 80 34 2 33 12 62 27 15 75 91 14 95 16 98 23 46 29 6 82 38 66 85 87 43 10 87 17 10 29 93 97 49 0 
