50 6 
0 38 84 15 39 92 65 79 59 5 57 72 86 42 86 54 76 42 39 40 8 54 36 48 76 89 55 65 25 45 85 27 30 4 93 45 25 19 71 20 42 76 94 61 84 39 90 76 53 71 64 42 44 56 31 56 76 43 3 44 53 83 46 56 98 26 38 58 72 60 71 60 11 60 35 33 77 73 29 11 65 30 84 17 58 60 75 98 49 88 29 23 25 7 92 82 42 92 98 9 28 
46 0 45 8 56 52 21 88 83 83 15 78 14 46 67 1 92 87 85 35 97 27 82 98 49 27 96 63 13 76 66 71 26 93 63 2 94 33 33 63 99 15 32 8 93 71 54 20 61 53 49 53 34 13 78 86 88 23 13 31 34 7 88 27 65 65 26 85 25 26 88 39 3 84 71 40 90 98 71 65 80 49 55 97 1 1 7 78 23 2 53 72 65 45 46 51 12 63 16 30 93 
7 5 0 49 13 43 58 75 39 29 27 52 92 38 53 61 39 88 91 41 61 34 52 65 87 14 72 82 3 42 61 88 13 87 35 23 67 18 86 49 72 93 71 12 91 24 63 14 80 3 81 84 44 20 62 52 41 65 13 56 63 55 82 1 85 81 24 4 44 63 94 17 66 39 46 89 66 7 53 49 34 38 87 99 8 73 59 24 58 35 9 11 55 63 32 47 19 61 33 14 98 
57 80 60 0 73 57 46 45 84 79 11 70 91 60 79 96 16 15 81 86 19 30 84 11 92 80 48 60 98 10 83 9 62 10 63 49 93 17 67 92 69 51 59 34 73 55 80 50 73 76 50 29 3 18 96 25 98 63 19 82 80 8 87 34 79 52 4 55 42 8 71 70 27 98 27 18 68 53 83 81 43 9 41 75 88 51 46 47 68 6 45 91 80 97 11 98 84 90 2 16 63 
82 83 37 14 0 18 50 60 45 98 27 66 49 9 43 18 80 34 25 17 13 47 56 74 39 47 66 31 28 42 76 68 41 49 85 73 94 3 77 8 10 71 90 67 89 94 80 59 67 67 81 70 2 78 69 53 62 43 1 97 53 12 4 41 73 95 53 38 51 31 58 18 95 20 22 94 28 99 43 86 30 69 32 39 24 31 77 43 51 66 5 30 23 26 57 63 16 4 52 54 61 
96 28 22 83 2 0 47 77 52 86 51 14 55 35 69 74 54 32 13 4 43 16 24 41 78 27 83 15 49 22 56 96 62 56 77 62 48 8 96 68 41 36 40 14 25 63 5 62 33 89 67 29 10 5 25 21 72 20 66 66 18 77 84 47 3 87 9 73 49 55 6 40 2 73 49 24 13 92 79 39 26 46 33 85 80 40 6 54 96 77 76 93 58 53 74 50 35 40 25 25 19 
20 30 66 48 42 9 0 79 71 69 56 40 60 76 26 75 8 94 49 89 78 98 14 6 40 78 56 23 68 8 24 77 6 65 51 66 94 29 39 26 41 42 20 48 47 41 78 66 85 49 37 48 5 98 30 19 84 52 61 62 62 24 11 80 29 37 76 37 43 74 9 47 95 14 95 99 31 12 79 18 83 85 47 92 58 48 43 72 60 7 30 75 67 26 80 35 48 92 32 50 3 
6 94 26 32 3 12 57 0 87 7 33 27 86 88 96 41 85 43 20 60 6 37 54 51 71 85 40 19 26 2 61 2 89 14 86 41 88 17 18 87 90 4 28 13 29 92 47 33 76 91 46 59 79 64 78 18 61 25 41 7 58 54 84 58 43 69 16 90 44 26 56 93 91 21 24 24 67 54 85 59 28 60 60 84 78 71 22 17 27 88 46 14 70 83 41 83 78 7 26 58 60 
31 8 4 6 89 4 40 91 0 12 99 51 1 17 95 34 25 66 28 73 94 11 71 98 77 78 44 78 27 8 43 91 81 11 31 69 73 72 98 27 25 8 15 47 69 55 35 85 35 89 74 67 58 83 93 59 85 94 63 95 48 37 95 83 39 81 94 59 37 36 7 65 42 1 14 86 23 19 71 8 21 27 46 71 48 14 56 50 56 66 84 12 73 8 39 9 91 25 10 44 7 
73 72 28 15 70 14 47 26 68 0 9 95 81 96 23 25 80 80 56 77 57 10 48 41 30 21 42 38 61 92 70 44 71 34 51 97 38 18 63 60 31 2 9 40 97 37 89 33 11 80 41 62 98 75 98 94 45 59 56 93 50 58 27 22 4 66 33 87 48 67 4 48 32 23 11 90 93 84 95 53 92 65 68 27 7 71 14 87 66 10 89 67 50 12 46 57 35 5 32 92 90 
91 34 83 13 3 66 9 44 55 64 0 36 63 15 46 73 95 18 21 18 44 37 74 33 71 11 48 61 1 52 14 10 30 75 73 55 59 92 95 33 99 4 32 80 23 71 72 97 87 2 22 63 76 13 26 83 67 39 34 18 41 72 48 53 89 99 94 70 8 45 69 89 12 58 6 92 26 96 14 67 42 66 15 3 52 15 19 22 45 35 63 19 19 26 14 36 30 78 36 27 47 
59 86 15 30 30 10 82 19 56 28 14 0 84 78 11 44 13 71 62 5 81 52 73 78 52 45 92 54 18 65 22 89 50 35 12 37 55 51 8 98 4 94 11 86 92 67 93 14 90 84 9 32 9 53 99 13 28 96 23 40 46 1 78 60 99 64 63 48 8 62 7 15 89 6 24 72 16 11 45 30 92 38 82 45 84 73 47 24 99 53 19 8 96 45 99 52 6 41 22 20 1 
42 88 31 54 65 92 71 14 48 35 4 60 0 24 34 40 40 73 27 65 34 20 90 30 10 44 57 78 71 62 64 53 6 76 40 53 49 16 88 58 37 61 29 62 91 93 63 23 14 59 92 59 70 12 82 18 49 49 6 29 24 21 74 88 42 97 11 73 35 11 99 58 6 74 41 74 4 78 81 8 85 84 62 14 70 94 73 84 70 57 84 90 67 69 35 23 77 7 92 88 52 
5 69 32 16 54 99 99 69 37 98 35 89 52 0 41 65 4 64 56 55 91 56 4 68 76 13 83 52 16 62 19 80 84 84 41 32 7 61 27 78 67 27 27 40 69 30 20 84 74 1 25 30 21 76 62 92 84 65 83 56 79 54 15 79 66 20 68 3 15 97 73 75 70 56 60 30 67 81 71 29 13 94 95 3 71 15 40 4 54 32 28 25 93 29 9 94 96 43 30 54 11 
81 51 6 58 1 66 78 48 35 7 62 90 73 28 0 31 20 24 1 84 29 42 28 86 64 67 12 5 72 84 75 14 67 99 3 50 84 19 46 53 66 73 93 53 53 74 34 64 31 38 26 19 35 2 46 37 54 91 93 35 7 36 28 89 71 60 18 23 49 26 18 72 7 35 62 38 91 39 71 83 7 69 24 44 36 50 25 75 68 14 19 66 84 9 44 7 4 42 84 89 37 
88 94 61 43 28 25 36 7 45 22 41 16 22 38 35 0 93 28 5 54 13 19 89 74 71 38 60 70 26 56 52 65 81 42 41 63 26 2 64 28 66 85 11 34 53 49 12 17 46 15 28 4 53 71 13 71 34 16 50 46 80 88 12 53 25 88 45 23 26 62 35 1 6 74 84 82 31 91 64 14 1 15 30 9 12 75 96 59 76 57 54 44 33 43 46 46 94 50 36 61 48 
42 23 77 81 32 87 55 73 43 69 26 69 99 36 84 65 0 58 35 44 48 3 32 15 43 81 94 24 94 26 60 95 23 41 74 30 11 71 10 77 42 66 72 46 2 25 48 10 60 33 36 43 77 53 36 23 70 60 82 70 35 49 30 7 18 47 25 94 68 38 34 4 25 33 28 31 51 65 53 33 9 31 58 71 43 6 18 2 52 88 36 6 80 16 41 2 48 50 30 54 80 
7 79 27 9 72 14 41 92 14 72 42 14 30 11 61 95 67 0 26 94 97 27 56 20 35 94 81 93 8 70 14 91 45 47 33 4 59 30 84 48 23 36 87 55 39 9 97 94 72 35 41 85 16 88 41 62 30 10 24 35 80 17 33 38 18 91 76 22 94 71 85 24 39 62 71 15 49 66 61 44 31 29 46 71 20 81 12 65 9 75 87 21 53 38 65 76 62 27 34 27 20 
3 25 29 60 33 23 71 22 8 79 12 2 53 71 82 72 55 61 0 76 97 68 3 79 93 40 89 66 36 10 7 31 80 28 16 91 66 98 54 5 80 3 88 80 84 66 91 60 97 66 13 65 62 51 69 55 7 14 30 71 49 61 5 20 7 6 17 62 11 10 54 71 73 44 64 31 77 76 13 19 14 37 21 60 12 61 25 42 39 15 87 44 95 99 8 59 37 6 50 34 48 
73 73 75 43 65 53 62 32 69 8 71 49 3 48 13 19 37 95 60 0 23 25 69 32 80 15 63 48 25 12 58 77 21 34 17 2 53 85 3 80 31 92 92 57 69 53 23 75 31 61 22 18 25 55 17 25 96 41 28 85 24 10 12 82 36 43 67 40 26 40 10 52 28 61 45 32 85 25 93 27 79 92 67 70 40 66 34 27 55 18 88 30 36 13 10 41 52 58 75 25 48 
14 89 34 48 86 81 83 76 89 52 61 65 33 42 56 57 99 15 53 26 0 71 96 3 33 56 11 78 39 25 33 64 24 3 80 74 27 2 6 45 95 64 19 30 2 29 54 75 39 30 32 91 88 15 16 48 47 76 14 74 33 18 89 2 31 16 22 20 53 58 3 3 36 91 35 9 65 98 84 87 88 46 7 92 93 12 89 11 76 86 36 20 17 59 65 29 97 87 83 52 96 
91 84 3 62 60 21 60 10 8 59 47 15 9 3 38 47 7 55 94 41 66 0 6 15 1 66 42 57 70 47 61 70 84 83 30 24 17 44 34 36 79 63 34 64 61 89 6 75 41 53 7 98 61 52 55 88 3 48 51 57 35 24 88 18 7 65 30 5 24 15 76 44 70 12 39 16 57 21 34 20 4 29 32 51 90 88 21 44 85 98 67 55 59 12 61 99 62 88 90 24 18 
44 60 35 58 68 17 54 93 25 76 92 41 76 76 94 71 6 75 96 21 25 88 0 89 79 51 98 1 24 24 18 71 75 51 31 57 68 87 26 87 76 60 71 62 43 48 44 66 60 86 18 30 45 39 12 23 5 62 24 59 11 25 89 54 17 75 82 44 19 49 10 67 98 79 8 25 29 59 71 17 91 32 22 71 15 79 48 46 92 15 35 29 1 33 62 73 23 44 22 19 80 
16 37 82 2 49 43 4 58 17 14 35 28 44 40 75 33 13 20 8 1 18 91 99 0 61 79 4 97 95 88 25 3 44 38 45 73 48 69 38 67 26 73 54 34 4 14 45 66 63 29 64 19 35 16 23 96 29 35 40 5 39 9 74 52 20 74 71 48 65 55 61 80 76 91 47 5 12 85 36 91 79 80 52 19 4 66 72 96 4 4 2 6 15 5 13 70 38 70 72 13 89 
82 85 10 54 92 62 77 28 9 86 8 16 76 7 4 65 65 15 81 54 94 62 71 9 0 46 7 45 83 11 66 83 10 89 42 72 69 69 83 7 54 60 97 44 78 18 8 80 49 96 69 7 58 88 43 91 62 46 80 65 93 1 59 48 38 71 93 39 93 36 30 3 83 90 26 86 89 11 57 28 43 42 64 34 13 77 68 15 25 68 54 29 81 85 43 43 10 35 11 3 47 
34 41 45 89 17 69 22 4 67 67 14 6 55 51 5 46 58 24 79 87 74 5 78 66 12 0 39 54 32 34 1 62 90 79 32 27 45 5 38 45 29 36 95 66 12 41 11 32 22 88 52 12 98 1 9 42 95 86 2 75 89 40 21 79 41 36 19 41 20 41 25 50 81 37 69 46 3 22 6 44 43 52 75 59 56 13 15 62 83 12 83 3 69 9 37 26 80 42 91 13 28 
91 67 42 57 73 52 62 65 86 65 92 72 20 59 29 89 48 44 14 21 29 25 36 1 48 80 0 56 75 22 23 3 48 98 63 59 78 30 9 51 52 69 12 32 51 71 47 62 46 10 87 78 14 76 78 99 2 97 55 53 73 3 77 42 2 19 48 2 17 97 45 30 71 39 86 21 74 99 14 24 32 8 14 28 1 50 64 32 31 45 64 27 43 48 57 72 6 45 70 74 42 
96 37 53 98 86 51 89 54 39 53 47 12 42 54 92 97 17 45 98 56 78 37 19 96 95 29 69 0 79 97 12 73 51 6 38 55 60 54 85 63 71 41 80 19 34 61 30 73 88 36 5 77 55 72 85 32 94 39 47 68 70 71 73 72 18 88 86 66 17 14 75 23 4 31 47 11 94 17 64 64 31 59 38 82 19 86 43 34 52 36 4 53 88 63 54 32 66 11 57 79 88 
23 5 9 24 34 92 2 91 18 33 79 59 43 44 25 44 30 23 20 40 53 73 20 70 95 76 43 10 0 36 85 7 12 77 19 23 12 60 3 92 67 23 64 64 75 67 50 24 31 75 53 65 38 27 50 18 93 15 30 14 25 98 90 25 77 50 16 51 56 96 84 51 27 84 96 22 99 72 19 43 71 12 96 82 70 62 80 22 12 68 69 39 60 32 2 57 91 89 40 58 87 
14 90 34 64 19 80 29 4 38 97 94 39 45 2 7 49 2 64 66 34 95 25 96 69 90 81 85 72 3 0 60 31 72 62 3 96 4 27 28 53 18 72 71 82 42 4 6 72 44 99 48 6 52 85 58 39 84 57 61 77 29 21 13 10 60 82 85 65 65 81 62 49 33 50 18 92 2 85 54 51 24 54 68 84 93 54 80 68 98 76 47 84 15 48 80 23 65 34 94 71 89 
43 38 32 91 53 84 5 90 14 64 47 11 17 12 11 64 19 13 53 78 17 43 74 44 63 18 68 7 81 58 0 82 14 64 7 65 60 93 44 32 6 81 91 59 39 71 61 76 10 93 45 33 75 41 59 90 67 33 31 40 3 50 68 58 58 54 66 81 18 86 38 55 48 16 45 26 99 86 62 90 54 94 18 52 70 74 3 14 17 80 97 11 37 58 47 24 52 44 73 38 76 
56 78 88 71 35 12 95 71 4 98 61 14 3 95 45 52 74 77 4 92 64 74 23 9 6 6 94 29 71 73 72 0 89 21 84 55 51 85 58 27 12 12 11 18 78 18 17 69 68 29 43 13 83 44 99 35 9 62 30 19 3 83 41 4 23 98 97 66 83 37 27 76 37 80 60 9 72 49 91 15 77 11 35 37 58 83 30 59 13 2 16 8 97 83 44 20 43 38 96 88 60 
55 2 56 75 97 75 60 18 47 55 8 41 62 86 70 71 49 50 20 57 74 43 63 62 8 78 83 11 22 67 99 35 0 89 81 42 89 91 73 41 6 59 68 96 88 88 63 64 54 56 50 37 17 29 87 44 75 78 98 14 24 49 29 72 78 38 42 33 50 90 55 55 61 36 53 93 26 50 15 97 35 26 32 96 1 37 72 3 29 45 3 35 69 11 87 23 81 25 56 48 73 
73 96 42 24 80 69 86 86 84 39 37 58 23 63 56 53 24 33 74 29 80 87 78 76 1 48 56 29 85 50 54 36 36 0 42 16 17 17 27 64 91 31 21 72 31 4 16 99 22 53 49 10 4 97 77 19 61 65 73 60 23 35 82 38 51 20 92 94 48 94 7 31 36 40 5 12 4 4 1 93 59 46 96 66 38 72 66 93 93 94 88 80 21 47 46 68 5 11 39 64 98 
22 20 90 8 14 28 45 30 56 57 82 24 86 86 80 2 80 87 23 86 45 67 95 68 49 18 62 76 50 1 11 34 82 45 0 93 49 52 31 71 82 48 31 41 61 88 35 24 22 33 70 55 33 22 23 39 45 77 69 40 90 50 79 7 66 79 90 52 15 37 59 3 66 28 19 2 9 55 13 81 79 49 64 5 64 65 49 81 29 42 28 1 10 89 47 30 92 94 68 33 16 
66 10 61 82 3 99 77 83 81 40 89 64 73 56 81 38 55 14 6 97 11 4 1 97 58 96 83 6 11 12 52 34 91 9 41 0 36 72 34 41 34 44 54 14 62 99 41 26 7 34 78 19 70 98 40 66 12 94 73 42 62 48 37 35 54 84 41 87 48 65 27 68 85 12 8 43 83 41 23 45 13 23 31 56 72 47 61 48 31 36 79 45 91 6 2 31 74 57 80 62 12 
36 44 60 36 5 15 45 42 88 72 29 97 62 1 10 99 24 19 30 73 93 27 94 79 44 12 65 98 30 58 39 74 9 21 19 70 0 76 90 87 31 19 58 49 81 70 73 33 7 4 60 65 83 16 89 94 2 91 57 82 2 13 87 12 24 9 85 86 86 57 98 82 78 87 2 68 12 24 18 96 1 36 73 83 29 72 37 66 54 36 86 45 42 95 37 6 6 56 93 62 79 
52 18 81 58 88 25 43 96 61 97 39 13 98 88 80 49 87 27 94 22 77 59 50 9 32 7 29 80 2 77 52 95 35 27 14 32 67 0 17 42 14 14 62 82 82 76 44 28 3 6 43 53 35 68 56 3 85 14 74 78 37 39 17 25 69 60 15 14 76 30 89 42 77 67 57 24 60 12 14 96 6 91 64 80 56 3 8 60 76 49 39 64 54 99 73 92 8 11 52 49 95 
17 48 7 6 91 46 79 63 36 39 77 27 14 66 42 13 96 34 68 57 17 85 39 62 49 10 20 13 43 2 43 49 87 76 25 39 64 92 0 39 44 62 89 93 22 47 1 94 66 46 33 21 58 33 13 85 29 38 86 75 86 30 73 97 48 86 42 40 49 15 11 56 74 25 98 61 66 20 14 99 5 67 36 46 47 65 45 54 92 28 11 86 57 50 81 13 82 92 98 45 33 
55 37 70 14 7 85 20 65 96 94 35 5 13 70 17 73 91 89 43 59 46 78 12 8 20 49 93 42 60 49 40 92 27 82 53 22 13 16 42 0 70 16 35 83 58 37 82 37 7 31 72 58 25 35 88 30 46 19 32 85 68 52 65 9 75 32 4 53 52 39 97 47 69 5 50 86 23 16 38 28 20 3 98 78 63 39 94 38 47 88 66 56 50 45 38 6 27 65 15 49 68 
72 79 15 96 24 52 77 21 44 59 21 88 1 99 39 94 36 22 20 95 66 50 25 42 82 84 38 12 12 19 64 20 94 13 8 15 52 46 29 77 0 20 58 30 29 57 76 83 25 65 18 2 47 57 99 92 75 38 24 95 67 45 91 97 11 66 44 97 12 46 28 66 61 1 83 64 96 21 67 10 75 16 55 91 24 63 75 27 15 24 54 24 69 63 5 39 12 9 50 72 2 
50 33 54 64 23 98 89 99 4 31 69 92 44 19 31 54 52 19 18 71 21 27 85 4 34 58 27 68 54 42 57 41 75 30 89 48 36 64 25 9 72 0 24 44 3 25 47 96 34 43 66 16 46 45 29 22 68 35 7 56 48 32 92 16 82 51 14 28 78 85 33 93 98 89 46 27 48 96 10 5 38 24 68 78 87 92 38 56 37 37 46 95 27 8 22 29 8 70 33 32 44 
41 97 72 46 64 13 27 21 85 8 50 63 66 11 11 98 91 68 24 97 10 30 23 45 42 45 67 35 91 10 21 26 44 66 55 95 89 27 69 28 94 88 0 92 68 40 67 38 95 29 15 11 30 50 98 16 88 4 74 76 35 7 62 40 36 59 37 36 19 8 94 78 95 81 54 78 45 5 49 18 3 82 98 44 57 54 44 56 33 89 62 89 40 33 94 91 51 15 24 43 85 
50 33 29 40 72 75 48 4 45 84 49 10 25 58 10 62 78 70 81 33 92 96 40 63 96 30 24 78 68 29 80 64 83 45 58 96 93 11 99 23 4 20 28 0 51 44 85 72 3 50 52 58 53 69 63 69 59 34 60 97 71 86 7 72 79 4 83 35 99 32 35 62 39 67 41 88 59 75 2 76 75 72 22 32 59 71 59 37 42 90 3 94 54 26 66 34 80 63 15 70 46 
1 39 27 44 34 24 99 78 85 9 31 58 36 29 27 52 49 7 64 17 85 56 47 87 9 65 18 3 4 22 51 66 75 33 76 72 28 47 91 13 26 56 80 61 0 54 62 44 47 25 74 32 23 51 30 45 87 41 26 51 20 13 59 83 19 74 36 39 37 42 27 81 14 76 11 33 16 92 41 62 75 90 12 34 79 72 27 28 59 84 92 87 83 40 13 5 39 44 71 38 45 
83 62 16 55 17 17 18 77 17 90 29 13 13 60 55 18 82 40 68 77 55 55 4 79 38 40 22 84 43 79 95 16 84 15 17 36 71 65 42 75 28 16 34 6 93 0 30 80 76 32 91 46 36 11 95 35 7 39 70 86 40 73 85 33 52 29 73 28 19 32 63 16 38 86 60 86 11 62 49 22 29 20 12 27 88 47 77 44 44 6 12 24 25 60 77 70 95 81 49 53 13 
15 71 67 92 27 45 53 9 16 74 71 32 61 68 9 50 82 64 86 30 85 3 50 78 21 45 83 39 35 70 58 92 98 85 3 61 11 3 83 48 82 20 30 98 48 36 0 11 82 76 79 95 62 53 37 80 62 36 86 92 59 68 39 12 73 84 53 86 69 22 91 40 72 90 74 1 66 1 9 60 4 1 5 18 95 94 86 38 47 22 93 54 60 43 77 51 70 16 26 97 31 
37 96 19 55 38 32 53 30 93 98 72 14 71 72 69 37 40 99 54 6 91 1 67 18 48 51 62 16 6 73 3 1 28 26 20 7 32 61 68 87 16 6 82 26 32 57 38 0 53 85 45 46 21 34 39 72 90 14 48 95 50 58 44 5 89 47 92 71 53 40 4 53 61 45 84 14 7 53 71 67 73 68 64 52 46 77 59 80 68 36 89 35 16 93 39 5 38 31 43 22 26 
65 49 13 96 10 4 88 92 68 31 5 76 58 11 69 23 67 51 97 96 94 30 77 37 42 43 21 78 30 75 53 74 49 96 96 19 42 92 95 55 45 24 96 86 67 87 69 40 0 32 4 37 21 45 14 95 93 5 84 25 27 54 41 22 38 10 20 59 83 89 97 38 1 65 26 10 80 42 9 61 34 9 27 89 62 21 18 5 78 13 3 26 34 2 5 3 47 17 97 2 80 
2 25 95 76 45 90 31 85 66 97 86 33 73 91 28 70 30 29 81 45 37 33 70 51 54 28 30 73 95 9 48 37 89 28 91 63 21 66 20 78 57 42 37 2 89 76 89 96 12 0 21 84 8 73 11 55 13 37 57 30 72 95 56 37 3 6 5 73 48 7 55 93 8 88 87 50 25 41 33 64 47 61 71 46 21 98 4 43 6 36 12 58 73 18 1 20 30 88 93 98 19 
75 33 75 90 67 9 47 83 78 10 51 66 23 61 86 18 93 54 91 15 43 21 29 13 39 5 68 56 16 47 73 17 77 49 74 16 62 12 68 54 5 9 76 44 66 33 57 75 35 76 0 91 5 66 46 81 43 84 95 94 6 78 37 85 84 87 95 51 16 28 74 35 98 22 25 32 48 34 73 55 42 5 6 51 45 29 32 14 64 50 93 86 62 59 59 34 33 83 64 23 75 
82 28 44 57 43 90 47 80 41 88 28 69 7 81 83 55 36 98 27 19 57 56 65 14 97 81 62 60 36 38 92 45 2 9 79 39 81 93 58 96 82 2 35 36 28 69 56 91 41 69 61 0 6 87 70 57 91 52 60 56 6 59 99 62 85 50 31 2 74 48 69 70 54 67 68 99 85 9 60 52 20 12 22 41 15 50 30 31 45 23 33 89 34 52 63 99 68 3 64 16 75 
34 33 46 10 57 87 87 16 45 24 19 66 56 48 31 50 3 50 2 51 87 13 83 99 17 63 27 87 12 44 13 75 52 1 89 7 16 63 42 55 63 60 22 70 30 38 81 47 43 48 37 72 0 68 54 44 16 48 88 48 81 44 62 94 46 60 74 90 96 13 68 32 42 20 79 35 92 50 13 79 98 10 93 41 54 61 59 11 97 72 59 31 23 45 50 72 36 4 20 42 41 
55 36 26 13 59 65 18 66 21 31 87 35 86 39 73 46 67 23 9 26 86 15 35 6 54 81 7 34 81 20 48 30 30 49 95 42 77 47 88 7 14 81 34 4 32 65 64 3 29 87 29 68 68 0 58 64 73 87 44 18 55 41 7 65 19 45 5 57 92 43 95 43 39 94 55 36 20 14 36 69 95 38 30 38 78 58 21 82 2 7 72 81 74 99 1 17 98 52 83 75 65 
95 32 76 55 14 39 99 83 47 87 20 9 23 17 70 3 23 11 22 20 6 53 86 56 28 35 18 97 40 16 91 30 28 26 2 50 92 56 3 27 83 9 37 62 86 76 9 82 22 35 31 31 78 62 0 76 57 80 83 8 68 24 93 75 14 99 51 44 92 53 67 11 31 94 44 18 6 53 74 59 86 18 45 94 64 75 87 72 18 75 61 15 20 26 88 55 18 58 10 29 51 
37 75 38 52 76 15 69 10 98 60 54 48 49 68 77 35 66 71 6 10 97 80 67 37 35 60 93 38 88 1 52 14 33 33 3 71 72 88 74 17 93 18 87 88 73 70 15 27 57 33 66 49 43 49 7 0 65 23 56 6 57 3 67 99 48 61 86 50 20 64 73 30 71 94 21 12 6 1 36 40 78 57 50 58 23 3 33 16 74 96 36 26 54 86 28 7 96 68 37 39 50 
3 4 49 61 20 31 27 53 59 23 29 50 13 55 52 55 11 83 69 89 7 60 45 8 58 25 19 34 52 23 56 87 22 45 47 9 9 35 66 64 41 43 1 78 3 77 78 85 51 40 95 73 20 45 25 37 0 18 35 69 68 28 36 40 3 10 58 24 69 52 87 57 63 3 47 92 2 60 80 97 99 87 62 91 55 36 39 95 65 65 11 69 73 12 2 41 61 16 65 76 38 
33 2 53 13 14 22 64 19 92 8 20 91 15 99 63 14 85 96 43 16 84 10 40 8 86 80 23 8 49 90 67 71 41 53 64 50 20 23 6 8 61 35 4 3 51 45 95 73 86 14 20 32 97 5 88 85 75 0 93 12 30 65 55 8 76 60 10 46 66 44 60 76 69 6 87 81 74 29 93 32 66 26 46 17 49 58 23 77 7 70 31 57 8 94 95 12 94 73 20 84 88 
55 12 90 26 88 1 51 27 45 89 31 16 12 70 44 11 40 19 59 40 17 5 2 33 32 93 17 99 81 66 52 88 48 17 41 72 54 25 86 93 83 19 84 8 34 82 99 86 88 16 59 35 18 32 57 78 27 16 0 47 19 70 48 2 74 90 46 99 60 31 12 56 52 47 50 16 75 15 52 45 73 34 93 38 93 60 42 82 72 46 93 48 74 73 27 1 38 31 88 55 45 
73 47 9 73 55 37 71 94 73 22 53 4 74 86 24 91 46 7 54 60 52 72 77 42 52 76 59 94 63 94 4 98 71 47 80 4 39 38 12 70 65 90 63 51 65 63 48 9 98 99 54 89 64 41 63 88 90 98 25 0 26 42 33 91 51 12 52 59 70 94 81 98 66 51 52 90 25 59 98 47 59 29 43 82 46 21 55 78 63 3 64 14 95 43 81 34 33 41 28 96 72 
23 78 91 12 71 60 68 43 88 75 12 55 56 9 82 19 59 57 93 34 58 91 84 5 51 26 2 71 59 77 89 55 19 71 55 87 19 93 53 33 16 4 40 26 82 80 34 85 20 44 46 94 16 16 8 83 19 10 36 90 0 45 33 65 6 12 25 96 77 19 56 76 38 32 67 37 93 47 17 30 54 14 79 27 65 19 24 61 12 93 72 18 75 67 41 71 32 21 30 58 68 
44 43 35 29 71 27 82 51 35 82 39 17 16 81 32 42 69 91 22 36 12 26 8 50 21 86 48 12 26 88 5 42 86 47 14 67 44 86 7 21 51 62 19 45 94 22 60 7 38 85 76 32 77 99 97 20 99 88 21 18 33 0 75 70 10 26 79 52 81 87 57 80 87 31 27 53 70 69 96 2 66 74 59 28 75 98 72 86 9 46 82 34 60 93 2 5 56 59 18 96 66 
24 20 11 18 45 28 36 77 42 15 90 87 6 82 89 59 31 69 17 51 13 80 8 96 58 48 16 1 58 35 3 30 66 62 28 43 62 99 71 57 2 23 85 17 12 25 73 18 7 31 18 97 78 8 46 27 57 33 33 91 31 53 0 23 87 88 96 69 65 91 4 40 80 42 32 39 98 37 66 83 46 29 53 63 85 41 58 52 97 37 39 20 36 33 36 11 39 10 18 29 3 
63 28 29 67 2 85 48 73 39 94 97 77 46 35 36 10 87 64 29 93 38 60 23 39 28 8 90 8 17 62 88 37 43 10 88 1 31 98 19 7 75 87 91 59 4 17 38 83 82 15 64 68 4 53 77 50 9 87 48 71 79 3 72 0 95 15 34 71 22 10 33 66 50 59 29 80 99 78 45 2 94 39 93 54 31 97 61 77 91 59 42 13 5 30 89 57 85 8 1 21 64 
65 78 72 81 81 3 69 96 30 86 87 3 35 8 72 61 17 22 94 4 8 75 67 16 58 62 46 53 96 67 29 96 35 46 8 62 50 30 30 62 17 44 10 47 83 49 20 38 56 36 66 84 31 13 45 75 6 6 49 89 62 45 6 15 0 8 18 35 9 80 95 49 38 92 72 70 52 82 49 72 88 68 24 82 77 93 33 68 71 36 36 37 4 99 37 73 45 79 50 37 78 
37 71 77 30 96 96 60 92 2 42 27 64 15 21 44 22 47 72 94 41 48 90 61 57 89 77 73 28 94 80 3 90 11 46 54 97 63 2 83 71 79 64 18 82 19 44 2 88 5 65 39 42 31 92 24 97 32 66 22 86 41 3 60 14 52 0 77 68 26 20 18 95 87 25 34 12 62 72 52 43 53 11 26 85 92 23 86 79 8 1 48 41 96 18 50 84 2 66 49 25 50 
62 34 3 16 47 67 80 74 89 61 97 52 4 37 28 14 83 33 85 41 97 30 6 32 18 15 75 16 11 91 62 90 41 26 96 86 3 46 60 58 53 49 80 97 96 67 8 26 10 31 73 35 32 86 66 36 78 1 76 71 95 54 9 32 10 47 0 35 68 57 87 68 36 45 51 23 72 14 49 48 39 81 41 87 51 67 40 2 62 63 24 57 94 52 71 22 5 60 35 38 43 
73 89 51 52 6 50 98 92 83 60 67 27 17 78 77 36 85 31 28 91 31 42 87 47 54 21 52 80 87 32 21 88 26 23 49 49 96 25 90 93 13 26 93 90 39 62 9 48 38 64 14 22 65 71 55 32 47 25 9 50 57 11 92 13 75 59 30 0 77 77 49 87 58 29 14 57 22 46 7 31 3 10 37 78 18 33 5 37 9 52 31 68 30 3 51 18 10 30 89 79 73 
66 66 39 37 81 75 98 49 62 97 71 13 54 23 73 10 93 41 1 17 69 42 94 36 3 89 57 90 34 22 26 81 54 70 50 67 48 7 45 20 51 20 72 30 63 61 67 84 91 58 81 84 72 91 32 7 47 40 25 23 70 39 99 70 71 84 70 77 0 10 29 42 71 46 2 9 43 51 92 62 96 50 68 40 80 36 57 88 69 46 60 11 27 1 57 47 98 17 18 60 12 
55 95 30 3 80 90 32 3 65 61 76 89 28 41 64 20 3 29 88 67 66 25 80 4 30 21 1 21 48 33 68 41 96 5 61 89 2 36 69 93 54 89 18 44 88 63 23 22 12 6 93 70 10 2 66 13 67 45 12 53 76 43 26 2 27 46 61 78 2 0 83 93 53 36 87 15 60 90 82 26 2 80 81 74 61 96 75 9 74 97 88 45 16 93 89 20 66 46 95 36 84 
47 88 51 6 23 62 92 37 75 70 28 82 34 13 50 12 50 21 3 12 45 69 90 60 34 15 89 35 51 19 65 24 77 68 48 45 10 70 61 82 91 12 11 34 75 9 63 95 59 53 19 75 71 51 8 30 6 78 65 34 8 60 46 53 1 63 16 13 83 58 0 19 37 6 45 11 8 93 34 65 6 9 80 14 59 71 69 63 79 3 8 4 24 89 34 49 40 7 36 85 17 
81 16 57 65 43 64 67 8 38 15 63 73 41 78 99 80 90 86 90 98 97 94 96 10 37 80 30 48 74 40 98 88 4 27 42 12 44 75 88 69 90 54 2 84 58 45 9 90 70 11 66 2 15 57 45 3 88 86 85 99 39 26 20 26 89 45 64 66 80 66 72 0 7 49 59 5 71 79 47 1 33 15 83 66 65 97 30 78 54 93 65 89 80 15 88 70 65 39 95 32 42 
65 92 98 1 83 10 98 79 56 78 20 75 49 22 60 45 21 33 98 79 76 53 7 56 54 95 52 34 71 88 86 78 89 57 20 6 58 36 19 69 85 18 31 52 83 19 89 37 2 24 26 9 81 78 41 26 17 78 3 13 82 48 51 94 90 27 37 49 72 83 9 53 0 64 77 51 56 45 6 57 88 87 20 46 3 75 68 64 61 95 93 26 83 93 46 17 30 62 24 26 21 
14 58 51 58 66 87 11 86 17 44 23 60 6 45 69 53 20 33 56 3 41 98 68 71 48 23 25 48 27 27 83 98 15 69 13 1 56 64 96 25 40 56 70 88 78 4 48 60 17 1 39 78 46 12 83 78 53 95 62 45 47 81 3 30 80 49 6 81 36 68 7 37 94 0 72 2 22 92 46 15 50 45 49 98 50 77 15 68 36 34 16 82 18 5 5 93 66 78 91 68 15 
7 6 8 59 64 90 85 86 48 62 49 15 1 29 58 90 53 93 92 88 56 68 65 84 92 78 12 77 25 75 95 47 4 17 53 95 44 2 3 44 67 46 40 25 98 10 18 58 71 4 34 9 95 19 32 10 7 28 4 31 81 86 61 12 90 76 35 67 13 97 46 3 39 53 0 35 99 49 93 30 28 10 37 91 78 86 40 75 83 7 91 86 28 82 83 8 62 78 24 88 92 
77 1 26 39 39 45 21 17 89 98 41 46 13 95 1 83 22 58 58 13 58 18 77 24 13 52 14 27 99 58 15 44 11 13 5 73 61 40 30 4 1 24 7 88 38 73 5 48 26 50 1 55 55 23 61 72 96 87 63 75 33 5 81 41 20 83 67 95 60 88 25 85 3 27 1 0 37 13 20 43 75 50 18 41 56 17 26 32 64 18 89 32 22 82 74 37 90 10 23 53 92 
22 53 32 17 49 13 73 20 47 59 74 46 21 62 4 41 22 84 15 95 64 37 90 3 77 94 30 49 78 98 70 27 62 65 46 45 24 30 60 19 90 45 49 95 81 73 38 67 74 13 29 38 49 8 38 80 37 16 26 27 78 67 94 50 76 46 69 96 46 97 56 72 32 48 71 4 0 43 47 12 15 71 84 86 21 96 94 54 3 61 98 99 82 17 86 13 74 87 50 22 90 
94 84 14 50 43 78 41 15 74 15 82 24 90 58 27 9 40 14 95 37 40 84 15 31 79 46 38 31 25 5 42 74 42 66 26 8 28 49 4 74 26 44 23 4 85 56 63 70 15 70 40 68 33 5 97 54 1 65 57 52 68 42 89 54 95 4 22 76 16 81 11 3 22 44 23 25 34 0 70 98 72 10 85 21 75 18 47 55 57 16 39 80 79 52 59 96 95 40 87 54 85 
19 70 6 23 60 66 93 86 69 46 52 92 64 68 63 2 8 56 63 43 5 94 20 52 74 3 42 49 12 37 85 99 47 48 55 43 91 91 93 74 81 6 27 52 52 38 16 47 35 25 97 96 56 14 55 61 19 33 89 86 72 71 18 13 7 86 43 82 97 20 39 89 22 35 23 30 76 76 0 30 74 43 21 23 26 80 74 77 33 19 64 65 54 83 16 74 30 21 76 31 93 
80 1 39 22 76 33 79 65 21 42 50 29 19 62 46 43 25 5 69 24 44 21 21 94 85 38 42 49 8 95 66 33 80 81 98 11 29 84 61 25 34 32 73 59 40 65 57 63 19 49 31 28 77 9 49 22 13 90 11 67 65 61 84 24 8 54 47 49 75 6 75 81 76 2 38 75 49 69 80 0 50 63 83 90 11 72 57 71 72 8 53 85 54 34 11 32 1 11 59 30 88 
53 42 52 63 84 69 30 50 54 46 46 59 30 7 98 88 31 23 16 83 86 77 53 69 42 90 24 26 97 21 1 54 25 4 95 68 58 69 46 31 67 41 55 93 87 7 12 81 85 65 23 84 63 60 7 75 74 9 91 54 76 74 46 41 13 36 61 44 4 50 81 87 38 23 6 65 42 16 72 25 0 60 57 3 19 13 29 81 39 80 9 10 33 19 44 34 39 35 50 98 3 
84 59 55 16 80 47 40 71 91 95 2 59 78 7 78 37 39 49 2 78 71 49 39 85 59 84 13 30 61 69 56 10 59 28 63 16 59 24 50 43 97 72 38 1 23 95 3 22 58 59 22 33 2 24 47 86 39 72 95 59 31 4 89 11 89 54 49 85 21 8 65 56 96 37 65 1 87 14 10 97 48 0 53 56 52 98 78 90 21 48 30 91 24 98 72 95 24 25 17 40 70 
72 72 79 79 87 80 93 48 19 83 52 68 63 68 48 72 60 10 71 12 83 58 32 59 1 18 35 59 58 16 70 38 17 68 17 42 12 10 82 11 6 99 95 41 63 95 49 57 73 25 2 98 41 45 66 34 61 57 76 38 1 74 7 14 99 4 98 52 71 34 38 96 78 5 47 8 73 25 95 13 8 87 0 52 18 3 41 77 68 3 45 25 75 26 4 20 85 86 67 71 74 
52 11 59 48 13 85 84 68 87 1 60 5 66 37 52 21 26 55 69 10 61 38 56 47 90 34 78 70 66 84 26 99 57 91 33 23 23 32 67 34 22 4 95 14 55 37 28 99 37 8 91 51 76 46 22 4 26 88 73 39 25 25 27 6 53 13 66 46 86 5 67 16 37 75 56 71 32 95 89 60 20 37 26 0 51 98 49 88 85 42 86 21 34 52 51 45 90 91 59 72 4 
58 4 72 26 17 10 90 49 45 99 45 65 67 36 88 34 50 98 17 91 67 16 93 38 23 6 36 71 70 70 14 17 63 68 41 75 91 63 14 98 13 29 88 94 39 40 2 19 36 42 90 63 12 66 57 85 39 89 30 77 37 24 98 31 17 92 14 70 44 63 82 68 37 13 59 36 19 21 38 20 39 17 14 56 0 34 67 35 89 18 61 72 65 51 2 90 86 95 67 23 82 
25 30 14 37 65 31 44 64 27 26 74 2 51 38 81 16 97 5 17 9 56 72 11 4 3 15 18 2 95 2 19 7 65 58 37 83 3 16 29 69 11 37 29 51 3 74 18 84 45 49 36 20 94 98 15 52 60 80 63 66 62 73 71 33 43 80 53 21 45 83 26 42 55 85 87 1 91 97 87 30 97 24 89 52 90 0 33 14 40 94 1 66 54 52 49 18 55 94 89 87 23 
36 95 98 50 60 76 30 70 62 40 30 46 88 62 74 25 12 3 21 51 90 72 69 82 77 76 48 75 32 44 39 11 9 44 78 13 77 3 30 13 12 44 36 43 77 23 12 87 19 31 61 99 94 48 46 8 64 42 8 74 99 40 43 90 35 90 52 43 80 66 3 99 32 36 40 57 57 8 46 56 95 14 91 1 48 53 0 69 4 70 77 25 62 55 71 8 50 32 94 82 28 
80 77 35 71 44 51 3 34 56 31 16 94 72 80 86 83 25 29 47 57 75 22 92 36 3 11 74 91 39 35 5 54 54 82 51 51 87 18 91 5 83 83 37 81 73 90 96 34 22 28 95 3 62 76 6 87 65 44 48 41 28 93 34 21 64 69 49 38 4 78 44 40 99 43 60 96 68 48 13 18 71 69 76 62 38 79 63 0 84 64 14 29 34 16 21 58 91 72 46 59 77 
65 14 43 23 62 30 83 50 41 54 92 54 96 35 20 34 52 41 76 57 38 69 14 29 68 41 42 43 48 74 52 85 94 33 35 60 52 52 98 7 15 98 83 21 50 22 3 70 45 86 3 78 50 59 78 42 2 35 13 28 29 3 47 69 32 77 80 6 64 33 25 99 85 31 85 5 42 48 49 53 25 46 99 94 86 30 51 74 0 73 78 58 40 39 99 71 39 80 51 59 28 
23 27 84 44 22 52 97 48 34 68 84 98 82 27 29 29 87 34 27 52 45 57 82 21 80 94 52 61 86 21 12 84 30 35 55 92 35 88 42 70 68 85 17 83 8 81 67 26 23 47 29 2 98 22 13 54 92 77 90 77 16 77 40 51 9 31 42 38 92 82 1 83 46 97 37 4 38 71 62 17 66 63 17 19 3 86 99 67 91 0 58 96 19 43 92 64 21 78 49 99 30 
91 31 62 50 92 69 61 33 92 99 68 70 58 39 97 96 81 28 57 89 34 51 52 72 87 97 46 65 97 68 9 55 72 82 98 97 19 72 40 69 59 60 50 99 98 43 83 5 39 76 34 14 1 7 92 63 61 98 66 98 63 64 27 8 71 13 52 3 36 84 23 65 25 6 16 71 66 31 5 62 11 69 17 23 69 33 81 94 54 34 0 69 89 3 25 77 62 31 23 73 3 
28 4 8 7 34 4 30 69 95 70 57 6 72 65 83 25 55 12 16 68 34 9 80 36 72 40 44 44 5 57 14 59 26 43 19 5 15 47 59 27 65 90 13 98 27 84 40 84 3 90 49 47 94 2 88 84 29 77 33 2 67 59 36 67 87 43 13 90 44 35 36 75 65 57 30 68 85 49 51 50 3 9 52 76 33 56 68 84 34 75 14 0 24 46 96 49 24 33 61 64 9 
76 60 58 32 22 11 88 84 56 44 31 73 47 47 88 24 61 60 40 18 17 62 84 48 80 87 20 10 65 32 95 93 38 33 9 25 12 48 17 70 89 12 30 60 2 74 84 11 82 12 7 39 36 79 88 73 30 40 43 58 54 24 17 43 12 4 96 63 50 6 20 60 36 63 95 63 99 77 18 92 84 47 14 78 11 33 15 19 32 67 31 49 0 27 82 77 77 23 30 58 52 
5 6 73 75 76 63 63 26 10 82 76 68 90 85 90 76 92 68 23 3 28 11 59 33 32 16 60 21 67 18 79 88 59 49 25 58 91 65 73 81 85 33 5 31 78 66 13 86 87 73 81 46 93 85 23 13 56 48 4 54 59 29 96 69 97 54 40 7 95 47 57 41 62 24 18 67 72 44 37 43 18 3 99 73 30 21 97 21 68 32 82 5 35 0 30 45 43 95 60 17 46 
34 86 37 91 68 28 47 10 91 76 92 28 31 81 75 49 15 75 59 63 8 98 78 56 85 88 65 31 7 27 56 96 59 67 90 6 49 94 18 20 98 5 6 11 22 71 82 31 58 14 65 36 5 87 96 32 33 30 64 73 68 28 63 60 95 82 41 80 82 62 31 78 51 10 51 99 54 62 14 95 27 74 51 35 59 39 98 93 5 40 73 70 4 10 0 96 5 39 10 63 20 
59 29 84 30 30 30 42 99 88 37 25 55 22 50 43 11 60 27 19 48 11 1 48 4 79 48 67 46 44 20 75 77 15 79 67 64 35 98 92 45 7 99 79 20 98 58 57 28 69 30 14 18 9 47 90 63 50 9 8 91 61 78 91 78 88 6 13 66 24 92 53 35 83 54 5 26 7 55 74 82 2 46 79 75 4 16 12 18 28 77 97 53 13 15 80 0 98 42 24 74 53 
29 76 75 10 6 2 82 34 32 16 7 52 36 8 64 30 91 20 97 54 87 53 29 48 42 13 10 64 18 55 89 21 48 9 31 47 81 18 49 51 31 54 32 91 38 81 56 93 6 57 15 80 83 88 17 19 73 28 96 86 62 67 51 5 31 33 45 34 17 74 26 52 5 43 3 8 20 65 75 75 19 92 13 57 15 64 44 34 97 30 84 48 44 52 77 16 0 20 47 33 24 
85 60 95 7 48 63 83 56 71 78 7 42 67 28 77 67 3 28 21 11 6 29 49 91 68 71 40 17 58 85 62 24 91 4 40 78 36 32 40 54 27 70 87 1 67 68 88 31 5 10 95 67 35 10 67 54 51 99 6 64 66 39 53 20 58 93 84 3 8 28 85 61 84 82 71 52 83 29 43 29 68 12 40 4 68 49 91 47 40 61 46 58 52 99 6 47 15 0 5 38 95 
3 16 82 2 72 87 54 41 29 78 80 60 42 56 29 71 23 22 32 42 52 10 74 92 22 37 92 91 14 57 27 21 80 37 63 73 51 69 64 14 78 23 17 60 84 96 27 18 52 91 81 61 4 17 90 2 73 23 55 12 39 68 65 86 54 65 4 30 11 33 9 80 34 81 37 79 72 52 54 65 79 20 58 59 45 66 20 50 81 31 94 39 78 89 6 32 61 42 0 32 48 
55 51 58 82 78 48 57 93 92 95 2 89 2 68 27 83 28 14 41 7 2 73 42 17 5 11 51 99 28 59 97 67 48 87 97 69 40 67 76 76 44 19 39 81 30 32 26 46 63 12 12 70 36 43 28 14 60 55 35 90 9 81 99 77 35 96 84 38 24 86 50 18 41 1 97 75 93 78 8 73 35 64 68 93 25 95 75 30 14 25 2 88 79 45 11 21 2 95 32 0 30 
81 28 36 38 89 35 98 44 96 18 53 78 32 76 82 98 48 80 52 18 74 92 44 15 47 53 92 21 14 58 79 59 80 75 3 44 88 57 58 54 73 33 35 3 93 93 54 65 50 86 78 68 19 11 61 41 90 72 7 67 24 80 6 47 24 62 39 66 14 85 52 16 12 28 71 89 9 7 13 90 57 26 30 69 50 27 17 97 47 32 44 91 65 67 6 33 24 40 95 21 0 
