55 2 
0 92 16 10 91 93 12 34 4 20 92 88 54 28 41 98 36 38 6 68 59 91 75 12 15 60 89 78 93 30 60 64 29 78 14 40 56 39 9 6 45 85 43 10 38 42 98 68 54 45 70 49 69 93 60 95 26 31 25 91 29 81 7 38 23 5 98 41 48 21 70 74 90 19 8 59 6 81 92 19 45 19 92 76 95 23 85 25 47 86 6 12 58 12 46 8 91 40 78 22 88 84 73 65 21 7 37 28 23 95 74 
6 0 12 61 4 10 85 13 24 64 6 32 9 96 73 47 56 78 27 36 96 5 53 51 66 78 47 60 54 98 15 80 58 92 46 9 28 11 52 71 82 56 38 65 50 46 94 47 59 23 73 48 88 83 79 74 80 17 65 82 69 22 59 81 68 31 88 83 59 70 55 64 69 43 55 54 95 35 35 80 25 27 24 3 7 57 42 71 50 17 73 29 9 87 63 34 84 99 58 95 62 78 71 87 60 42 28 72 72 47 58 
27 49 0 70 96 18 71 23 8 35 91 52 91 93 21 73 46 39 43 66 68 28 61 77 79 52 8 39 82 51 8 1 15 28 20 83 91 24 17 52 61 60 92 88 91 48 56 54 66 71 67 50 51 32 3 76 45 30 73 34 86 17 6 66 98 6 35 41 59 4 6 27 53 45 45 81 29 83 45 24 65 36 55 78 99 54 84 88 72 24 43 12 96 41 86 50 87 25 41 43 1 87 27 42 74 16 39 91 54 65 20 
67 9 47 0 59 28 39 11 15 80 40 10 81 17 17 37 92 46 52 60 42 26 41 73 15 84 9 38 13 97 90 38 21 23 53 46 83 54 37 37 2 5 57 97 87 31 39 3 40 27 7 3 45 36 74 80 56 6 11 35 24 79 23 61 38 60 60 74 69 62 62 42 93 23 78 90 69 65 53 33 4 97 86 49 36 17 69 19 67 67 54 4 62 75 23 57 89 31 19 14 93 81 71 3 13 15 56 89 69 87 55 
27 51 17 67 0 25 77 35 31 35 93 77 56 82 62 45 66 79 37 37 12 26 5 87 43 66 49 90 91 71 83 21 91 63 81 15 48 81 68 20 16 93 85 2 13 82 74 42 5 89 6 5 36 45 24 99 35 50 60 52 48 53 70 58 58 99 97 39 14 33 35 81 1 16 66 89 27 15 40 80 78 90 53 20 23 49 19 51 96 79 15 58 44 26 62 82 92 96 96 41 62 73 47 66 88 71 57 5 15 9 69 
37 17 43 67 99 0 4 32 15 30 31 47 34 97 22 4 16 38 74 2 94 27 67 53 14 79 74 75 4 40 37 73 21 83 41 68 93 66 76 41 18 55 65 35 88 66 56 72 13 10 56 56 96 35 12 74 14 56 29 59 65 27 91 4 92 54 82 41 35 12 9 98 85 57 81 43 37 16 29 74 18 19 79 39 20 62 56 11 49 87 92 90 15 64 28 92 68 77 79 2 5 50 20 88 7 70 1 18 4 98 43 
86 46 97 66 8 39 0 42 82 91 14 98 63 64 37 57 86 8 70 83 34 46 34 46 92 76 64 77 2 60 91 4 94 5 44 24 58 35 47 91 27 54 38 9 65 15 66 80 51 8 11 74 85 22 73 76 26 46 95 77 54 21 45 27 54 85 38 71 18 66 80 5 12 74 4 28 97 80 45 52 62 41 98 9 39 38 15 61 21 74 34 30 18 95 56 27 86 20 30 46 98 13 23 62 62 52 89 37 71 91 91 
4 86 16 52 32 66 67 0 64 88 74 3 46 10 33 36 18 69 47 8 69 77 3 41 34 99 26 31 43 46 64 37 88 26 58 89 79 77 80 91 27 9 69 75 91 83 68 41 39 59 16 35 62 29 51 6 41 85 43 21 58 13 15 36 34 60 96 47 45 56 78 4 55 75 72 97 15 40 12 94 34 43 49 30 45 39 45 14 49 47 9 23 33 63 27 47 63 37 3 78 68 82 28 42 94 89 27 89 40 93 90 
96 56 92 24 13 56 24 52 0 64 77 72 47 86 25 46 95 99 62 46 66 13 48 42 23 22 90 49 94 47 39 58 69 94 18 4 67 80 88 12 53 64 71 94 37 75 52 56 41 32 8 29 75 8 45 71 13 16 54 11 55 80 75 73 35 67 70 31 51 62 26 4 33 15 43 5 52 44 62 78 96 6 6 93 56 31 3 7 67 85 25 36 40 15 53 11 66 33 45 30 34 36 86 14 64 18 47 11 91 62 81 
25 20 47 80 72 52 82 15 73 0 35 27 25 18 99 92 33 12 41 31 56 90 41 79 10 56 41 80 69 70 57 71 61 95 65 67 71 39 79 78 58 2 8 39 57 47 40 57 92 10 18 82 84 72 61 38 17 61 3 33 82 85 91 40 94 83 55 63 40 49 62 4 14 52 34 4 84 67 57 42 62 43 6 29 43 4 89 74 37 57 58 14 67 69 54 31 23 52 40 96 7 15 26 50 38 31 81 65 40 43 24 
66 67 57 73 33 10 32 7 19 55 0 70 28 34 54 58 71 63 85 62 61 99 66 72 51 76 68 54 83 57 19 4 88 84 28 91 95 6 59 25 18 43 47 20 58 67 93 60 59 51 10 62 76 73 27 41 34 7 30 43 60 71 74 73 95 98 21 49 58 21 57 92 47 86 94 49 9 28 45 4 47 66 32 95 69 48 58 77 18 96 52 11 21 40 89 72 70 86 23 35 64 16 22 39 61 88 74 51 14 78 56 
59 26 70 55 53 3 91 52 57 75 82 0 46 32 56 77 80 29 53 88 93 32 52 56 16 83 43 57 2 47 62 7 33 61 67 70 57 3 36 92 6 54 28 78 88 66 60 29 30 8 42 37 48 67 36 17 16 87 23 1 64 88 80 38 78 25 18 41 21 2 55 92 65 89 46 11 23 15 80 69 18 78 77 98 83 57 49 68 17 36 11 96 4 90 54 86 32 61 79 87 63 16 12 48 7 92 93 79 29 29 93 
26 45 84 12 72 47 39 28 8 33 54 85 0 56 86 70 81 99 53 22 3 3 89 64 74 28 46 5 41 50 67 19 25 28 76 20 56 6 41 4 12 59 26 89 41 96 11 23 72 83 15 5 60 47 66 95 22 44 23 27 95 56 9 82 32 47 33 92 10 77 21 1 63 86 31 79 75 68 59 45 49 15 71 4 15 89 22 57 75 85 3 84 66 25 21 23 30 4 24 55 70 92 12 31 54 4 4 42 5 14 83 
99 64 34 60 69 21 8 30 76 35 95 6 91 0 35 53 68 51 30 28 10 35 46 46 70 8 57 44 55 46 20 53 52 2 5 73 99 28 38 44 34 17 43 55 5 65 4 3 10 18 42 85 5 59 6 19 77 76 73 14 40 97 11 52 37 86 73 73 39 93 14 89 19 38 7 26 95 93 5 57 39 15 22 37 4 9 59 73 5 48 58 19 30 7 87 61 8 72 62 34 37 58 68 29 68 69 70 34 77 3 27 
99 96 25 63 92 21 24 43 13 37 47 7 71 18 0 56 48 12 51 70 4 94 73 62 41 75 75 80 15 19 53 24 7 12 24 25 41 21 76 27 19 28 70 78 22 34 41 2 96 19 88 22 10 13 39 76 92 76 33 98 37 43 22 23 14 33 35 17 7 19 88 99 93 90 3 16 2 7 21 40 21 41 94 44 41 60 33 6 25 32 61 55 66 15 53 55 4 5 72 29 93 92 97 81 39 75 16 49 5 48 77 
33 87 24 52 49 66 72 47 48 73 11 45 87 60 14 0 12 86 85 25 23 81 24 92 41 63 68 66 57 40 72 14 34 84 13 70 99 3 35 7 60 62 93 18 66 68 47 97 83 59 30 41 71 7 54 69 45 96 57 14 8 16 6 4 65 63 19 58 54 69 10 32 34 60 62 99 1 80 55 88 81 44 94 24 94 23 18 51 95 18 79 63 5 34 65 2 82 53 86 81 26 15 9 4 6 88 43 28 7 55 95 
3 62 38 46 44 14 4 32 57 44 28 51 92 32 38 24 0 81 25 26 71 14 52 47 57 23 11 89 35 56 65 72 15 98 5 39 13 34 19 9 93 7 92 81 18 63 29 44 20 88 46 86 40 88 2 69 91 62 84 5 51 84 65 89 31 38 76 93 35 24 70 98 95 92 66 64 39 80 77 4 6 51 15 94 33 35 25 90 9 85 64 28 10 31 88 52 65 59 48 46 15 1 69 57 50 58 8 40 78 35 35 
45 40 14 23 20 22 95 96 13 85 37 36 46 40 83 97 84 0 3 69 26 65 5 77 65 5 89 67 80 83 21 68 82 59 41 21 27 48 46 47 5 2 15 12 29 34 59 89 16 42 73 19 85 61 57 30 94 16 61 36 95 11 33 92 58 92 48 2 75 34 78 44 39 10 21 11 28 68 33 98 1 92 43 54 87 18 46 35 55 98 80 78 74 20 24 75 93 95 97 96 17 14 57 75 65 4 28 53 77 41 2 
60 71 20 22 34 31 39 9 34 38 68 60 41 3 72 42 14 42 0 40 30 13 2 95 71 73 48 95 9 45 57 67 63 77 14 87 15 22 87 8 50 95 27 39 13 33 26 86 62 83 99 35 96 50 94 52 79 84 52 2 77 47 72 18 71 97 60 81 72 55 63 44 10 87 54 85 21 56 32 74 15 17 77 39 15 58 86 21 32 60 68 83 5 11 43 69 53 32 27 75 33 86 91 77 87 54 17 81 79 93 4 
5 17 34 43 73 93 44 17 93 79 26 69 62 14 79 33 90 89 70 0 76 50 15 25 10 49 66 27 49 28 88 7 62 59 4 31 20 42 14 75 60 28 49 9 75 17 88 8 70 9 9 64 77 53 13 92 42 37 96 84 59 10 85 70 9 54 75 16 97 25 25 47 61 92 85 41 4 40 62 88 91 43 32 64 86 16 25 44 9 71 35 9 70 77 29 74 52 16 13 7 33 18 94 47 7 32 13 35 63 19 67 
84 5 12 64 69 26 79 67 13 38 54 56 64 31 2 76 35 55 63 81 0 77 38 48 56 58 68 37 86 94 57 47 13 70 59 57 50 89 89 15 88 41 59 55 51 89 58 45 78 86 28 12 45 23 88 27 23 88 60 71 55 84 1 23 94 66 55 3 95 83 28 21 8 28 17 11 59 99 65 67 23 35 88 37 7 55 68 29 16 86 62 60 20 28 95 10 9 38 33 19 22 74 66 17 37 16 38 66 39 48 99 
14 91 85 62 47 4 2 53 58 83 61 1 83 14 6 17 79 45 91 50 83 0 43 48 80 36 78 75 89 4 9 42 33 47 17 55 46 19 2 13 24 41 67 84 19 65 8 69 91 36 67 92 7 56 7 20 3 78 93 70 16 17 34 14 70 25 41 84 88 6 86 79 42 94 55 60 37 49 52 38 2 45 90 92 38 67 82 57 41 54 15 67 95 94 69 57 71 83 75 47 37 29 42 84 30 85 25 37 81 59 6 
58 17 92 87 82 5 67 62 2 63 70 79 77 9 78 59 44 7 52 80 59 46 0 54 44 55 8 54 22 13 99 35 27 82 74 83 62 70 64 59 6 3 14 86 12 14 82 9 39 27 63 70 10 70 36 44 13 99 96 6 50 71 20 96 54 94 6 78 19 82 59 71 16 88 76 41 54 87 89 26 15 44 65 68 82 5 96 96 40 68 68 27 52 81 48 66 16 48 93 81 8 53 42 71 36 82 43 5 65 26 11 
50 20 75 79 36 31 35 39 14 39 56 69 72 5 72 8 83 56 80 93 84 97 15 0 75 14 71 63 66 94 31 96 51 27 24 38 96 6 63 63 96 14 55 76 92 65 19 6 86 88 62 37 44 54 9 34 15 99 96 73 9 63 53 9 83 28 52 24 66 10 39 96 18 45 6 52 81 66 71 69 88 22 79 73 6 17 78 63 77 12 11 83 95 64 17 40 45 93 74 3 39 84 6 61 45 83 70 52 47 85 44 
29 49 99 50 66 17 73 94 59 34 92 16 27 97 99 11 36 73 87 77 53 19 93 81 0 75 8 21 75 32 78 42 15 72 60 24 22 57 84 32 18 50 86 9 27 69 49 97 92 79 8 10 33 45 96 52 5 68 54 81 68 49 54 21 98 54 55 51 48 97 18 54 51 39 35 30 64 90 81 78 53 72 14 60 89 12 22 30 11 43 23 37 10 42 28 90 19 37 62 53 95 70 22 22 30 50 49 25 90 4 29 
73 95 26 24 84 16 23 33 25 63 81 43 31 45 29 65 33 45 90 86 32 10 98 43 56 0 46 57 64 93 92 21 92 48 23 78 48 16 37 61 42 48 34 33 77 85 10 16 10 47 80 46 37 7 57 46 40 79 50 33 57 6 25 90 86 70 57 5 16 26 56 15 83 17 37 38 33 15 91 24 36 86 96 48 69 67 77 46 68 86 81 49 82 5 17 76 49 77 72 82 38 34 75 31 14 38 66 68 40 66 8 
85 96 60 34 83 13 43 43 97 69 46 39 16 67 13 10 91 11 25 47 75 90 98 75 53 52 0 88 23 47 70 63 56 77 93 38 28 8 74 70 6 14 83 59 57 8 54 58 35 20 90 86 20 46 58 39 30 63 5 59 79 54 32 84 31 5 68 70 68 80 99 43 74 85 66 7 9 31 25 63 3 63 96 40 3 1 38 98 57 17 1 95 86 1 49 80 15 61 70 34 62 43 26 99 30 41 18 30 58 6 74 
18 90 48 45 93 86 24 13 86 67 53 83 95 16 45 62 16 79 12 92 43 43 1 11 50 88 93 0 35 46 9 78 95 95 86 47 99 41 17 65 98 89 15 7 95 21 58 67 37 53 44 27 45 28 7 42 46 30 88 80 43 70 65 17 26 83 73 44 59 78 17 69 83 8 73 39 18 7 97 27 49 31 58 40 34 57 70 7 70 37 14 12 82 51 9 8 64 26 41 15 27 24 91 10 62 73 98 79 84 97 98 
81 5 15 88 66 38 92 25 25 68 35 72 61 82 2 60 48 18 93 45 23 22 46 29 32 11 33 85 0 99 4 74 96 74 41 36 2 86 25 68 23 13 7 11 56 68 62 29 76 81 32 35 14 27 52 36 56 94 61 47 11 18 50 41 40 39 59 22 77 27 35 78 91 85 68 91 50 37 40 46 27 14 38 95 92 34 93 3 15 84 53 39 18 51 96 83 76 84 51 93 49 28 55 85 42 88 62 18 6 55 57 
99 79 10 75 16 54 79 91 65 31 9 7 72 30 81 78 19 65 47 41 58 93 26 63 47 85 16 27 77 0 72 95 28 6 5 21 26 91 16 58 50 49 55 4 64 24 6 73 29 36 36 96 42 17 15 30 22 35 41 56 21 83 11 54 49 77 91 57 58 54 33 26 78 29 42 17 17 69 7 19 92 82 37 26 28 65 33 9 24 95 6 87 75 80 51 56 23 6 29 12 53 19 10 16 42 84 92 38 39 58 18 
77 28 46 83 59 74 18 21 86 50 13 60 74 92 57 80 4 55 49 35 22 68 70 49 43 26 72 55 48 60 0 37 97 37 88 93 18 22 33 29 12 42 77 17 61 60 98 28 42 72 81 35 55 68 60 46 84 16 17 9 31 74 64 9 83 96 18 17 52 12 35 75 2 2 58 21 34 53 92 69 17 78 40 67 35 42 34 70 26 62 40 79 24 85 83 60 97 95 59 78 97 77 44 87 96 1 63 71 26 39 39 
87 71 30 31 52 57 60 27 38 69 34 77 37 87 88 5 27 23 69 36 68 57 11 41 31 15 61 12 76 58 73 0 35 51 65 32 47 26 2 16 4 92 10 21 22 98 7 4 29 13 36 23 49 87 5 55 19 87 13 9 90 64 6 13 93 13 16 2 84 30 60 71 55 18 45 40 41 46 69 58 27 82 16 20 60 24 60 13 1 6 91 80 33 41 11 22 33 18 58 9 62 60 47 25 37 20 67 75 64 54 6 
9 42 1 36 78 23 65 92 59 51 90 92 54 94 51 22 79 63 46 62 89 97 76 62 98 18 81 56 18 23 47 4 0 55 32 33 32 35 20 32 75 37 11 41 81 52 18 74 80 51 31 42 38 40 69 91 49 52 89 71 27 20 79 44 66 64 42 53 50 72 39 95 90 3 32 19 86 51 24 56 74 74 66 45 57 58 72 39 47 18 21 24 30 78 66 18 59 27 59 32 58 16 48 70 88 75 74 2 75 62 8 
90 1 11 60 23 96 15 92 87 25 49 86 36 86 64 57 22 80 77 44 30 60 14 33 72 77 30 6 4 96 68 45 42 0 45 34 59 52 6 99 83 26 42 70 71 94 72 95 15 21 86 70 75 45 6 36 12 13 95 62 73 29 26 91 72 74 67 84 58 83 52 60 86 5 94 73 8 90 17 1 39 69 36 76 29 53 20 59 29 17 88 12 57 55 27 46 61 30 14 90 81 76 30 99 79 54 62 17 92 3 52 
17 10 4 64 61 86 52 76 63 89 22 45 2 35 8 51 45 85 58 84 93 70 79 94 50 33 69 21 90 5 66 67 31 68 0 84 84 8 77 91 32 31 21 44 60 97 38 45 54 74 78 59 40 80 76 15 18 56 63 45 92 80 23 67 22 9 20 22 39 48 77 22 63 71 80 85 89 96 20 54 30 72 59 45 58 71 31 57 43 68 83 89 67 13 58 54 84 79 32 81 76 88 83 31 67 72 58 45 63 94 84 
50 80 11 84 39 29 27 14 46 35 36 44 70 73 53 54 15 61 64 93 92 89 43 75 14 32 22 12 3 54 9 52 90 60 36 0 86 57 53 5 60 38 23 61 24 98 41 60 14 79 20 80 72 91 25 20 95 81 16 83 18 89 72 41 52 11 62 70 8 30 94 19 17 66 18 40 59 50 61 12 50 51 57 15 94 38 49 79 67 31 58 31 7 41 10 98 54 89 16 77 54 16 82 56 54 59 66 31 66 23 86 
69 55 46 22 77 13 14 96 74 26 87 64 92 76 28 70 8 84 34 68 72 83 50 82 98 61 89 50 91 19 86 40 76 29 21 46 0 40 55 58 8 54 89 17 41 45 62 36 62 49 72 5 4 87 71 14 51 73 18 63 46 6 84 90 14 2 34 78 2 75 86 77 94 97 37 58 83 61 75 27 3 66 92 80 92 35 28 58 49 27 77 72 89 22 38 65 33 53 3 40 71 67 28 91 71 13 53 31 45 98 37 
14 61 52 39 15 7 76 28 93 28 44 72 67 18 58 7 90 56 59 19 79 70 74 17 25 92 78 33 80 96 18 89 24 1 58 16 55 0 38 2 50 56 97 20 43 94 53 98 99 49 45 23 15 99 54 13 72 20 24 96 18 28 67 27 68 77 16 13 8 56 94 67 68 41 86 88 38 84 12 46 44 14 26 89 84 19 33 40 81 77 86 68 95 6 68 38 8 9 89 30 91 4 5 51 41 64 23 26 48 1 80 
90 41 24 93 53 78 56 93 72 66 66 77 29 34 56 11 22 13 87 12 66 79 75 33 99 78 2 3 18 11 65 87 77 99 2 96 99 59 0 48 12 68 20 66 73 23 91 1 99 3 48 2 95 37 20 4 78 59 75 15 23 91 91 38 28 50 51 85 75 61 17 27 7 11 84 22 2 79 41 17 88 10 15 74 52 82 85 30 51 15 24 60 99 44 44 41 76 80 48 7 31 52 89 14 77 41 4 63 73 61 73 
9 40 95 6 37 68 91 93 79 39 72 68 17 72 68 49 31 8 19 30 59 85 36 46 62 63 61 63 40 23 54 57 71 27 30 72 51 15 10 0 38 20 54 37 12 1 32 14 9 67 33 69 58 92 68 5 31 93 15 17 29 45 7 44 24 63 84 42 86 44 54 53 48 81 52 9 12 20 45 86 90 94 49 54 46 90 60 52 17 36 89 56 79 83 20 57 58 55 93 68 25 59 85 49 37 42 11 98 13 62 44 
92 72 78 53 30 77 46 99 3 4 74 72 6 78 92 46 62 50 45 1 35 99 10 95 62 78 19 56 64 63 91 44 87 9 67 5 86 92 74 75 0 59 10 11 77 32 93 1 52 9 22 86 73 64 22 97 95 80 41 44 27 4 44 33 80 32 99 1 33 33 79 9 77 56 76 43 27 54 82 14 3 40 23 85 99 86 44 24 86 25 25 32 2 60 18 46 17 36 72 46 77 31 2 87 54 88 41 65 41 62 81 
47 40 27 86 96 44 21 2 82 41 50 46 2 48 27 65 42 95 15 66 71 46 14 93 10 51 67 98 24 26 11 88 38 3 9 15 55 98 22 80 78 0 81 4 85 32 56 34 8 16 73 93 68 73 25 4 40 5 35 17 32 26 65 55 32 66 78 74 24 6 80 89 61 13 11 34 56 96 64 52 78 23 76 7 91 75 88 87 38 48 18 11 66 19 75 50 15 20 98 67 22 25 3 41 75 22 9 59 66 31 70 
7 76 4 72 14 57 12 59 74 99 64 80 51 99 17 18 90 6 83 21 21 78 50 84 5 76 79 59 44 65 9 32 86 58 5 78 11 15 38 74 29 52 0 56 37 89 72 48 3 18 2 2 95 3 42 88 86 67 21 55 31 43 33 70 8 1 63 97 67 76 10 30 91 92 18 44 81 52 92 14 19 32 27 44 41 83 5 53 83 2 5 73 76 86 32 98 23 57 82 16 31 25 98 12 8 40 91 5 8 34 66 
11 51 30 37 74 12 58 22 30 87 79 18 17 45 66 24 63 90 89 93 98 61 72 10 53 94 25 45 34 24 75 16 17 80 6 66 28 34 10 8 74 12 69 0 83 24 53 93 90 64 50 33 10 73 80 50 34 91 81 48 83 35 88 43 60 5 74 6 41 62 78 32 96 83 71 72 21 39 56 73 78 28 37 84 81 11 6 3 20 92 94 71 90 31 27 31 73 75 93 54 61 87 84 80 94 15 11 62 92 70 30 
6 20 18 97 70 76 61 90 55 39 10 72 42 30 86 19 3 3 60 61 52 91 80 25 74 56 13 82 63 79 29 76 65 94 97 18 8 6 32 32 58 41 82 88 0 59 95 49 75 28 5 97 77 39 8 26 78 87 79 34 54 31 61 5 97 91 13 93 2 11 91 79 80 75 39 32 86 35 50 24 53 22 75 60 3 7 28 40 73 73 50 96 92 31 29 92 30 75 90 64 62 99 9 31 57 35 93 14 11 2 46 
80 41 67 36 46 44 41 25 65 62 85 48 55 99 80 51 23 29 27 53 52 23 43 73 35 64 2 21 68 15 9 22 29 91 1 94 74 8 84 77 60 14 9 4 48 0 5 27 23 57 23 85 3 86 20 10 74 37 64 28 82 35 9 58 51 81 53 42 36 29 25 26 66 74 88 38 90 41 70 21 58 18 47 98 25 75 35 52 28 19 28 36 19 37 61 83 78 16 80 67 83 95 85 55 38 75 18 49 3 74 47 
23 81 53 49 71 58 31 70 42 98 62 4 87 85 48 70 73 1 4 54 53 66 46 88 30 77 53 9 99 50 62 65 66 4 48 24 26 16 60 4 39 85 60 14 38 76 0 59 58 55 79 88 85 13 89 22 95 77 20 53 3 34 56 80 24 8 82 24 88 64 53 34 83 29 54 84 28 52 67 45 34 71 66 47 35 74 35 49 81 63 48 63 70 13 55 46 69 49 61 52 31 55 20 81 9 92 34 74 79 27 37 
91 89 92 61 78 56 15 5 21 26 4 95 4 62 29 39 65 3 90 11 68 65 70 8 11 68 45 57 71 36 11 23 40 62 26 60 53 87 29 14 32 30 83 21 57 85 60 0 40 26 29 3 13 51 78 39 6 13 56 58 21 59 68 3 75 25 24 83 17 42 6 58 76 47 60 51 63 11 85 43 11 66 97 1 77 68 77 20 23 57 94 13 7 19 46 11 64 74 19 35 75 21 85 33 26 21 28 43 60 37 27 
16 60 38 79 29 66 51 68 24 41 46 13 94 2 93 57 86 60 19 51 45 82 46 82 19 24 5 39 16 17 36 5 24 30 47 55 34 6 36 48 90 54 17 46 65 37 9 33 0 72 41 90 42 29 65 91 84 32 44 36 40 21 84 56 52 90 35 8 23 6 36 91 23 95 43 34 41 27 26 13 33 84 15 99 56 46 32 69 94 56 52 9 15 84 14 21 53 70 30 95 90 38 84 62 10 60 82 13 25 37 29 
73 44 15 46 79 84 86 7 4 48 23 69 69 92 82 83 30 91 5 56 32 54 37 29 52 89 74 5 3 72 91 4 62 77 85 17 6 66 76 19 45 26 67 69 28 57 78 57 85 0 31 99 78 61 68 39 15 10 80 2 38 55 65 26 18 37 20 95 54 68 4 13 83 44 59 52 99 22 3 79 43 54 50 66 31 39 80 51 7 35 79 25 35 56 30 2 40 71 12 80 31 87 67 75 39 96 25 54 80 26 46 
88 99 5 83 37 24 77 29 88 46 99 71 53 14 62 60 94 55 65 55 33 7 91 58 11 3 3 43 88 44 55 96 47 10 80 76 63 77 10 41 72 98 34 73 81 57 77 27 61 45 0 29 57 4 50 14 88 81 44 1 41 33 9 51 87 20 26 25 24 45 91 62 36 30 61 88 11 21 22 38 87 10 43 51 60 83 58 48 34 62 88 11 54 76 68 73 93 89 15 90 64 11 21 68 81 72 30 28 39 90 54 
69 73 16 35 17 13 37 43 82 83 51 93 62 58 23 91 64 90 15 91 3 16 69 79 73 56 96 66 5 64 95 1 37 19 53 52 34 43 67 6 30 94 19 62 47 27 25 87 18 51 45 0 93 60 14 77 68 39 14 56 72 80 58 9 8 19 37 89 95 13 80 68 77 78 79 71 63 89 62 72 90 30 16 9 61 33 3 41 49 16 76 24 58 46 24 46 42 91 95 20 66 96 54 20 92 78 33 94 44 20 92 
84 85 70 66 1 61 39 96 7 51 66 71 26 48 40 94 95 97 68 16 74 10 86 47 72 37 80 60 79 28 61 58 43 47 67 80 59 49 61 81 23 70 29 6 71 26 8 29 56 22 40 45 0 61 52 67 20 28 32 9 38 42 8 87 41 64 6 69 94 55 93 29 28 29 34 62 1 79 20 66 28 71 85 33 97 93 90 56 65 62 29 97 40 32 68 93 62 19 28 90 37 19 15 65 94 46 8 10 88 85 50 
80 28 78 24 33 34 28 13 26 53 15 55 13 66 13 27 19 60 22 13 43 2 41 45 9 10 51 15 79 72 21 19 82 87 90 2 71 81 39 52 78 15 1 71 64 36 72 11 17 73 71 62 83 0 95 65 26 63 52 80 46 67 52 10 16 92 97 95 15 24 96 53 24 52 44 53 18 95 16 34 64 77 12 61 68 57 81 77 35 47 83 78 28 13 61 79 46 33 60 64 64 16 95 12 59 20 38 3 14 64 47 
42 84 5 8 93 13 74 99 42 37 24 5 29 7 29 63 93 3 79 95 91 46 78 23 56 18 44 88 54 82 61 51 52 5 5 70 73 76 23 34 9 95 65 23 38 8 21 19 25 71 96 57 61 86 0 79 94 5 59 25 86 80 91 67 29 30 37 49 37 46 22 6 80 67 17 89 44 83 76 71 69 59 25 48 49 61 68 47 46 96 53 88 57 63 67 52 39 55 42 1 16 80 61 72 75 31 31 51 62 25 99 
67 52 64 42 2 95 12 73 39 81 25 8 46 42 9 1 24 21 61 60 86 97 65 64 63 77 58 15 70 86 83 51 55 68 85 51 59 75 39 29 74 78 89 70 81 25 89 96 75 33 32 93 81 34 18 0 83 50 70 42 66 44 15 29 81 45 2 8 75 12 95 82 54 54 60 89 70 93 7 52 47 99 82 23 65 31 73 2 6 53 28 80 97 41 26 77 33 32 84 18 42 34 71 93 69 99 24 36 26 25 69 
70 97 10 87 89 39 62 43 82 56 92 54 12 95 84 23 43 21 36 71 46 28 80 39 32 93 95 86 40 86 92 43 60 60 7 5 37 66 10 48 26 32 11 57 15 99 63 72 71 18 62 60 77 79 97 73 0 54 68 45 89 73 99 84 70 80 73 45 33 45 6 46 67 99 48 52 73 25 32 53 25 29 78 64 95 57 80 34 57 15 1 1 98 23 65 58 24 20 71 64 39 57 7 33 98 27 5 73 60 36 39 
8 63 77 91 69 48 1 95 58 77 97 3 78 44 93 77 55 31 66 7 52 13 79 65 12 82 30 79 41 51 61 69 49 83 77 39 95 71 42 3 30 6 74 2 63 44 27 88 54 1 79 6 65 66 77 50 71 0 75 66 94 19 62 99 91 37 89 85 1 27 33 35 87 67 73 28 44 23 98 6 91 83 19 14 35 45 50 32 1 19 10 51 62 49 98 25 57 49 16 48 8 83 22 4 85 77 58 92 48 50 22 
98 33 23 75 97 23 36 70 22 77 20 60 76 11 10 87 20 46 71 38 17 35 24 32 92 57 53 47 80 33 85 97 48 43 5 58 96 56 48 72 79 99 13 50 82 65 65 76 70 98 54 64 49 87 53 49 21 16 0 40 61 70 37 43 72 26 67 23 70 68 26 28 96 31 81 92 50 45 5 89 67 82 86 55 22 14 24 59 87 92 95 28 82 23 17 81 60 83 80 77 18 97 58 67 11 77 20 57 55 16 16 
11 95 58 17 75 51 78 77 4 47 37 51 33 43 61 79 35 62 62 97 74 55 8 24 91 12 62 87 1 33 25 21 10 34 14 19 91 20 46 64 71 83 5 35 56 70 27 49 72 81 90 19 2 70 49 87 92 77 58 0 10 11 86 96 90 12 30 69 22 10 86 39 82 36 29 8 68 56 13 93 29 65 54 83 78 54 64 57 86 11 57 11 13 26 83 61 73 81 74 61 31 35 63 22 37 92 60 69 83 70 47 
38 22 22 11 25 52 97 52 19 69 75 90 36 17 34 21 45 68 72 82 47 51 65 57 70 3 13 64 45 29 47 88 79 33 42 97 30 63 15 82 62 61 37 79 36 7 45 66 53 92 84 87 53 38 46 79 37 90 5 61 0 30 57 89 27 30 74 31 99 60 72 30 47 23 28 44 17 14 23 33 47 38 95 42 87 71 67 25 77 60 4 11 46 54 51 17 85 69 70 70 67 7 48 69 41 20 65 51 92 11 86 
39 82 82 43 89 13 52 69 57 81 47 97 67 61 37 86 90 96 19 51 51 30 8 58 99 22 35 62 51 59 47 37 50 39 5 49 29 97 36 72 54 38 54 73 68 15 9 80 75 5 11 96 98 5 47 59 32 30 10 24 51 0 79 34 35 57 33 8 29 59 91 69 18 51 23 74 58 80 99 12 48 35 95 2 9 37 64 83 92 39 57 13 44 70 89 67 88 99 98 87 14 44 55 30 66 38 57 89 51 19 88 
34 75 6 66 17 10 75 94 21 41 41 99 13 59 39 15 21 47 40 45 61 85 35 89 87 45 13 85 93 68 75 90 44 47 65 60 84 4 69 58 16 71 67 10 82 22 56 14 48 4 88 74 50 70 96 4 57 40 69 97 70 5 0 68 41 65 99 44 73 85 56 81 88 29 35 76 25 96 21 47 54 19 87 18 22 3 68 90 65 12 36 50 58 12 73 84 27 66 85 88 17 52 30 38 7 60 93 14 86 68 73 
93 38 70 60 16 79 40 83 2 28 31 79 43 4 53 80 23 60 96 19 13 63 39 42 75 15 50 20 60 99 70 52 20 5 18 70 68 91 32 4 93 88 76 84 3 24 3 40 84 21 39 10 42 22 63 53 18 41 1 82 82 75 70 0 47 96 28 43 63 55 13 48 39 81 46 65 67 92 5 93 32 10 24 65 22 34 31 22 89 17 92 53 20 52 28 9 64 32 96 57 62 13 16 87 97 10 63 21 47 37 6 
83 91 6 27 29 84 40 99 83 15 71 22 86 28 50 97 42 14 65 25 85 5 44 48 9 3 63 60 1 48 78 4 75 64 51 42 47 47 80 93 72 55 10 94 24 1 95 78 83 66 78 83 17 65 90 97 43 23 78 60 69 65 84 51 0 4 85 92 82 58 6 96 19 96 96 25 43 79 16 37 26 59 51 84 55 77 38 89 76 70 47 75 13 31 30 65 29 86 73 8 35 81 24 92 41 14 79 11 39 90 84 
9 69 18 78 86 14 50 81 15 7 61 51 92 81 2 67 20 43 67 56 32 83 24 85 53 27 68 39 89 91 68 16 64 70 98 98 27 55 35 13 45 98 95 11 10 68 51 97 14 11 51 51 91 24 71 95 9 16 30 24 74 8 34 44 90 0 14 70 27 26 38 48 9 12 49 63 1 72 25 41 20 28 52 25 58 14 15 36 4 76 97 54 72 35 95 67 27 27 2 7 58 9 40 22 55 17 78 6 14 31 68 
64 2 59 45 55 26 41 61 76 1 45 69 96 78 96 55 9 39 14 59 40 74 36 99 83 6 51 28 27 55 23 80 92 89 90 75 39 81 98 84 56 76 4 47 44 20 93 75 23 91 85 90 13 93 77 18 58 95 91 69 6 93 12 81 40 78 0 63 87 24 65 72 35 53 88 65 44 39 81 57 78 32 74 63 67 48 92 71 13 12 7 57 80 26 65 38 27 57 31 26 62 3 30 2 55 32 4 77 10 65 42 
54 85 24 46 24 65 91 72 79 27 98 38 75 14 71 54 46 90 2 85 65 67 68 68 17 91 70 47 56 61 80 55 16 2 19 94 60 8 3 55 69 99 90 33 50 58 84 12 25 59 57 50 39 19 67 48 95 32 91 12 88 97 55 54 98 86 91 0 74 5 78 89 18 3 30 8 77 11 14 72 46 82 39 38 17 7 70 61 73 33 33 60 43 36 7 8 89 92 79 84 39 59 97 89 87 33 15 18 27 21 89 
47 9 50 51 21 32 57 33 2 13 4 27 9 30 70 81 92 33 49 95 52 32 24 94 11 78 99 98 78 44 29 7 17 72 24 34 6 65 82 76 69 90 96 88 57 13 55 94 61 8 82 79 75 74 27 93 69 81 50 98 21 44 14 48 30 79 58 7 0 52 43 9 43 80 22 35 2 94 71 19 57 30 4 78 45 3 58 86 31 29 27 92 11 68 90 88 90 25 59 46 95 79 3 44 47 10 55 50 65 82 81 
59 48 63 89 91 54 31 95 72 79 40 21 83 52 96 85 18 62 67 26 46 49 38 62 6 90 3 24 62 61 28 83 72 78 62 77 41 85 84 76 43 87 64 87 29 53 37 86 99 77 94 55 76 5 70 21 22 35 25 53 35 21 51 37 11 14 73 9 85 0 12 34 52 82 82 89 79 18 83 23 81 13 68 12 5 75 59 74 14 23 37 50 60 6 5 7 28 22 77 50 45 65 93 62 58 97 53 32 8 81 41 
21 59 25 43 47 63 19 74 4 30 47 54 45 62 99 86 84 84 29 87 50 62 45 99 61 25 41 44 73 60 71 40 19 31 70 13 61 35 58 63 66 5 37 54 29 1 58 4 26 31 76 75 35 24 73 66 21 43 48 43 3 28 55 27 57 31 24 14 51 5 0 58 45 14 75 98 28 75 90 11 48 64 1 18 3 60 63 15 40 19 26 60 92 61 52 41 41 34 12 37 95 92 48 23 68 24 18 41 48 31 6 
71 92 61 69 28 7 87 92 26 9 45 62 10 84 6 19 31 76 6 40 41 33 46 47 37 7 79 92 63 38 11 81 92 26 62 43 12 35 98 37 55 47 79 20 52 41 28 53 32 53 30 13 25 67 91 68 7 21 42 88 58 93 82 60 15 5 53 31 58 81 48 0 78 5 53 82 28 90 80 43 13 96 71 40 28 19 4 33 87 62 77 74 45 79 6 55 22 89 56 54 53 89 36 11 5 66 9 50 65 65 96 
7 17 16 21 80 86 69 86 89 4 48 74 67 4 85 22 13 21 25 66 22 22 63 72 24 26 86 7 59 48 42 10 7 89 68 31 29 84 24 66 72 42 77 71 63 97 36 93 19 70 15 42 84 20 5 42 72 85 82 72 28 64 50 23 10 23 39 39 27 42 88 14 0 87 59 51 44 67 15 64 88 32 90 36 52 51 25 31 16 72 93 97 38 55 25 19 35 26 90 14 35 30 63 31 27 22 92 36 40 5 52 
79 80 81 25 49 3 36 14 44 65 16 67 50 25 50 78 16 36 92 81 57 93 93 81 68 69 95 81 57 89 71 65 97 83 2 86 2 77 76 64 60 43 71 89 47 25 33 18 24 50 54 65 93 34 46 71 70 98 53 89 40 11 93 72 44 2 61 72 14 95 16 29 23 0 97 2 45 8 36 78 52 76 7 52 49 79 87 47 41 43 1 85 47 56 32 40 45 35 10 32 34 88 11 10 39 54 91 86 33 16 52 
1 52 18 64 74 39 3 6 16 92 72 73 42 80 6 78 15 20 49 54 14 65 70 1 30 22 49 57 73 15 26 4 4 25 28 30 27 59 98 99 99 58 12 65 10 90 53 44 16 61 14 85 2 12 92 27 55 79 63 87 92 93 27 99 87 85 43 67 62 22 65 50 27 98 0 59 64 82 50 72 62 98 23 74 93 76 11 84 66 51 58 41 59 34 27 88 91 46 63 38 55 77 16 34 99 19 28 14 89 50 98 
40 6 72 82 74 47 51 77 76 74 18 80 67 47 38 80 8 54 5 73 2 7 22 35 28 45 7 36 13 15 52 31 55 24 32 88 25 97 8 31 78 76 36 42 87 24 58 19 53 83 83 54 9 78 10 94 86 33 67 83 17 58 9 29 42 85 64 77 44 3 77 89 39 82 45 0 68 26 6 53 11 87 53 23 59 51 34 81 18 63 76 93 43 67 97 17 81 41 91 80 73 39 62 58 47 74 81 85 38 36 29 
75 97 82 67 76 48 37 7 64 7 64 84 23 95 19 80 66 53 19 57 92 86 40 29 66 99 32 96 79 62 97 19 68 63 18 58 85 22 28 99 13 11 6 14 17 84 3 56 83 52 20 30 33 22 3 69 69 56 33 77 32 46 87 50 56 22 87 30 25 97 99 79 95 60 63 35 0 5 38 40 58 68 80 97 68 53 77 42 55 6 43 67 65 9 57 94 15 10 80 71 29 36 70 5 88 34 57 3 78 53 52 
61 35 52 76 42 1 84 24 3 38 80 90 47 84 47 84 24 52 6 98 3 5 86 16 30 85 55 71 71 24 96 97 75 27 87 51 54 90 64 23 40 71 9 11 47 37 19 49 7 86 48 19 2 78 43 6 61 35 94 8 84 13 22 74 99 31 96 43 52 54 74 70 66 26 6 55 13 0 81 28 67 3 14 83 72 63 64 90 17 30 69 87 78 4 56 87 82 36 28 79 4 51 97 83 99 67 89 85 38 52 56 
37 82 50 20 88 60 47 87 93 61 51 97 96 42 52 42 11 46 32 70 33 76 2 44 28 18 15 18 56 30 12 3 47 22 79 63 80 74 84 59 48 13 52 51 53 61 62 84 20 25 87 95 99 37 96 48 73 45 98 14 9 72 49 52 11 3 17 60 78 3 40 10 26 71 75 47 97 8 0 35 37 45 86 19 52 39 46 81 66 3 75 12 75 63 44 12 57 61 86 15 27 82 22 93 75 35 56 66 53 98 76 
68 31 84 8 25 36 11 18 41 43 14 34 83 13 87 23 88 7 47 82 98 41 94 61 97 49 24 51 80 94 59 90 7 92 19 16 47 52 17 6 57 27 22 34 97 13 62 46 26 78 33 21 15 69 12 29 85 8 15 89 59 45 18 57 96 48 13 48 55 22 74 12 43 36 31 62 33 51 96 0 3 4 7 46 76 78 38 56 24 27 20 39 44 30 27 79 97 15 28 7 76 41 17 52 1 77 84 36 29 95 35 
60 87 69 48 72 8 7 22 16 34 33 5 78 85 9 7 26 33 63 27 39 38 73 57 34 41 37 36 64 18 29 42 22 6 37 95 17 62 7 79 27 25 98 81 46 21 41 96 59 27 92 41 16 46 60 90 78 28 98 11 37 78 82 91 41 62 2 46 52 3 37 66 39 1 2 6 85 82 79 70 0 82 63 11 1 92 66 56 80 83 62 3 26 10 64 48 51 96 48 96 24 49 61 14 15 58 65 13 89 4 41 
72 23 16 65 33 5 28 29 64 2 54 31 96 61 6 69 82 47 73 14 80 61 40 29 22 26 91 43 18 20 44 73 17 1 82 75 58 15 90 50 6 19 1 95 5 78 7 14 39 50 47 96 65 64 51 90 74 43 36 4 34 90 14 15 18 94 73 89 49 60 75 38 53 36 25 99 15 47 16 74 77 0 18 87 66 29 86 28 26 19 24 61 5 25 55 36 26 9 44 91 31 32 66 16 23 10 2 91 12 10 60 
61 28 78 6 1 22 97 63 57 63 41 50 31 66 73 48 83 35 86 82 90 2 35 36 60 81 74 27 93 90 25 86 75 67 42 49 49 70 11 70 58 24 31 85 46 6 78 14 91 17 49 91 63 86 81 13 16 96 49 33 86 80 32 7 14 80 3 99 80 41 68 63 51 89 56 87 32 26 49 25 43 16 0 22 47 49 56 56 33 22 2 70 79 20 77 5 20 84 1 37 20 78 54 74 99 31 22 90 23 19 60 
49 1 73 60 42 17 92 42 42 68 69 68 98 74 76 15 85 98 89 43 60 37 82 68 94 55 1 39 46 4 25 53 42 33 2 31 85 26 33 48 38 98 5 29 47 52 52 64 56 56 42 57 16 50 13 65 42 69 92 56 7 25 41 28 83 70 72 90 76 40 46 53 26 84 63 29 61 6 45 18 74 14 24 0 10 20 3 82 62 45 30 79 25 35 40 12 14 29 91 67 36 5 24 19 30 76 96 7 54 75 25 
35 77 50 85 63 27 80 53 73 15 34 37 14 12 52 12 70 2 8 71 6 60 95 81 73 69 33 31 13 32 87 63 6 6 36 65 26 61 11 14 67 42 91 69 96 97 73 99 37 24 34 4 37 90 47 62 78 54 25 45 27 64 82 36 63 38 59 88 66 7 58 36 74 60 65 54 56 70 35 96 91 45 58 41 0 37 24 38 25 59 28 14 9 31 48 86 53 79 11 20 57 97 3 17 10 60 11 47 77 25 54 
4 9 64 25 19 20 43 80 93 33 81 66 98 54 77 92 74 66 48 37 91 41 73 86 93 48 77 48 21 54 26 74 19 57 60 66 87 7 81 74 20 18 42 55 4 93 29 75 66 96 29 75 19 67 16 39 9 98 76 89 60 15 9 17 51 29 93 8 5 35 17 89 84 58 4 60 95 55 64 90 77 61 33 56 40 0 90 82 78 53 39 62 3 59 36 10 72 21 85 75 22 6 93 18 49 38 65 39 11 95 76 
30 70 84 80 62 16 66 52 25 8 14 38 24 10 87 57 10 20 80 36 61 90 23 84 98 69 78 16 13 93 38 80 1 54 55 47 32 80 41 40 8 69 3 95 53 43 17 83 53 11 9 36 13 28 92 80 30 5 86 1 29 92 27 31 64 84 15 62 33 60 69 13 94 68 68 13 66 58 53 2 92 90 92 36 60 64 0 67 75 26 62 78 34 40 71 16 23 62 36 71 35 53 25 8 16 58 64 32 35 80 89 
18 2 76 84 65 27 21 51 28 17 26 64 5 4 21 10 33 41 20 83 38 16 94 26 11 89 28 78 29 60 52 52 16 93 93 74 34 96 12 51 34 72 31 81 15 76 63 68 16 93 26 4 94 11 91 36 73 62 59 39 58 29 85 52 46 82 20 15 14 28 26 79 66 4 48 14 35 21 24 75 66 30 26 82 63 38 83 0 16 74 79 92 61 50 38 49 50 1 8 97 11 14 89 61 15 53 55 89 30 4 11 
81 67 98 92 55 45 16 32 6 27 29 8 26 62 15 7 49 62 1 41 1 16 15 19 70 68 42 92 17 57 34 78 67 20 73 45 47 4 2 65 84 27 91 48 29 57 8 58 36 17 29 2 64 4 81 55 8 1 25 42 33 25 12 90 71 9 3 70 50 64 89 58 79 15 3 6 15 97 62 71 76 57 82 6 51 23 10 52 0 31 65 43 45 58 48 31 80 9 2 55 24 13 54 73 75 29 99 83 83 62 41 
91 59 70 40 20 16 83 61 81 35 8 89 56 92 10 1 14 4 78 38 3 37 82 64 1 9 90 13 32 25 27 15 19 30 41 2 23 72 22 20 91 25 52 26 51 56 34 15 46 24 80 92 34 17 97 87 21 33 22 88 72 22 97 40 6 9 68 59 13 26 11 94 24 33 10 45 51 53 89 85 41 30 64 58 75 12 32 96 28 0 61 76 7 37 76 62 40 48 75 17 78 90 90 4 44 99 27 72 50 36 19 
69 11 51 40 7 43 55 46 50 91 42 93 50 36 8 73 7 35 38 34 53 15 45 90 33 81 73 80 25 61 30 88 25 25 99 1 70 94 31 14 44 96 94 2 89 69 88 57 24 90 2 92 54 50 6 77 1 25 7 59 89 61 76 43 12 11 9 96 47 82 23 52 17 19 12 15 23 87 7 19 97 69 88 3 89 3 42 23 9 28 0 96 35 27 13 86 83 82 64 32 6 21 98 53 57 83 46 97 29 51 5 
46 88 61 35 91 78 12 28 68 31 95 98 26 14 33 53 52 92 38 62 20 99 79 20 17 18 60 91 58 56 44 94 68 4 69 98 81 25 24 4 34 43 25 50 59 17 42 51 31 18 48 91 71 33 23 33 83 96 22 56 64 87 99 23 73 48 43 1 19 40 45 67 55 7 96 64 97 2 33 26 86 59 62 81 83 28 23 58 41 20 49 0 69 88 99 58 29 68 57 5 26 96 80 52 31 14 9 59 60 12 56 
36 15 10 22 44 74 51 3 49 83 25 52 4 55 4 85 79 7 47 63 6 27 85 31 51 60 96 95 2 96 3 58 84 37 85 27 59 68 88 76 51 6 93 69 56 70 24 35 91 17 59 66 67 53 24 57 35 93 56 46 83 47 81 10 5 17 39 64 56 5 59 71 97 98 17 70 76 56 63 61 9 30 41 92 30 91 92 77 86 76 61 52 0 69 83 6 67 13 8 80 56 77 93 83 72 78 70 45 52 82 48 
56 39 57 85 69 84 44 87 95 81 81 11 90 41 52 81 16 30 76 10 83 35 2 36 54 26 68 52 84 3 52 39 87 91 40 58 66 45 52 17 7 52 22 56 49 15 3 26 59 43 82 45 97 18 62 67 53 76 33 57 47 83 61 5 95 12 41 71 10 68 95 30 19 41 58 99 14 96 68 17 4 3 18 40 4 32 2 46 83 69 51 44 33 0 4 2 91 78 13 82 61 92 76 50 53 52 14 95 53 68 94 
13 28 33 26 63 14 55 65 78 62 34 14 19 20 20 30 73 57 92 54 52 19 46 46 4 89 51 78 72 80 17 80 48 40 60 64 67 42 78 64 83 41 19 30 27 40 92 79 19 88 58 17 62 33 8 89 96 10 1 56 58 98 10 52 98 21 30 4 20 43 40 70 6 36 78 55 30 30 20 43 2 55 53 24 97 22 65 34 34 46 48 27 59 64 0 55 16 63 46 62 45 42 48 94 98 30 36 18 1 14 51 
53 1 76 39 76 79 9 64 12 32 88 86 94 90 95 90 79 6 70 38 65 23 77 29 10 13 75 41 44 90 94 1 29 23 43 49 26 86 78 2 65 68 38 29 83 83 43 98 31 77 76 3 50 13 51 24 79 51 97 22 66 48 7 14 25 92 53 33 34 44 33 85 59 67 61 91 41 22 2 62 50 60 98 81 41 56 20 33 35 52 4 72 31 78 73 0 26 61 59 90 79 7 21 72 11 57 77 31 91 95 58 
79 97 54 36 65 47 76 28 84 96 73 72 88 33 44 72 70 34 64 32 32 79 53 23 59 74 1 71 1 70 16 65 20 52 29 97 17 47 73 94 59 98 65 36 9 96 81 29 16 49 66 30 16 53 73 79 24 16 3 71 34 18 57 29 18 66 6 54 98 29 19 5 79 43 86 94 59 41 93 40 62 8 55 88 23 66 49 2 7 5 79 49 75 38 54 58 0 33 74 55 76 56 91 8 88 86 66 40 84 21 5 
37 63 27 78 88 59 22 23 31 72 58 41 55 87 32 19 61 93 53 78 68 94 54 42 74 49 96 54 94 67 28 41 94 85 99 47 54 32 29 3 19 60 80 71 58 2 42 37 63 70 47 22 92 80 99 18 77 27 36 66 13 90 60 46 85 78 8 2 15 99 47 97 6 15 1 25 82 39 32 54 88 77 27 68 13 70 48 3 28 98 40 94 4 83 10 93 22 0 40 40 74 93 86 52 38 2 90 17 57 51 59 
78 57 73 32 81 34 48 9 88 34 48 69 61 53 91 97 54 84 55 76 54 73 39 48 56 15 54 8 54 49 90 70 32 99 99 50 13 37 70 45 47 87 70 27 21 57 83 19 55 23 90 32 90 2 28 53 1 4 34 6 6 30 78 78 8 72 61 19 19 35 21 51 98 73 91 31 46 68 28 12 40 25 34 28 9 76 67 45 9 92 21 73 76 28 95 81 58 84 0 48 67 69 52 34 86 20 4 41 89 12 63 
9 42 35 49 44 97 76 19 16 84 95 59 11 57 19 56 20 4 10 89 52 39 99 92 31 35 68 21 97 29 19 20 84 65 83 64 90 90 7 76 95 38 19 70 79 98 91 57 68 82 30 24 29 13 78 56 21 27 66 38 14 96 58 11 44 33 91 57 12 43 44 28 9 58 85 22 12 93 91 43 2 6 82 31 38 2 32 57 15 92 4 59 61 20 64 27 99 19 47 0 91 97 71 74 93 57 45 96 18 72 57 
45 28 30 97 23 54 92 62 41 93 86 98 30 25 99 24 48 3 35 98 37 30 75 86 82 73 25 29 22 71 27 23 32 53 80 74 73 70 45 88 31 13 19 13 77 59 53 84 32 85 82 15 67 76 47 95 27 6 52 91 4 95 38 96 47 90 43 2 35 14 43 28 97 68 58 58 4 95 33 62 92 36 45 57 92 39 75 88 70 70 18 72 28 31 49 98 12 9 24 74 0 67 95 85 91 52 68 39 75 20 49 
23 87 4 17 63 94 25 19 26 18 36 50 12 68 93 41 98 11 22 56 32 90 56 21 77 40 51 30 72 82 10 42 96 46 41 54 59 69 31 3 8 63 3 87 87 58 80 61 27 86 37 62 56 1 93 74 44 43 66 51 93 65 54 37 79 16 86 52 86 3 42 32 81 73 81 71 13 32 26 5 63 81 29 19 95 1 81 80 57 79 11 1 95 53 71 65 32 48 21 17 6 0 49 24 27 25 48 40 96 61 97 
95 53 69 51 57 79 95 94 58 32 93 33 37 73 7 49 19 20 10 5 10 39 51 51 9 57 89 16 10 52 28 48 57 31 14 15 2 26 36 37 21 51 69 18 68 82 79 21 56 28 96 36 15 93 28 90 14 32 83 45 64 80 90 98 5 62 44 21 70 8 98 62 37 95 48 71 71 96 12 68 49 42 93 47 52 37 28 58 48 35 37 97 78 5 40 93 25 61 33 21 38 24 0 38 86 61 64 99 47 58 90 
39 33 39 50 10 82 87 52 51 75 16 30 10 30 14 36 59 98 24 49 48 42 74 73 17 49 4 22 11 26 33 80 7 3 30 98 9 24 23 57 10 47 97 77 99 74 79 38 86 76 18 10 70 79 29 84 91 2 97 96 55 36 29 58 89 16 95 26 59 44 20 93 19 95 57 5 91 91 98 73 55 87 25 56 47 3 92 31 14 88 33 83 80 28 98 9 76 63 44 61 36 86 37 0 19 99 62 55 25 37 90 
88 41 41 94 47 50 98 94 42 55 95 47 13 34 63 5 4 89 83 43 19 54 44 86 3 99 13 25 82 41 26 22 28 78 72 9 30 24 6 93 62 98 18 14 28 1 77 76 80 98 2 74 84 68 16 76 19 43 77 42 96 4 57 47 12 13 11 82 79 34 35 97 67 62 96 87 54 67 79 54 82 9 88 10 60 82 39 71 12 42 61 5 74 10 16 90 24 72 63 94 74 6 44 76 0 77 10 16 39 81 36 
29 13 14 81 73 30 7 78 38 18 52 16 3 96 66 92 53 24 60 98 37 10 78 46 82 66 21 37 4 79 21 85 83 56 50 55 39 77 62 22 56 52 59 37 30 61 10 4 13 82 5 19 49 59 3 43 32 84 83 21 13 36 90 42 90 16 53 62 84 47 41 26 23 9 63 86 85 39 94 88 24 72 14 89 70 39 69 5 55 32 67 34 75 80 20 99 48 16 68 7 90 18 80 39 80 0 35 36 92 14 28 
6 12 75 10 94 31 10 7 57 29 74 42 10 52 24 91 92 56 52 25 86 28 21 63 35 29 84 96 83 20 41 51 92 32 8 46 27 77 16 31 89 3 19 69 79 35 4 7 1 26 55 71 39 37 73 27 74 53 63 70 83 48 98 31 98 7 28 11 69 80 51 12 2 90 48 96 5 31 7 99 43 12 95 95 8 83 93 20 29 87 25 12 81 20 83 35 77 84 45 57 23 71 33 95 43 98 0 31 47 72 42 
97 94 81 74 65 10 32 96 86 22 94 47 49 42 48 76 69 30 96 78 3 80 21 78 12 51 2 18 17 88 67 79 72 53 54 63 66 21 79 72 56 38 75 38 8 64 44 98 84 15 26 5 50 37 50 62 98 47 74 79 43 90 96 32 45 8 21 73 92 65 57 89 2 57 86 58 13 6 92 68 14 57 39 88 40 17 81 50 21 18 43 5 33 1 55 14 74 15 50 76 50 4 97 18 86 55 10 0 44 81 85 
69 65 24 88 36 50 8 5 39 58 3 14 36 90 54 99 4 9 75 2 20 32 19 78 14 23 34 41 89 22 12 5 5 64 43 17 15 55 6 8 94 67 4 79 5 80 13 1 24 78 81 78 40 89 44 46 19 91 19 80 39 90 3 88 57 37 38 2 33 72 8 72 65 15 41 7 74 56 87 51 60 84 44 5 22 9 87 81 90 80 46 5 1 74 27 67 40 23 55 67 35 74 13 23 47 72 17 74 0 88 60 
1 17 65 40 76 43 2 10 11 38 73 18 61 59 17 74 60 95 41 25 87 65 69 62 72 8 34 31 62 96 75 84 68 86 62 31 96 83 86 44 77 94 85 11 80 43 27 34 22 94 25 98 50 42 1 52 23 66 41 65 50 86 64 33 60 56 51 6 98 84 34 99 88 41 16 94 15 93 75 99 54 34 69 71 73 26 76 8 37 99 62 57 51 82 42 15 60 11 8 72 42 45 78 27 46 2 99 10 61 0 27 
98 83 29 36 16 63 83 82 7 67 84 17 97 67 37 7 51 46 35 86 42 58 8 90 66 32 97 34 73 49 18 78 48 76 52 95 64 80 89 98 48 93 6 57 67 9 92 65 77 49 78 88 81 46 16 10 60 19 87 76 94 56 81 23 65 57 24 40 91 97 3 79 3 20 14 61 72 6 4 38 54 32 27 33 54 1 57 1 97 14 59 90 74 30 3 45 21 28 18 74 56 22 46 5 13 54 3 58 96 66 0 
