60 5 
0 7 26 57 49 64 24 18 51 71 78 95 12 42 9 78 94 98 80 92 51 38 19 38 17 73 79 8 61 30 37 77 8 2 34 59 37 23 58 25 18 79 73 56 67 38 88 78 77 12 26 98 7 75 29 34 10 51 28 50 58 97 84 65 63 68 89 56 48 36 54 54 32 24 55 20 32 64 74 7 51 27 63 90 29 27 94 22 28 4 48 73 55 10 80 4 22 40 53 57 56 31 99 27 49 25 48 86 35 69 75 29 59 6 72 41 86 47 88 16 25 
84 0 79 40 43 70 71 7 53 81 11 7 73 99 31 53 74 73 85 13 88 93 98 85 80 43 51 70 72 2 99 11 77 24 76 1 83 19 43 47 36 26 17 33 20 1 69 22 32 50 73 11 97 82 24 72 34 92 64 69 54 45 74 10 71 93 90 82 78 18 30 36 91 52 42 12 67 51 42 90 91 93 13 72 53 88 79 92 88 1 23 11 28 56 85 97 49 5 48 28 13 39 96 94 95 78 89 68 21 17 98 39 80 67 80 60 80 92 46 13 71 
51 98 0 80 26 41 71 7 25 83 4 48 39 87 94 32 83 7 59 64 74 98 84 29 56 39 96 15 58 56 73 8 71 44 72 76 6 87 4 49 38 24 41 82 78 20 19 18 82 39 64 53 50 5 13 71 60 13 73 70 7 73 4 78 88 91 37 67 77 54 12 15 16 28 8 51 48 2 33 81 7 94 70 47 94 13 22 7 94 60 75 22 73 70 64 26 59 47 34 19 86 63 31 47 48 40 71 29 17 70 18 10 69 46 17 62 69 41 22 74 64 
17 11 96 0 33 25 65 93 83 11 22 90 76 78 90 62 19 90 24 12 11 92 48 53 67 54 45 83 63 68 41 9 2 41 30 68 32 50 99 49 53 95 56 68 58 84 20 3 28 59 15 97 91 90 43 84 8 77 68 4 52 68 36 41 33 44 64 26 35 7 88 56 10 49 51 20 57 13 13 37 39 92 2 52 46 67 36 38 28 42 95 86 84 52 14 38 23 73 32 20 35 64 72 78 25 20 95 88 97 32 38 71 92 37 31 34 21 85 76 19 35 
65 26 75 80 0 69 86 15 62 44 3 77 11 32 8 70 82 70 39 79 19 40 42 81 33 13 37 42 68 25 81 2 60 88 15 97 93 35 55 59 94 63 9 69 36 43 49 69 70 23 93 87 75 54 98 9 71 89 30 60 93 67 44 41 37 17 84 98 67 42 6 82 15 8 76 91 50 61 87 2 45 19 97 95 93 28 13 64 99 64 47 30 23 82 23 35 44 57 53 92 49 49 39 40 24 14 99 88 93 67 18 91 8 82 95 63 48 24 82 15 51 
69 49 3 9 29 0 51 80 57 44 5 25 7 15 52 93 99 71 44 39 46 84 5 24 84 85 61 53 47 92 73 7 5 15 39 31 90 62 65 40 17 94 16 11 56 76 62 88 14 15 25 87 8 29 80 3 94 52 40 88 87 7 80 4 64 49 29 4 80 71 63 52 89 82 68 87 11 21 18 84 90 44 60 73 59 59 63 84 43 31 88 25 71 37 65 10 87 84 65 2 42 80 99 67 49 39 92 4 70 97 37 33 25 58 61 14 90 72 16 31 74 
16 4 30 62 25 56 0 36 35 47 92 45 98 64 92 69 84 92 50 99 52 17 39 49 48 49 72 15 40 47 1 5 70 3 59 55 43 27 88 94 74 77 65 34 3 17 51 79 50 91 24 74 82 17 22 46 88 83 99 11 40 24 84 20 61 63 84 50 37 17 10 80 4 73 99 76 36 46 8 40 73 19 65 27 30 54 30 60 12 80 83 18 94 28 17 37 54 84 48 16 82 9 10 44 56 11 85 53 79 98 66 22 94 20 14 54 29 83 87 40 59 
55 12 56 64 86 61 92 0 8 36 5 37 39 62 90 92 73 86 5 24 90 4 55 66 56 80 56 30 14 35 75 4 77 91 7 9 22 66 31 18 94 61 16 73 33 74 95 16 72 6 13 8 67 38 52 9 22 39 76 4 7 37 62 47 80 94 91 10 49 36 82 77 84 23 51 67 65 58 69 10 5 4 24 38 37 14 24 85 68 28 96 43 59 97 54 56 13 8 66 20 90 20 53 91 15 30 11 63 6 46 78 27 34 87 82 72 60 37 62 59 8 
46 67 97 58 55 17 84 89 0 79 30 69 20 22 63 79 68 71 72 8 47 92 48 51 47 36 36 48 25 52 24 54 41 25 34 55 76 73 13 81 2 71 7 66 78 58 47 99 15 4 16 72 13 20 32 13 19 58 91 59 31 30 16 89 54 97 73 94 53 11 18 80 42 78 49 89 16 64 73 49 30 22 45 46 29 11 41 8 13 67 14 79 17 85 99 82 76 64 32 73 44 94 15 95 79 68 52 28 60 37 87 25 90 78 96 10 48 17 64 93 81 
56 2 50 8 84 58 26 12 79 0 29 88 68 43 3 24 1 57 86 38 39 16 51 28 60 76 54 49 78 63 24 33 23 82 65 76 37 28 35 4 52 40 92 21 94 13 99 7 50 15 56 52 53 11 10 48 78 41 34 30 28 24 17 69 49 81 90 16 72 37 49 35 32 52 78 13 39 43 58 22 56 59 29 51 4 48 94 89 76 34 54 99 1 92 26 46 53 86 7 89 70 16 46 42 41 81 30 3 79 11 54 75 21 64 76 6 73 35 93 30 80 
81 6 1 75 94 93 80 39 14 22 0 68 91 36 21 64 19 96 62 95 18 23 97 81 22 5 15 39 48 65 45 99 42 23 4 20 11 8 77 55 50 48 21 71 81 69 62 23 78 13 4 77 33 75 76 79 36 77 90 71 84 94 94 7 8 28 58 24 74 25 11 31 44 36 78 41 19 31 46 21 86 90 45 63 93 11 77 65 74 95 50 54 75 36 8 1 84 58 36 31 64 59 73 72 50 39 36 65 14 46 44 34 97 46 91 66 72 9 68 72 46 
46 17 35 8 18 39 75 33 84 21 93 0 2 30 77 12 99 33 60 32 60 25 2 80 7 5 19 36 64 13 21 67 41 91 37 24 16 88 24 49 84 65 57 26 75 64 14 14 18 80 53 59 28 75 47 85 44 97 59 28 64 95 37 37 78 69 20 4 56 73 19 9 58 80 89 69 67 23 90 68 38 56 93 15 10 42 51 76 39 53 14 61 95 11 73 26 86 95 68 87 15 74 3 24 63 6 28 6 48 30 10 68 20 68 66 15 97 54 24 70 79 
11 11 92 82 57 37 76 44 11 42 65 79 0 31 4 30 52 34 16 85 47 81 42 76 6 79 7 11 95 43 65 53 44 53 56 21 54 92 13 76 17 32 79 80 59 11 5 27 70 89 76 9 41 63 18 80 64 43 33 66 59 79 75 71 51 31 91 60 51 2 70 38 71 91 2 77 40 98 51 47 89 7 24 17 91 8 66 53 22 40 45 71 74 31 15 36 70 98 16 61 3 42 81 12 30 70 25 10 93 8 36 29 91 73 97 89 92 81 23 98 26 
46 74 34 94 83 87 43 70 12 77 18 60 37 0 52 12 27 86 66 45 32 44 50 33 37 91 9 87 38 81 46 74 1 84 16 36 15 64 32 96 48 82 66 95 78 26 84 24 96 32 61 19 72 8 22 4 76 10 93 28 36 29 25 62 70 7 82 50 79 5 97 91 62 22 55 96 5 64 24 19 83 70 30 9 34 51 85 23 8 35 92 6 72 38 12 10 21 79 36 37 93 2 31 36 80 42 87 85 97 81 31 85 19 44 69 41 23 65 5 85 3 
94 91 53 53 78 97 48 93 4 82 18 29 80 64 0 92 58 98 77 57 4 24 48 59 17 7 14 37 25 67 30 45 1 97 19 5 5 77 4 11 26 73 56 37 66 76 42 14 82 28 16 51 5 68 91 60 11 66 30 83 37 40 41 61 12 66 63 93 66 87 59 63 97 8 84 4 79 52 23 8 89 63 42 40 96 58 94 41 28 8 20 29 86 69 24 36 74 43 97 42 10 66 5 33 76 69 22 25 67 95 34 2 50 22 1 62 16 75 95 26 14 
33 2 24 72 11 78 63 4 12 66 99 18 31 94 32 0 99 72 34 14 34 70 12 47 30 90 51 35 81 59 76 69 32 81 44 20 47 22 88 50 81 9 66 36 24 70 67 91 76 33 71 75 82 67 24 4 15 35 72 84 86 68 37 49 37 17 70 77 89 71 11 84 78 43 47 1 49 54 52 18 97 99 52 53 11 61 25 33 10 79 21 72 45 65 49 77 84 24 5 18 33 32 96 4 63 25 71 50 63 9 78 34 32 33 23 25 16 18 64 34 56 
34 65 30 65 44 77 37 92 99 3 92 1 52 25 60 29 0 97 93 83 29 53 59 46 41 27 26 20 1 71 69 32 58 76 31 80 49 49 39 89 20 93 79 78 96 51 41 79 25 94 3 56 99 33 58 20 72 81 74 51 53 31 10 20 33 35 4 48 35 80 35 46 95 60 81 35 5 96 84 66 64 19 67 90 86 35 40 33 81 4 43 78 85 60 69 42 98 45 52 36 76 87 18 34 32 42 12 75 89 29 3 82 83 92 75 33 74 68 46 74 7 
77 70 78 29 16 65 41 27 88 37 44 74 11 19 10 13 91 0 88 65 24 37 84 13 84 24 39 53 38 84 16 65 36 79 94 91 97 52 92 7 95 57 10 10 20 15 85 73 59 70 50 61 73 55 66 61 2 54 7 26 13 19 9 55 26 9 25 56 61 87 80 13 60 87 21 63 55 96 75 32 17 33 16 24 51 47 42 80 17 10 28 10 39 62 59 80 32 31 42 59 15 45 24 51 56 10 51 48 80 18 23 96 57 98 64 7 56 81 16 50 34 
18 35 28 22 7 16 23 32 19 25 85 6 61 2 4 44 14 22 0 28 59 45 55 17 1 33 3 8 11 33 59 90 7 37 47 23 60 87 79 74 27 19 70 3 98 50 55 55 35 51 15 11 80 9 15 46 98 7 96 33 98 16 58 20 64 47 31 64 98 50 50 5 60 63 75 79 19 27 49 53 59 68 72 86 4 52 52 48 52 60 37 21 40 76 80 28 11 11 38 57 96 18 72 80 85 79 82 94 48 67 38 27 46 74 68 76 23 73 59 22 59 
94 68 95 70 18 49 35 5 84 51 89 8 80 68 40 99 52 58 98 0 86 13 53 6 41 32 35 3 83 39 52 12 38 50 55 26 83 23 30 2 75 48 15 29 30 73 40 12 85 37 47 90 65 10 32 37 65 5 85 20 23 82 75 91 96 40 20 24 13 90 48 60 82 93 92 38 74 42 95 62 40 71 51 42 45 46 72 36 36 57 61 4 90 20 49 76 85 35 70 98 95 45 57 15 16 31 90 14 15 10 9 58 65 81 56 2 1 34 42 37 7 
3 43 73 21 78 95 38 26 30 90 52 17 18 57 40 90 36 20 67 57 0 42 71 83 25 85 71 95 27 26 29 59 13 10 75 59 81 13 30 71 93 16 95 85 12 54 16 71 71 85 57 94 44 72 88 87 97 90 46 24 15 10 47 90 63 12 90 61 1 97 87 20 93 79 17 57 51 70 39 57 42 64 6 18 70 75 40 61 71 80 33 21 73 40 65 63 82 71 68 42 25 94 31 54 78 97 79 21 81 62 19 83 68 31 8 21 89 60 5 57 31 
39 3 66 6 57 92 33 89 21 65 30 13 2 23 79 21 36 18 34 91 78 0 2 28 73 13 91 82 55 56 70 9 44 29 6 4 2 72 47 77 8 18 54 82 74 27 5 66 42 19 57 3 77 38 62 63 44 47 16 45 16 15 82 94 63 7 19 13 74 67 39 49 93 92 50 7 28 92 53 78 81 85 71 99 15 12 64 33 57 55 8 12 26 98 59 47 33 45 21 38 8 38 57 91 24 40 87 53 28 95 3 4 54 64 58 52 78 33 18 49 85 
53 26 8 90 70 37 58 50 69 4 97 99 33 96 32 92 6 30 57 24 38 46 0 21 85 85 98 20 7 99 97 57 16 49 49 27 7 29 5 8 91 8 10 6 33 29 18 13 27 71 57 15 68 91 87 77 87 46 30 36 64 97 85 6 31 74 83 92 16 27 3 61 42 27 32 8 64 41 7 35 56 64 95 87 81 89 44 18 8 46 12 7 40 28 2 84 22 87 89 6 80 64 41 98 95 77 48 28 52 24 40 55 10 55 2 45 27 50 94 58 19 
25 30 3 54 73 99 33 66 62 52 80 79 39 11 56 15 37 84 18 37 57 61 38 0 32 88 43 69 6 13 8 24 20 36 40 89 51 31 12 98 97 37 97 96 12 68 96 4 91 5 57 31 84 3 30 35 36 86 43 58 96 89 98 66 55 37 81 90 60 32 32 82 91 83 28 15 51 49 71 1 22 55 25 58 35 99 38 86 9 45 4 68 18 69 24 69 12 50 36 88 52 27 30 89 3 43 91 17 9 67 51 88 7 92 77 41 24 19 26 33 20 
52 41 23 47 5 18 61 78 23 30 3 25 12 23 93 11 86 18 67 31 93 87 60 99 0 85 99 19 46 41 67 51 56 12 50 72 9 39 18 84 19 42 56 89 97 4 86 36 97 89 87 83 90 15 51 3 67 83 35 63 16 22 64 59 48 52 42 95 45 18 8 95 74 5 52 32 91 52 93 65 31 49 51 76 50 4 87 12 66 28 92 2 84 8 81 33 62 10 46 2 92 81 59 47 65 69 19 88 3 14 55 34 51 68 69 18 91 90 68 72 84 
87 80 97 4 60 81 46 95 38 8 62 42 2 67 85 4 31 38 59 50 60 12 57 56 64 0 21 62 18 76 74 74 50 24 76 88 17 45 24 46 91 23 4 2 39 82 35 50 92 12 18 66 26 67 21 45 82 71 4 84 46 44 26 84 75 32 59 59 48 35 5 36 31 30 30 69 99 34 1 36 39 56 84 25 26 12 45 6 44 51 88 63 22 27 68 81 12 36 44 94 1 47 54 76 68 46 92 25 93 82 94 41 85 4 14 1 18 67 12 16 78 
14 29 97 68 63 61 81 32 48 82 32 4 16 55 3 68 25 71 70 77 46 46 52 41 1 14 0 91 2 10 2 28 4 38 34 67 77 43 60 4 39 64 57 10 73 56 6 5 23 87 82 20 58 1 53 5 14 84 6 33 60 70 19 51 17 67 44 17 90 46 11 25 68 23 48 3 73 70 29 72 46 41 44 17 72 52 87 41 52 77 13 95 65 57 37 74 79 85 67 55 97 19 23 82 71 10 87 41 61 63 14 85 32 34 2 94 19 27 38 93 8 
27 41 79 32 82 90 37 54 33 46 29 60 50 60 11 43 9 78 26 91 47 97 29 29 74 85 29 0 8 87 60 83 56 80 15 61 67 51 96 58 9 15 68 70 99 13 58 52 45 33 93 14 79 53 38 35 1 73 66 35 18 98 81 66 27 24 1 90 33 59 94 8 57 35 2 65 28 46 87 37 30 33 91 29 87 93 78 54 31 3 80 20 61 64 88 30 30 8 64 87 2 33 92 38 36 69 24 59 31 59 26 5 38 23 44 9 79 56 64 11 27 
82 84 97 83 50 9 39 48 87 68 81 86 23 51 25 47 30 79 59 40 30 53 73 19 61 44 59 25 0 27 36 85 38 97 12 82 65 99 55 30 26 19 98 19 99 48 79 11 7 82 42 43 94 5 45 63 85 45 40 33 44 74 6 58 42 94 10 30 68 32 60 77 18 35 64 22 81 50 36 96 71 54 5 35 55 3 82 70 97 13 47 77 71 73 76 55 26 72 60 95 80 31 40 67 21 27 19 70 9 58 90 37 86 23 76 18 35 32 45 86 20 
12 21 78 35 68 59 19 74 85 65 16 3 99 96 41 71 91 40 75 60 91 29 56 59 12 94 12 32 81 0 79 17 15 48 12 8 55 10 28 48 27 11 52 20 34 33 69 37 7 27 87 93 73 40 51 17 63 42 47 15 71 4 75 56 19 64 9 85 40 47 96 8 48 80 3 28 56 35 2 52 36 93 25 52 39 58 24 34 72 21 37 26 32 87 28 48 83 92 74 3 14 94 96 99 76 14 82 36 76 52 81 4 58 65 19 95 21 14 49 68 11 
84 15 54 3 36 48 39 4 80 66 98 1 99 63 16 29 83 44 16 38 33 33 30 37 14 19 89 24 97 57 0 88 28 84 60 34 86 30 18 59 53 17 46 41 72 83 62 24 25 60 25 96 26 89 21 22 52 17 13 82 95 51 22 24 61 32 34 19 27 62 90 73 46 16 97 34 12 18 55 12 32 93 30 44 31 47 5 10 86 29 10 70 29 69 33 99 2 91 80 99 31 25 89 57 69 84 62 10 72 53 62 34 99 57 84 20 52 80 10 70 58 
13 82 93 5 33 54 99 1 72 58 69 25 89 89 2 21 89 86 61 99 92 45 78 20 38 42 54 33 88 84 31 0 87 29 91 2 2 48 18 54 89 60 95 89 98 57 28 36 19 75 58 42 94 97 66 6 90 49 49 1 45 47 79 1 22 87 8 3 74 50 98 36 87 27 96 34 69 9 10 7 35 36 24 1 39 73 6 28 39 59 38 25 99 99 29 23 47 21 91 45 26 83 55 65 52 21 7 49 17 17 54 96 95 5 98 29 37 54 67 2 32 
96 84 80 1 25 35 31 4 81 63 38 45 92 73 26 91 75 58 76 28 70 86 2 38 52 28 31 76 48 1 5 83 0 87 36 10 99 63 63 52 93 23 87 62 11 66 76 2 96 26 71 64 50 8 96 4 97 78 71 6 15 74 99 55 48 68 70 21 60 2 81 11 37 15 84 26 69 18 58 63 33 79 83 98 70 48 63 56 46 30 64 35 96 88 58 60 49 75 80 70 46 44 77 65 16 85 19 80 21 33 6 11 51 7 14 71 1 2 51 94 62 
46 75 18 86 97 3 38 14 66 79 44 75 56 86 84 7 43 57 72 47 94 95 91 13 58 5 85 92 25 71 70 49 61 0 56 6 21 8 15 97 41 32 24 68 52 27 82 99 56 19 2 16 11 2 34 29 61 35 31 95 13 24 66 3 11 92 60 60 41 32 31 65 76 86 13 68 47 14 10 63 6 89 61 13 73 81 55 25 23 47 34 68 12 66 58 76 83 94 50 88 27 56 90 90 77 86 29 93 41 35 59 12 84 47 10 16 26 25 22 21 31 
26 9 17 30 69 45 63 89 29 25 62 68 72 66 31 76 38 22 42 58 61 48 74 72 37 49 59 26 54 47 30 84 10 44 0 4 7 91 89 62 60 22 4 43 20 42 46 65 39 18 42 94 63 25 18 81 81 92 8 95 96 44 10 50 88 72 99 43 85 92 21 1 42 20 91 51 74 50 8 52 80 63 59 24 1 71 81 24 21 99 85 8 69 89 82 30 10 28 67 32 90 27 21 70 63 54 17 46 87 60 88 93 44 14 48 77 47 84 77 81 99 
64 20 59 88 93 65 35 71 59 44 41 76 60 42 47 18 15 26 27 31 42 76 18 21 4 95 91 59 9 26 7 72 81 8 6 0 85 81 6 36 54 29 91 1 84 60 81 10 54 66 95 84 92 67 79 99 23 8 46 53 53 50 42 29 87 8 82 3 15 99 32 48 67 8 78 43 65 40 17 97 75 79 96 91 1 76 43 92 61 60 2 64 37 34 58 73 95 4 91 77 51 55 75 64 8 14 94 32 64 2 19 32 38 79 4 80 57 51 58 29 33 
37 35 76 76 36 67 2 65 91 48 41 50 49 44 61 36 38 69 13 76 27 48 91 15 28 20 81 13 82 46 98 42 61 24 93 8 0 8 41 8 97 57 16 9 40 82 87 10 8 5 88 85 1 18 43 73 26 35 74 54 46 43 30 60 8 80 28 83 54 94 11 63 90 98 55 16 37 75 7 73 43 49 3 8 55 15 85 76 69 51 56 57 6 36 41 21 85 25 60 98 53 4 5 27 70 10 89 70 51 91 81 69 37 58 24 59 72 95 18 99 86 
42 3 91 90 51 94 97 16 72 54 20 95 58 21 69 50 1 91 59 61 15 95 18 62 44 5 10 16 48 93 46 8 41 80 4 11 89 0 67 65 40 21 18 71 59 58 74 88 39 6 59 97 56 58 83 58 19 48 95 6 32 45 35 66 46 15 62 45 48 80 65 70 75 64 62 1 19 6 99 52 61 96 29 60 64 76 46 19 29 18 92 75 4 37 55 82 60 92 11 81 79 31 70 31 64 24 85 45 10 69 31 62 7 28 23 25 88 18 61 93 20 
74 25 87 82 6 45 73 44 1 24 54 74 84 18 49 74 16 59 12 49 96 72 51 94 49 32 26 49 59 19 17 63 82 26 69 14 72 69 0 98 91 75 26 70 92 69 99 19 83 10 62 13 33 73 5 59 35 50 8 30 95 39 94 94 24 76 11 5 20 14 43 88 35 9 76 80 16 84 13 2 53 98 46 89 3 30 32 88 99 70 29 26 24 52 95 28 94 77 33 49 68 10 22 47 4 63 97 70 21 1 84 37 76 52 74 79 82 61 41 90 29 
84 93 58 5 76 40 81 7 14 99 80 21 9 37 62 18 70 10 5 3 2 58 27 52 92 11 61 89 49 57 18 75 13 28 57 76 68 56 23 0 93 14 22 96 50 81 88 51 9 92 11 26 74 55 2 84 25 22 35 50 15 17 77 16 42 76 89 84 42 90 73 95 76 34 55 74 98 14 70 52 78 64 61 7 42 96 34 23 46 14 65 75 69 40 94 94 69 55 81 68 74 95 28 52 56 27 26 85 31 26 27 7 88 6 26 69 47 84 32 2 57 
99 42 87 79 18 59 24 51 89 67 90 24 22 29 41 48 29 34 20 27 43 32 61 96 51 99 47 74 59 13 81 38 77 29 48 67 44 41 99 87 0 41 21 95 64 59 1 92 75 98 87 97 58 48 31 88 99 61 5 36 35 28 80 28 76 5 9 69 87 75 29 66 51 3 31 68 3 97 49 79 5 6 45 1 51 1 75 52 44 37 90 99 30 65 50 2 61 43 26 19 14 35 32 69 89 99 72 31 89 54 87 54 68 23 42 99 18 9 22 3 29 
95 4 45 3 59 69 36 92 37 17 70 79 83 48 57 40 33 46 96 9 16 79 62 3 48 25 30 7 43 63 14 71 1 65 18 32 99 91 21 51 40 0 3 16 4 71 62 90 16 82 68 8 42 51 90 99 61 70 74 22 49 1 89 57 11 17 65 85 59 22 2 75 33 34 54 95 60 79 66 59 85 41 10 79 69 94 20 35 1 62 77 8 18 47 23 37 21 44 43 98 59 83 76 13 34 54 40 9 67 51 35 22 57 67 22 32 18 18 61 25 62 
18 72 40 17 44 43 18 4 92 69 73 95 24 36 53 49 90 51 45 17 63 87 42 12 87 15 19 49 75 46 66 7 96 67 21 15 53 12 39 74 26 8 0 68 44 5 44 79 78 34 34 83 17 47 54 38 31 75 83 62 54 49 80 20 82 5 28 15 16 34 12 73 8 14 99 46 58 73 69 40 9 64 84 29 42 13 68 97 57 19 10 37 98 67 78 68 62 10 9 46 71 1 37 35 94 92 35 28 5 7 6 39 6 46 43 91 33 50 52 8 52 
43 84 67 20 8 9 65 79 76 95 62 32 81 12 80 15 40 86 36 56 89 38 64 31 1 85 81 37 5 6 77 97 87 93 78 50 5 76 50 53 78 8 81 0 4 23 45 24 38 19 87 50 44 63 82 11 45 73 86 33 35 38 55 84 45 60 71 22 68 9 8 77 98 1 28 52 64 21 61 20 22 35 77 33 54 27 74 55 7 91 52 99 83 7 13 15 40 11 97 76 31 4 86 83 62 2 26 95 51 20 20 76 9 70 82 87 54 92 97 59 34 
63 83 20 28 72 22 18 6 40 29 3 18 64 4 25 67 36 18 4 71 70 93 41 73 44 41 90 7 15 27 98 81 58 86 26 1 31 7 43 61 38 86 85 97 0 88 56 84 59 23 84 77 72 89 12 26 60 85 65 26 4 8 78 19 62 72 94 23 12 30 97 84 72 22 34 50 90 81 77 24 34 5 86 5 76 88 71 78 16 26 91 44 81 79 74 95 15 26 52 3 85 75 36 34 59 11 20 97 30 40 37 15 72 49 59 30 21 59 98 44 99 
24 28 24 62 24 59 72 68 29 46 81 50 3 38 12 84 41 41 56 10 95 43 72 4 43 97 27 44 5 92 22 77 34 6 40 15 8 85 41 46 79 73 63 21 64 0 89 11 87 5 79 43 65 2 12 26 39 51 84 55 39 28 22 31 19 75 96 25 12 65 60 20 30 99 85 75 83 90 50 93 92 38 2 55 36 75 16 77 18 43 15 19 27 1 2 57 85 62 75 81 33 89 92 28 1 24 31 16 58 69 67 75 76 90 32 19 86 61 17 70 66 
61 34 38 3 21 53 18 57 71 16 94 25 29 68 7 91 9 60 72 14 26 67 84 49 72 41 93 58 72 19 86 59 85 73 66 45 42 45 92 62 34 96 63 81 63 99 0 74 17 36 72 2 66 14 7 93 83 1 1 86 32 22 10 21 48 45 71 3 62 51 37 43 9 73 42 46 78 8 69 43 25 4 51 99 67 75 21 5 44 96 44 69 94 2 50 84 39 5 56 55 9 92 32 7 90 85 7 67 14 35 18 43 82 4 59 13 71 46 55 39 18 
11 50 12 78 11 35 35 96 43 19 71 43 84 90 5 19 22 33 15 90 88 43 71 22 30 16 14 22 63 73 33 9 35 41 15 54 76 11 64 12 14 67 38 89 32 23 3 0 6 59 62 5 85 42 52 35 28 14 35 60 15 55 83 95 80 16 36 55 11 31 39 28 33 80 17 44 49 60 71 90 12 53 99 80 98 17 19 97 41 98 19 85 73 57 39 96 46 92 56 9 3 92 13 98 34 84 43 27 94 14 56 25 21 41 14 87 21 45 81 86 75 
51 6 43 82 10 20 24 28 31 39 79 19 87 57 33 17 39 15 9 90 83 7 64 36 37 91 16 88 76 28 76 35 4 66 43 94 84 54 58 68 46 95 89 60 85 17 8 53 0 19 98 53 87 95 96 4 12 2 53 48 69 75 79 27 51 73 46 93 85 5 17 90 43 91 62 39 46 87 84 32 2 65 98 79 63 87 50 58 24 34 27 4 30 95 36 49 10 8 73 89 1 18 40 78 69 50 94 34 53 73 82 57 22 72 30 70 70 8 78 55 77 
50 23 79 11 54 44 29 89 85 65 20 43 35 59 87 31 29 98 70 51 24 41 14 58 81 35 53 8 53 33 30 9 54 30 82 57 84 83 41 46 94 54 16 83 71 83 62 2 54 0 39 94 46 81 19 56 17 66 17 62 94 63 61 53 93 52 97 56 74 52 23 72 75 96 51 8 17 15 16 44 38 78 37 66 55 36 75 16 88 90 5 75 41 7 15 43 10 26 53 59 19 81 86 44 18 35 73 51 22 96 16 49 82 50 63 91 59 45 64 77 95 
6 46 13 20 42 58 55 5 86 50 11 20 60 67 62 32 89 4 71 36 17 39 4 74 13 4 10 36 5 8 78 58 36 97 67 40 45 33 32 98 61 87 5 38 73 47 87 50 35 10 0 85 50 63 51 31 56 96 5 84 72 39 13 59 93 93 27 76 62 57 74 11 18 67 23 66 80 78 82 7 93 28 70 25 35 83 90 93 11 77 33 39 60 1 80 84 5 23 91 98 43 77 34 57 22 16 71 22 31 31 9 71 95 2 88 70 81 15 30 48 33 
53 76 17 49 46 2 34 71 64 91 70 22 35 39 79 49 66 72 4 93 16 84 37 36 73 12 90 83 50 6 81 99 89 44 79 55 39 61 73 20 4 63 77 76 62 26 30 90 4 8 71 0 19 27 13 85 25 28 6 4 11 76 56 99 10 87 52 98 16 73 54 98 14 77 99 67 45 20 23 61 65 14 95 63 65 54 94 65 97 52 44 41 96 42 99 92 40 79 51 6 14 67 30 8 70 81 95 15 31 77 96 24 57 98 33 3 15 16 53 33 50 
7 69 31 47 74 47 84 89 40 59 39 97 59 11 30 82 58 17 43 84 92 97 26 95 89 84 16 64 19 91 71 27 48 22 28 30 56 13 30 18 14 39 35 92 60 9 16 29 42 49 2 69 0 84 58 76 95 44 76 72 70 53 60 67 20 2 93 60 33 52 61 4 86 49 35 38 30 19 51 40 74 24 97 65 59 43 50 25 50 99 71 94 14 28 82 64 19 10 66 44 60 29 8 88 75 60 6 9 8 7 17 32 83 36 71 90 55 98 99 80 51 
66 83 86 46 28 53 40 31 4 71 33 42 86 26 35 98 53 42 21 25 72 22 76 17 78 69 30 30 87 51 66 7 61 20 88 11 87 74 25 36 73 2 50 27 56 1 29 11 54 22 5 80 84 0 19 83 96 79 24 35 87 29 97 77 11 72 28 47 72 10 42 54 33 43 3 99 63 60 94 8 96 59 71 14 36 41 15 54 21 24 48 84 47 55 96 68 5 52 74 75 39 60 6 65 70 76 88 22 33 33 76 20 16 64 11 79 12 36 39 71 89 
27 39 37 31 49 69 45 56 89 62 86 18 70 85 88 98 68 25 41 27 50 53 7 86 82 53 1 23 34 68 95 6 48 74 1 23 80 58 77 96 33 79 69 43 73 43 43 32 34 62 25 47 9 92 0 60 75 13 81 62 73 98 38 23 58 94 23 35 4 16 27 83 72 63 12 32 95 60 26 2 47 69 16 72 89 86 80 52 88 39 3 70 58 78 8 58 64 81 36 83 64 39 75 26 58 91 71 13 9 95 77 39 17 94 88 57 33 61 17 43 71 
94 57 94 18 96 95 58 5 89 42 19 73 85 6 26 41 71 49 53 66 38 34 45 14 40 90 50 55 6 85 96 79 71 87 41 7 82 72 94 98 3 13 97 14 25 69 43 18 6 61 35 31 76 11 89 0 57 20 8 67 43 91 28 74 3 29 29 73 39 58 82 88 33 71 96 46 30 98 75 51 38 50 97 10 19 95 19 91 98 87 78 35 63 43 68 16 63 67 30 20 96 82 26 70 31 70 14 15 1 49 91 11 41 30 5 55 99 6 9 46 9 
22 79 85 68 69 7 3 1 20 62 14 34 91 89 88 22 11 75 83 67 57 16 52 46 96 19 15 31 85 87 4 98 56 20 52 29 22 23 1 9 79 30 59 28 1 82 28 5 77 96 99 57 97 81 34 51 0 23 2 34 2 51 78 3 70 86 88 41 60 80 78 80 58 40 48 1 20 22 5 20 33 60 59 96 86 14 37 41 79 96 89 78 40 95 29 37 90 10 13 77 42 44 60 26 15 46 76 16 17 39 40 92 48 50 67 63 54 86 33 49 98 
29 51 2 35 3 58 32 97 59 39 97 6 52 26 33 45 67 61 84 85 22 80 29 48 10 30 18 53 49 23 81 99 70 66 31 34 75 59 28 56 83 7 69 30 30 55 23 17 46 37 7 34 82 94 36 4 99 0 92 21 34 82 58 88 75 74 46 54 42 37 54 16 54 34 99 45 83 30 78 46 2 47 79 33 62 26 34 79 74 64 99 57 39 90 89 81 33 46 16 29 30 97 83 96 68 1 15 4 45 48 52 32 87 13 68 32 39 30 25 56 37 
29 64 3 90 34 68 88 18 2 47 6 93 39 32 50 7 82 71 15 37 77 29 76 10 93 38 61 34 10 14 28 56 8 11 55 53 7 87 43 5 27 64 81 77 30 79 68 22 38 20 71 51 21 54 61 43 43 8 0 13 69 98 68 59 50 98 70 42 36 31 83 15 87 12 8 30 86 57 44 37 64 66 51 14 95 71 73 2 47 41 56 38 4 86 65 88 13 73 89 34 85 23 87 67 64 63 54 87 71 5 93 82 56 70 14 58 33 70 53 28 34 
30 83 71 5 14 45 9 42 62 20 36 31 44 34 76 66 64 7 89 41 90 34 6 98 59 66 9 1 93 56 89 96 41 28 57 67 6 14 31 36 28 81 14 94 82 20 83 57 32 76 19 27 84 19 54 66 14 14 14 0 32 7 83 95 67 3 16 27 90 29 43 35 98 53 20 58 23 16 78 56 41 1 74 84 60 9 78 72 18 11 55 40 97 39 34 90 90 25 89 83 68 25 71 84 97 5 15 89 55 42 42 17 16 30 9 17 95 41 86 60 7 
14 13 28 86 33 6 47 39 97 21 29 96 54 39 86 67 44 18 63 61 64 95 16 85 37 64 38 88 39 65 86 90 70 96 86 13 28 15 70 39 3 29 33 86 38 13 40 13 99 65 48 48 93 55 76 42 7 17 97 92 0 15 54 33 11 93 65 75 75 49 46 35 68 69 90 74 13 93 84 92 93 23 46 75 18 63 33 47 52 95 3 15 52 83 92 75 32 14 43 54 5 92 29 42 90 50 10 38 32 45 69 54 99 20 90 29 29 79 19 7 81 
45 36 4 39 89 31 8 90 40 11 24 37 54 97 97 22 16 29 29 88 61 73 3 22 17 95 93 22 94 82 44 35 39 9 61 91 9 5 30 98 25 50 77 31 25 98 28 26 5 35 76 30 51 59 35 9 74 72 57 97 22 0 4 3 71 8 7 95 78 73 60 96 29 54 41 23 68 76 66 91 29 40 87 87 14 70 15 10 18 38 80 29 16 21 47 83 91 5 88 85 16 59 90 43 64 7 86 35 15 37 45 91 63 71 55 75 95 41 45 77 30 
33 48 98 64 81 94 46 84 51 40 2 28 99 91 63 99 10 23 94 26 88 84 7 44 28 61 98 60 33 96 61 23 9 80 1 58 76 5 81 98 38 45 77 77 52 31 18 38 97 71 56 30 28 63 20 63 43 7 28 67 19 89 0 96 18 81 93 82 15 22 91 96 24 10 90 40 60 25 44 56 61 73 47 62 29 65 75 44 80 64 69 70 94 24 30 13 85 35 35 5 73 36 88 81 9 71 91 5 17 95 79 95 64 46 16 30 77 54 80 66 73 
61 49 59 67 23 31 89 1 19 62 16 48 77 10 14 97 19 10 11 84 43 13 94 4 97 6 49 65 39 93 1 68 17 52 82 10 11 7 63 90 99 7 38 5 53 32 34 74 98 41 52 70 93 89 27 10 87 85 58 78 97 69 65 0 74 27 79 60 13 28 40 61 9 58 97 87 8 56 57 80 3 17 94 79 33 89 67 12 28 76 18 39 50 49 38 15 62 62 60 77 44 35 99 62 15 59 91 21 26 94 78 50 98 99 39 75 91 95 25 23 96 
79 6 37 82 26 91 62 38 72 86 21 49 9 89 70 74 50 41 60 2 72 8 72 81 76 15 20 88 68 78 63 39 79 24 10 86 57 46 5 33 91 85 72 47 5 9 74 72 32 53 28 72 59 15 3 14 11 69 63 65 12 77 22 18 0 73 41 51 39 50 8 68 34 10 65 73 14 87 25 83 58 37 75 64 25 66 23 82 95 54 48 57 29 17 84 20 86 12 28 81 27 48 79 96 83 58 69 72 93 7 22 7 66 62 8 75 24 78 93 94 18 
59 80 64 29 68 99 6 24 38 97 30 71 87 54 69 32 86 21 36 85 68 28 94 22 78 2 65 99 56 80 55 46 61 63 82 36 10 93 88 79 23 1 74 2 74 22 93 56 88 70 31 68 81 18 41 51 24 11 79 55 8 52 54 93 61 0 16 82 34 43 56 90 82 8 23 61 44 96 77 16 22 60 80 92 3 60 6 55 21 76 44 25 72 9 92 52 71 91 64 21 16 65 59 53 30 17 37 69 80 86 55 58 10 87 64 17 95 61 90 46 73 
53 12 20 60 4 92 7 18 33 6 72 69 47 20 66 61 79 7 31 96 53 96 18 92 71 67 4 82 36 3 81 55 8 56 50 32 70 16 52 10 39 44 94 71 7 26 9 3 25 98 17 78 71 12 27 95 14 15 38 41 58 28 42 14 4 65 0 33 62 99 21 47 8 43 59 72 38 31 85 84 67 66 21 13 85 50 4 24 97 80 90 24 76 22 10 96 51 2 96 23 92 71 31 14 25 48 59 21 78 34 86 97 61 24 69 76 42 7 42 44 27 
89 77 98 64 28 25 33 48 82 12 58 15 70 9 64 64 88 57 61 69 77 8 62 43 41 2 15 77 80 11 32 86 95 34 99 94 12 95 10 25 29 33 65 88 9 28 22 4 87 85 38 92 5 25 15 43 80 94 78 43 64 50 87 68 81 69 43 0 27 47 26 28 28 46 60 40 93 88 39 68 77 60 79 12 79 65 64 26 95 5 45 87 50 59 86 59 20 84 44 25 90 79 9 88 96 63 94 17 51 76 62 61 44 92 93 65 22 93 11 54 49 
4 76 78 46 86 7 27 76 45 51 14 9 49 92 27 30 69 14 58 27 92 3 18 52 69 21 21 2 21 37 63 53 58 54 28 64 71 36 45 17 52 27 54 46 31 52 20 70 50 14 11 43 92 10 59 8 37 50 76 76 41 48 5 30 18 45 47 24 0 1 3 83 45 27 70 41 75 29 31 18 17 96 64 5 6 16 39 81 56 91 77 5 79 69 6 5 56 16 63 78 8 2 1 22 6 74 24 25 6 94 14 19 74 65 8 29 26 80 52 44 1 
17 78 21 3 32 9 40 90 67 55 55 87 80 30 70 57 30 80 18 32 61 36 90 14 44 86 43 69 75 88 24 87 52 43 97 61 14 23 69 50 95 71 24 95 88 28 83 44 8 7 76 18 20 88 20 15 50 7 67 5 90 43 27 50 85 27 36 2 46 0 86 86 19 68 7 28 21 57 73 38 18 40 17 80 94 88 60 25 42 53 24 19 11 42 16 5 61 52 74 49 90 85 26 94 59 39 9 41 82 53 58 21 98 34 35 72 59 49 96 99 74 
63 94 65 19 63 51 52 46 80 55 89 18 68 40 16 43 82 69 27 73 66 95 62 23 49 73 63 30 71 30 21 46 83 94 31 96 39 53 43 20 69 71 67 65 88 58 19 4 8 12 57 85 9 82 92 7 42 73 52 86 55 77 9 88 34 3 41 53 6 56 0 6 77 17 68 61 51 39 91 12 13 47 92 36 88 43 79 69 80 28 29 63 49 87 80 50 92 50 52 23 12 66 17 77 82 80 92 21 29 34 79 65 38 21 92 54 57 69 75 43 80 
76 73 93 73 79 58 81 34 45 40 69 6 76 94 90 24 56 18 55 1 21 43 19 12 68 99 15 98 42 67 64 11 8 27 91 54 15 97 15 64 92 43 23 89 1 54 52 13 82 9 24 82 39 91 58 98 25 59 33 2 19 34 16 32 67 40 29 91 71 67 95 0 19 5 26 64 69 91 34 7 83 52 5 53 32 39 92 25 52 24 31 85 15 93 86 22 99 47 89 70 22 77 36 25 32 18 27 1 94 78 72 10 79 69 76 61 99 65 15 8 33 
45 1 61 52 26 76 54 62 87 98 67 32 9 16 75 19 31 39 97 4 72 58 69 54 75 24 76 37 22 12 69 84 10 18 89 21 35 8 25 92 35 19 73 58 88 59 46 56 39 47 35 47 19 73 73 81 25 69 94 72 66 75 25 94 45 75 55 75 67 21 22 58 0 5 55 55 84 88 38 19 8 10 70 22 97 47 71 64 49 67 49 70 38 61 16 81 85 15 84 38 89 24 89 6 20 80 67 97 12 53 83 36 6 70 99 33 45 60 51 63 99 
48 45 26 23 23 95 6 96 14 38 43 18 48 19 32 23 68 66 53 4 92 56 16 2 77 46 38 40 81 90 26 91 8 15 6 63 13 13 39 58 77 8 6 99 60 29 62 19 44 55 60 11 90 60 57 53 93 44 66 8 96 14 45 98 50 52 78 20 71 18 32 79 40 0 7 71 41 34 5 57 83 57 21 6 64 10 2 36 81 64 90 65 44 52 8 24 91 71 89 85 77 16 7 47 80 21 89 10 78 72 87 47 5 62 41 4 8 96 11 40 38 
41 24 19 30 39 71 45 33 77 35 93 3 86 5 72 42 15 86 22 12 27 3 23 86 33 14 29 50 93 99 17 82 7 26 40 95 11 73 97 30 78 16 98 57 84 78 37 19 24 52 73 61 74 54 43 44 37 21 90 17 65 45 15 54 58 18 9 24 76 17 24 9 63 84 0 8 91 16 54 46 88 52 33 31 93 41 6 19 7 81 20 94 92 46 99 84 96 46 80 56 90 22 94 55 28 13 81 13 84 46 11 19 10 23 51 2 91 11 74 86 37 
13 78 93 72 77 83 72 86 17 9 78 98 94 10 48 64 59 19 11 77 41 66 76 2 48 26 1 24 60 36 95 44 90 98 45 94 2 21 41 25 99 45 73 60 7 78 83 86 3 99 78 85 11 87 21 10 92 79 75 25 65 76 97 60 55 21 23 87 73 40 30 91 27 28 74 0 53 60 10 25 74 24 39 51 52 83 49 77 98 25 7 66 7 53 38 71 30 50 68 65 37 89 94 43 48 14 14 48 18 1 88 79 11 94 65 51 8 67 99 38 64 
10 56 15 39 12 49 56 27 15 22 94 66 24 47 22 14 95 29 25 7 45 7 35 76 79 27 43 50 49 92 87 73 50 22 84 44 89 28 23 31 20 67 23 25 45 56 95 20 47 18 24 19 14 97 80 57 72 35 63 46 79 31 44 99 8 5 34 36 2 80 43 81 71 13 71 25 0 22 81 32 38 6 57 89 46 82 91 64 62 88 47 3 95 84 52 42 10 60 77 53 62 49 96 66 80 11 39 12 39 96 35 81 98 97 95 85 8 25 12 49 68 
31 68 21 5 65 41 21 91 33 96 25 60 67 21 2 64 19 10 18 4 82 54 53 11 78 13 25 15 11 74 90 41 54 92 22 89 89 59 3 23 79 74 60 98 36 58 47 62 8 76 32 11 12 90 89 50 49 68 85 42 21 27 32 62 19 27 89 21 90 90 28 47 76 60 33 76 22 0 84 12 3 69 29 81 2 79 19 65 17 85 19 66 48 44 62 79 13 39 46 39 56 51 96 37 78 43 52 64 74 95 72 88 79 67 84 51 73 13 58 64 5 
64 98 79 7 24 9 19 73 34 87 94 52 18 63 78 66 2 61 49 23 86 53 49 82 55 73 52 98 47 64 2 8 29 36 45 39 93 37 99 54 57 90 65 69 87 67 20 65 84 77 56 37 79 49 34 76 74 4 49 72 94 59 76 14 51 37 28 77 46 65 38 42 25 38 38 72 60 38 0 50 20 60 82 36 56 50 40 63 93 66 80 15 77 19 7 63 16 45 63 45 67 95 78 43 62 45 98 11 8 68 66 18 37 33 66 1 49 98 46 49 27 
71 7 69 37 45 7 14 75 91 85 75 46 67 89 93 50 69 50 27 56 35 6 83 52 48 49 8 86 91 58 26 16 5 38 28 16 60 53 68 30 87 50 96 72 43 92 57 10 70 17 83 20 29 25 96 45 46 78 42 53 48 44 41 42 98 74 9 54 1 64 41 41 90 73 88 22 91 73 68 0 59 62 41 12 90 44 52 24 57 79 22 33 88 31 42 32 73 97 2 5 41 59 41 63 61 80 76 58 70 4 99 90 19 9 24 89 31 9 73 78 37 
55 32 52 18 7 55 51 48 38 24 77 44 93 40 28 2 94 57 2 25 98 31 76 9 12 83 42 54 47 15 15 62 85 4 52 24 64 8 87 32 27 2 46 19 64 12 88 19 84 63 21 66 62 98 48 22 18 49 90 19 32 58 40 69 32 3 99 50 32 72 55 93 52 30 4 85 87 33 53 90 0 14 21 73 68 5 73 59 18 15 55 39 30 41 20 49 95 70 20 66 94 99 20 68 11 1 77 17 52 95 52 59 32 12 49 96 47 49 1 77 82 
24 47 94 55 52 50 72 82 85 52 6 93 26 67 29 2 60 70 52 19 78 7 42 63 86 76 10 22 61 68 29 50 59 18 95 20 22 48 14 25 22 48 22 57 90 96 92 39 20 14 69 24 37 2 1 20 37 64 49 5 72 85 81 16 88 93 16 68 25 17 73 90 8 92 2 33 11 38 17 25 23 0 1 34 80 51 43 26 87 74 80 42 61 32 19 70 57 75 37 91 69 57 35 95 22 82 10 8 34 10 52 76 39 26 77 41 16 89 69 43 9 
15 25 24 91 76 90 44 46 36 96 86 9 51 92 86 28 8 49 36 30 55 37 29 39 37 69 16 63 39 42 57 9 43 1 66 94 40 14 38 8 16 12 64 71 31 77 2 35 51 8 76 81 83 15 14 33 49 73 30 46 72 20 73 13 7 61 5 64 92 86 35 8 5 41 68 96 9 7 58 20 20 7 0 75 57 56 73 95 74 90 59 42 37 70 43 96 56 89 44 65 96 96 73 91 29 16 91 3 67 58 33 45 30 98 46 35 65 53 88 68 57 
59 27 10 44 1 40 50 54 1 61 9 44 62 50 35 72 25 88 56 21 43 16 67 7 37 18 17 22 64 94 96 18 60 18 22 14 21 1 90 45 56 12 73 25 21 4 46 92 65 42 67 8 14 65 21 40 84 45 28 12 41 21 24 46 81 94 21 35 93 48 48 26 35 68 41 66 81 66 60 41 48 95 94 0 80 76 38 93 83 28 27 18 35 30 78 62 60 85 49 11 19 16 60 98 77 67 58 11 54 97 90 86 47 86 40 27 1 98 77 14 29 
40 84 92 39 95 45 3 6 99 83 80 57 29 85 31 87 84 42 79 95 15 4 89 42 19 25 14 50 93 47 62 36 29 66 85 80 62 24 68 81 25 64 39 86 30 57 72 85 25 38 12 60 79 74 46 70 19 10 60 97 36 42 37 29 16 13 52 50 30 22 18 69 13 20 38 39 81 95 30 41 38 93 27 22 0 18 24 86 46 26 83 22 34 76 30 70 8 53 81 56 28 76 83 46 74 74 85 12 97 81 78 27 82 42 63 56 53 22 87 56 18 
39 7 53 58 34 4 8 61 76 30 84 11 50 39 22 24 72 33 98 57 31 34 70 66 97 31 22 44 43 47 62 28 98 77 22 72 31 50 58 71 65 78 46 67 66 29 23 14 58 29 39 4 68 43 23 64 79 99 10 86 31 49 78 25 27 45 63 99 69 53 54 2 81 4 26 88 47 44 55 9 15 60 4 8 87 0 53 28 74 89 78 99 56 4 20 63 31 28 76 40 69 82 78 8 45 55 52 68 93 85 39 79 57 62 59 7 76 12 29 44 35 
94 94 59 20 82 69 31 93 29 62 82 17 98 17 3 95 88 85 10 16 54 86 42 53 71 56 64 49 79 65 15 23 49 33 74 76 57 58 85 23 15 60 81 23 6 97 21 97 96 35 80 96 71 78 36 44 24 7 34 56 51 53 80 71 38 79 75 67 72 61 19 90 66 3 63 76 26 83 4 17 4 93 89 74 18 80 0 6 19 68 59 23 86 84 24 30 92 27 67 85 23 2 3 8 31 87 75 28 88 44 74 34 67 36 90 18 89 93 72 71 32 
76 1 90 17 94 74 13 22 94 17 89 58 51 35 86 17 9 42 68 89 68 31 31 83 35 10 50 26 70 5 31 98 75 51 34 38 62 14 42 9 12 64 85 84 76 29 13 96 48 37 33 52 15 22 15 57 9 87 50 75 90 89 78 4 11 9 12 19 19 8 9 57 45 91 97 75 2 90 48 26 33 26 95 8 64 56 84 0 64 95 64 58 92 72 27 44 69 65 8 1 71 60 43 6 6 20 10 99 46 21 59 46 47 93 66 92 53 24 11 10 40 
40 52 13 65 8 80 42 23 68 99 87 72 9 50 46 55 49 51 28 94 80 7 90 70 79 16 84 80 14 6 94 70 57 45 23 54 54 65 4 23 61 35 28 53 38 36 22 78 84 56 66 97 94 28 96 13 97 80 31 31 4 86 79 39 42 98 83 94 83 57 9 50 67 91 80 11 22 39 22 82 30 21 36 47 15 42 60 35 0 57 34 82 4 97 12 8 65 17 74 18 53 88 92 19 55 59 9 57 20 34 97 92 84 69 99 92 48 28 14 48 69 
86 5 39 85 27 76 41 89 29 91 73 51 99 37 7 43 76 69 50 21 85 60 71 45 96 11 41 44 75 54 47 26 97 23 92 38 19 41 10 50 57 99 72 52 88 58 49 39 71 49 31 11 93 97 65 34 56 88 84 23 19 82 59 25 46 64 80 7 25 24 89 18 66 15 84 51 68 52 96 35 42 57 45 87 57 88 61 33 26 0 12 91 27 89 36 59 89 32 1 84 88 49 9 83 87 79 78 48 43 8 49 58 88 12 71 68 26 3 50 38 91 
64 64 69 72 16 61 40 41 83 78 42 52 69 98 29 93 3 2 51 47 24 90 91 81 62 51 26 43 97 97 90 6 72 57 27 21 76 11 59 28 73 81 34 56 63 8 15 95 9 73 10 53 20 86 66 6 69 44 37 9 98 36 44 61 15 61 17 99 38 98 12 48 29 61 67 99 12 5 7 64 10 42 3 36 75 90 73 68 95 84 0 81 27 14 11 73 52 25 33 48 95 77 55 43 65 29 87 63 73 59 18 63 90 76 94 18 57 20 87 26 78 
75 74 20 17 54 82 78 21 42 73 70 80 71 14 27 85 24 92 17 51 75 80 6 16 1 71 80 13 11 40 40 69 10 77 72 67 34 36 30 93 49 81 97 5 71 4 94 75 99 22 73 98 31 44 24 97 48 73 31 55 70 24 10 61 14 45 31 44 78 5 71 61 58 95 88 34 80 71 38 56 14 45 53 19 27 94 6 16 42 24 63 0 8 45 38 3 33 87 39 43 18 19 2 54 63 21 85 92 82 45 35 89 91 76 4 86 96 94 20 75 27 
60 53 89 47 76 35 40 60 41 19 36 63 13 47 70 9 86 17 86 43 39 45 18 43 56 85 51 30 2 94 85 96 6 53 38 16 11 71 88 31 22 13 17 85 18 59 94 44 8 15 94 75 87 73 64 50 34 82 26 13 21 24 18 39 4 73 27 45 36 7 99 67 22 81 43 30 31 56 51 78 80 93 60 95 99 18 39 76 69 15 59 46 0 1 60 64 45 43 29 87 60 10 66 80 9 95 54 15 62 52 51 60 88 16 21 98 63 47 50 6 21 
97 88 21 54 11 84 13 40 19 1 93 36 55 94 16 68 94 52 26 35 78 87 51 36 12 79 9 98 27 83 97 88 77 42 2 49 83 47 33 78 98 47 41 3 98 6 9 24 39 98 85 24 39 50 29 84 40 49 23 88 76 96 94 11 30 18 6 72 30 98 82 63 59 65 15 57 17 31 38 25 32 85 14 89 66 18 3 94 13 86 6 52 56 0 1 74 71 86 7 92 78 87 78 60 11 68 94 54 18 27 76 63 91 17 99 65 26 22 53 12 16 
21 88 61 49 63 88 34 67 18 41 78 36 22 13 58 24 95 18 92 70 13 60 69 42 82 99 47 74 62 4 65 91 10 13 57 83 7 62 64 38 61 36 56 26 21 42 75 85 55 90 68 87 24 84 3 70 45 5 76 45 29 84 48 90 71 56 54 10 6 25 69 81 63 49 59 34 56 91 25 94 69 33 4 60 26 84 29 54 41 13 14 61 10 61 0 61 9 69 50 80 77 44 62 24 76 64 60 20 5 45 81 78 4 83 32 23 8 38 54 6 42 
26 99 63 19 74 55 13 96 16 70 58 36 12 40 36 57 9 69 37 95 53 14 43 51 33 40 30 10 74 67 31 79 45 89 9 33 88 47 97 19 14 60 40 18 19 74 94 75 68 95 60 7 9 3 13 80 19 85 76 29 65 75 77 47 94 16 23 91 29 10 77 90 2 43 82 96 59 53 80 38 68 13 41 15 26 19 3 24 66 94 37 18 58 37 9 0 7 50 35 14 96 81 76 21 36 62 54 8 71 97 86 43 79 81 52 59 39 13 96 8 13 
94 27 5 67 69 91 39 39 82 83 18 48 86 29 84 12 86 65 87 3 78 40 82 49 57 49 62 84 93 15 55 93 20 48 18 66 81 26 26 80 7 52 45 46 36 11 63 35 45 58 8 53 62 1 28 73 11 33 48 53 46 68 9 88 21 74 33 88 34 92 64 81 63 79 3 70 18 98 42 72 26 67 83 51 83 90 48 75 91 3 51 6 26 7 54 79 0 36 98 98 33 4 85 85 30 86 97 1 9 52 35 38 44 71 97 72 57 38 24 9 70 
36 64 45 28 68 18 8 46 14 97 55 53 16 90 12 44 93 68 85 84 75 95 15 90 3 32 8 45 5 73 13 52 46 80 42 6 22 84 90 99 38 7 82 37 39 34 27 42 51 40 83 63 38 98 7 19 70 92 33 18 97 57 81 63 91 47 19 55 26 12 82 9 85 65 17 15 32 29 12 40 23 94 7 19 73 98 40 6 1 92 98 4 93 76 58 59 24 0 35 5 9 23 73 57 11 83 53 24 66 30 80 13 15 82 57 60 42 43 3 31 31 
57 82 98 69 98 16 12 56 86 31 49 58 58 94 32 55 32 15 30 3 91 44 77 59 98 89 55 69 72 44 56 21 32 40 12 11 9 90 21 1 88 92 57 74 61 89 24 38 52 33 99 55 75 74 9 29 27 63 23 16 8 38 73 41 32 21 64 56 85 49 25 35 88 57 9 72 22 15 91 39 59 47 4 61 12 66 2 38 64 94 65 42 37 34 26 56 20 72 0 40 72 98 45 87 94 36 82 26 12 61 31 38 24 83 40 69 84 87 86 44 71 
47 9 35 18 21 50 12 85 96 13 93 1 25 42 41 49 62 78 33 31 55 19 23 21 30 75 60 20 91 27 29 81 45 20 55 37 4 14 41 80 71 56 14 30 31 29 15 51 69 76 80 40 62 45 45 30 18 10 42 50 41 42 23 43 51 82 39 58 63 49 56 88 15 45 94 44 69 24 22 53 97 71 44 36 9 97 12 43 81 8 81 47 8 39 42 81 92 70 21 0 90 79 51 25 57 16 97 61 60 51 92 81 71 62 10 39 18 91 91 19 13 
83 3 57 7 34 25 72 86 22 24 7 41 2 66 32 43 82 4 85 54 98 16 33 58 91 20 36 27 91 31 11 78 22 38 25 61 97 15 1 93 56 1 28 20 26 11 61 5 74 4 51 45 55 4 3 54 59 61 78 53 40 48 14 58 96 68 21 87 76 94 37 34 67 67 3 59 44 64 43 90 52 85 39 76 47 82 17 62 44 73 93 13 53 51 30 84 54 5 8 1 0 82 71 44 6 54 53 50 37 25 35 11 77 69 27 12 5 94 26 24 18 
26 80 17 98 2 31 53 56 78 50 78 80 47 27 13 44 85 48 90 24 12 45 68 17 22 21 93 93 65 11 14 22 87 59 70 91 52 14 93 93 82 85 95 28 53 28 6 63 63 38 13 25 10 38 38 76 81 63 75 86 22 18 5 44 25 99 95 33 42 84 16 57 74 55 61 53 89 51 40 8 64 45 13 90 4 23 73 48 50 34 16 10 71 85 79 93 5 80 87 19 50 0 92 91 2 56 24 58 3 11 64 12 38 71 96 20 86 71 53 7 46 
40 1 32 31 39 80 66 36 2 79 57 88 30 86 24 65 33 9 25 68 15 22 61 3 35 54 94 42 64 50 75 16 46 72 74 10 26 7 50 90 61 69 73 78 79 75 32 7 43 65 12 70 11 36 5 75 81 76 10 97 91 74 45 31 65 70 3 50 70 60 63 58 47 20 44 70 41 71 93 31 85 96 3 79 66 32 68 94 24 40 3 91 8 17 38 9 92 73 57 63 24 14 0 59 36 82 93 2 62 25 63 40 45 43 67 5 63 1 51 75 50 
54 37 2 17 62 64 90 13 7 14 13 87 74 8 8 49 62 46 92 56 62 80 73 69 57 38 97 43 24 95 34 33 95 10 36 94 34 1 16 88 48 46 85 18 48 64 97 45 2 77 49 51 26 39 60 97 1 96 78 56 98 62 44 31 3 41 48 97 98 76 21 7 2 41 3 75 39 16 51 31 6 12 81 99 92 56 37 70 55 6 23 44 14 35 2 97 73 34 52 43 39 6 22 0 58 83 87 53 67 20 74 73 44 65 43 20 31 77 68 60 26 
93 24 17 9 3 20 19 6 13 59 9 39 25 4 19 65 45 18 82 60 57 7 9 17 30 40 54 60 91 26 6 98 97 2 66 85 59 4 30 7 82 92 23 19 32 53 56 31 32 76 99 47 64 93 21 30 65 35 34 17 41 87 69 96 30 81 69 37 81 10 28 9 99 74 93 36 71 95 42 7 54 64 90 37 53 65 95 16 20 23 42 40 69 3 35 50 59 48 94 43 77 58 62 77 0 45 85 85 59 85 24 37 81 68 49 32 88 49 38 18 58 
42 50 8 58 6 99 44 56 89 97 68 80 31 46 95 73 84 7 32 86 85 42 47 80 93 46 5 97 17 12 5 12 85 80 7 99 69 76 71 47 76 55 34 25 67 31 23 43 82 66 14 21 67 35 93 42 71 57 52 55 73 25 12 21 43 57 71 3 74 79 77 89 20 86 88 64 63 55 30 44 67 66 99 96 47 8 85 65 17 24 98 57 58 95 76 3 86 41 53 9 65 11 11 59 83 0 35 38 69 54 62 64 43 57 61 33 62 71 66 15 3 
77 96 57 60 42 37 88 46 70 42 51 61 83 27 77 85 69 91 46 45 29 30 93 40 15 24 58 30 84 12 4 58 15 84 77 35 75 10 30 90 35 95 96 63 37 29 23 91 63 42 36 14 21 8 39 57 53 34 64 21 33 70 27 99 37 55 72 18 67 60 49 6 69 96 72 25 89 79 79 51 61 60 73 25 82 32 64 88 26 92 99 10 7 25 78 87 52 97 41 59 71 95 66 21 86 24 0 15 43 90 86 91 65 1 17 45 1 27 69 20 12 
79 77 6 88 77 50 22 27 35 61 93 1 71 65 7 16 80 58 51 8 67 21 14 26 68 13 43 88 94 12 80 69 32 8 45 70 57 5 69 70 56 66 15 69 15 34 98 49 83 29 31 38 88 92 18 84 50 42 82 18 77 68 81 63 10 53 40 48 1 34 12 27 2 19 45 79 11 30 19 72 73 13 82 91 23 59 89 73 45 29 61 13 58 19 55 82 47 24 4 18 24 80 39 43 41 75 57 0 57 65 92 71 40 62 12 6 52 46 55 42 39 
34 19 65 71 87 51 94 77 26 76 52 34 92 85 21 71 78 90 98 73 55 42 71 68 40 96 76 14 31 16 17 40 4 39 84 11 65 84 86 52 17 85 66 33 80 3 92 28 14 72 20 63 93 4 70 49 79 32 28 69 90 25 80 14 87 51 39 46 15 13 90 74 9 19 4 10 35 59 2 86 81 57 3 65 78 21 92 9 45 73 25 87 98 56 85 27 32 54 36 95 62 17 52 55 34 51 4 73 0 58 85 17 63 93 66 38 66 32 22 49 69 
33 72 42 83 24 66 26 3 97 1 1 77 46 43 97 46 29 14 70 77 28 99 29 71 24 26 55 3 53 51 76 59 30 74 29 92 11 53 57 12 7 95 49 55 44 74 12 70 46 56 56 25 64 52 79 57 87 75 64 87 44 86 34 86 34 28 43 79 66 56 84 12 19 47 61 70 74 26 51 13 96 31 9 75 95 70 5 11 10 18 53 66 5 97 92 88 4 54 4 39 64 19 55 55 71 40 62 11 41 0 54 66 12 78 70 56 74 20 23 58 30 
98 7 75 89 86 97 39 6 15 58 22 26 31 16 38 11 44 60 6 95 84 35 45 40 8 61 99 80 66 63 14 45 74 32 26 46 24 35 88 83 93 40 73 70 45 96 16 46 23 26 32 25 59 89 40 1 16 45 68 77 60 88 33 80 18 25 53 89 31 73 92 71 97 41 67 80 24 39 37 89 89 95 85 46 39 88 38 78 60 67 65 49 85 24 23 4 56 57 87 22 51 69 40 39 66 35 62 25 71 46 0 4 27 79 34 38 16 82 87 39 34 
62 66 84 76 95 90 26 93 24 98 74 32 63 52 48 68 65 46 44 76 61 9 10 24 50 39 79 64 11 21 9 97 74 70 11 18 52 28 9 84 41 63 61 39 45 77 5 52 76 92 92 44 88 21 90 82 89 39 69 58 40 69 53 34 95 89 26 49 82 58 9 43 92 48 1 97 84 52 64 10 60 60 67 26 43 39 19 81 27 71 97 12 24 88 33 30 2 91 35 75 75 40 77 40 20 38 96 62 64 97 99 0 2 34 61 25 50 50 58 43 91 
22 58 75 50 93 91 32 83 76 42 78 37 33 28 29 60 64 65 9 22 53 58 20 82 80 4 40 25 87 37 58 49 34 86 91 58 80 57 22 1 38 32 81 50 82 55 21 97 8 72 4 88 42 25 97 57 95 73 50 11 21 11 98 20 51 72 12 51 72 61 48 63 66 57 85 45 65 13 85 15 70 63 76 65 71 63 36 23 83 31 35 28 13 47 56 51 52 98 85 1 33 88 37 22 72 16 8 85 3 49 38 7 0 22 73 63 81 57 68 85 49 
22 37 79 46 82 27 87 14 44 51 87 21 49 24 5 70 75 43 92 97 99 52 76 59 90 17 54 42 27 63 19 97 12 96 45 36 38 84 36 78 45 88 60 22 70 19 34 18 77 54 60 83 28 5 27 72 90 50 87 39 19 16 56 38 39 23 93 38 9 1 23 12 33 78 18 88 6 35 43 69 11 93 91 23 47 9 45 71 91 31 77 52 20 15 12 12 99 58 49 25 17 87 41 44 33 82 30 90 4 14 14 66 7 0 80 32 43 73 88 1 72 
22 85 49 14 82 66 39 41 69 66 97 22 8 83 99 98 2 43 16 32 45 92 93 62 20 20 42 49 23 70 2 2 70 42 16 6 5 54 17 21 69 77 38 48 34 23 6 38 87 1 52 95 4 47 53 29 30 96 86 46 66 35 41 45 76 71 64 16 56 76 55 32 26 36 30 52 6 76 72 97 26 39 38 44 87 55 10 18 1 83 71 25 69 79 49 12 44 43 54 59 86 62 72 22 67 60 32 55 3 35 97 58 12 55 0 39 81 75 83 71 90 
36 9 68 74 35 41 76 38 78 41 29 61 15 15 65 34 4 67 82 95 36 81 7 69 21 62 76 68 36 39 35 87 43 22 53 79 69 59 69 26 98 10 73 65 28 18 30 53 83 7 12 38 85 27 58 4 21 83 37 18 74 53 86 84 75 25 86 41 85 61 12 85 34 21 68 40 64 23 40 6 7 39 31 86 2 27 10 58 54 71 76 60 38 95 95 4 70 14 66 5 59 75 17 92 50 85 39 44 86 4 5 66 34 32 56 0 75 63 56 24 88 
62 27 98 34 63 17 66 42 69 67 41 31 66 38 45 29 44 62 30 86 24 16 91 96 23 6 35 58 94 98 59 14 40 89 32 99 93 77 1 26 66 47 84 40 63 13 96 24 65 58 87 49 43 84 66 4 68 29 31 17 31 72 16 48 90 76 60 41 25 22 43 75 39 75 23 97 52 9 28 65 62 93 90 14 78 92 83 31 1 36 46 18 67 50 5 71 78 66 60 49 86 8 64 96 42 65 3 84 23 70 1 70 33 75 97 80 0 51 72 89 34 
99 22 13 70 95 30 87 15 31 29 2 75 19 36 18 90 6 17 47 37 6 82 33 58 99 86 70 18 49 31 54 23 85 30 98 50 34 11 33 66 86 22 30 37 18 7 92 48 54 76 12 15 33 33 26 33 63 81 18 10 14 29 62 27 62 58 15 43 97 43 33 66 86 84 62 93 36 80 37 55 59 79 24 99 68 3 94 8 32 69 81 96 99 2 92 7 21 74 98 73 39 62 24 96 87 67 58 72 58 19 78 84 55 55 23 19 96 0 48 11 29 
30 77 37 57 96 77 78 71 59 20 65 65 13 61 57 50 35 92 44 36 71 78 67 31 96 97 28 12 39 55 40 51 58 9 32 98 74 44 41 85 98 86 28 34 85 55 49 5 68 57 91 53 32 52 68 74 43 21 88 93 29 20 80 33 93 32 47 80 47 16 3 84 28 80 4 86 72 39 37 74 93 30 25 21 68 20 6 71 44 57 68 51 31 68 22 74 38 74 31 36 70 7 44 31 74 34 61 58 27 31 43 98 80 13 9 15 43 34 0 32 91 
49 43 48 87 32 52 95 16 81 69 74 70 14 30 58 77 21 80 79 52 81 8 21 25 14 5 36 10 2 44 2 36 49 92 59 69 66 35 64 83 1 5 82 14 83 80 59 26 27 50 48 79 3 32 83 20 68 91 72 32 19 96 87 76 54 98 51 3 11 29 73 86 97 47 6 98 25 85 79 4 69 22 96 2 14 17 52 8 91 14 67 66 90 21 48 13 41 84 64 75 53 90 79 59 99 10 65 22 98 43 94 53 97 75 17 68 80 54 1 0 11 
40 18 64 79 81 77 18 61 78 87 34 67 48 80 83 35 3 90 59 58 7 94 18 6 69 26 6 78 7 97 63 26 79 50 19 6 62 63 82 82 1 81 31 33 81 97 88 17 37 96 51 11 79 90 30 45 71 87 65 25 56 7 78 61 25 67 21 71 7 2 98 20 49 43 60 17 51 90 40 78 75 18 67 45 41 60 91 69 17 90 88 22 12 80 31 5 51 65 52 70 39 98 76 15 73 96 99 45 84 83 18 36 21 98 15 8 21 17 89 97 0 
