65 6 
0 60 70 40 10 70 92 40 28 57 51 60 4 14 36 60 79 3 18 17 2 3 6 86 13 68 48 68 12 62 66 36 45 40 63 6 59 12 1 9 70 80 31 76 70 56 71 68 24 20 79 24 40 26 20 93 14 62 73 8 4 30 7 80 46 68 1 72 43 82 97 49 94 2 96 8 80 50 55 97 90 42 82 64 94 53 29 74 90 19 74 12 17 59 85 47 2 52 24 54 48 15 17 78 70 11 73 50 4 89 39 3 39 57 14 18 58 26 39 93 68 50 63 39 1 67 76 65 22 58 65 
67 0 51 68 12 78 90 89 38 6 69 10 1 66 15 67 6 76 31 3 8 54 56 64 42 36 74 73 50 41 93 56 1 26 87 99 63 76 15 64 34 94 83 3 18 12 76 72 51 45 44 69 87 26 5 61 18 10 66 54 61 9 50 7 4 1 56 91 35 32 66 40 23 30 99 58 93 83 53 26 15 98 18 91 6 84 50 28 61 34 11 79 85 93 27 82 93 60 50 49 14 73 93 28 53 88 27 48 46 30 76 33 56 7 99 83 67 39 91 36 15 72 33 67 63 42 9 59 10 35 92 
20 14 0 49 76 62 84 75 14 87 19 45 10 18 41 33 65 55 65 94 66 21 91 67 42 17 55 99 76 13 87 49 51 43 91 95 49 37 90 62 60 41 80 99 53 13 98 26 32 64 80 81 65 93 96 54 16 14 79 35 72 59 5 62 2 62 25 46 88 32 86 98 71 43 25 30 2 17 64 84 26 96 18 42 10 42 51 16 16 32 69 3 2 66 19 29 15 14 94 54 74 68 15 43 55 87 85 82 44 27 94 84 45 73 90 50 97 12 83 83 53 8 72 97 15 93 57 6 86 90 70 
55 11 71 0 30 65 2 69 34 9 36 50 65 32 63 78 18 51 4 52 10 3 95 3 69 95 95 45 85 97 73 10 1 40 25 46 93 83 26 41 22 86 17 99 93 78 9 57 55 61 96 86 84 73 83 74 88 74 55 66 28 91 35 54 3 52 46 69 71 13 17 98 10 68 82 91 48 72 61 53 3 27 57 71 98 63 58 74 61 56 61 4 37 63 12 17 1 34 48 82 54 92 67 31 1 57 65 57 32 59 30 51 61 50 42 14 72 54 72 81 69 57 45 14 99 44 57 42 64 61 29 
68 7 38 71 0 41 69 1 48 6 52 74 21 6 46 91 11 84 11 35 30 35 13 39 15 18 31 70 70 40 3 95 7 37 69 3 79 2 67 45 8 75 65 66 35 19 58 9 80 19 73 51 29 14 37 29 95 6 51 59 6 30 44 4 60 14 58 91 64 92 24 86 23 92 69 3 71 79 49 24 83 96 64 99 99 19 96 67 4 5 99 74 7 16 82 75 14 74 17 60 34 53 76 46 70 33 84 82 64 3 96 60 99 33 1 32 75 43 25 84 26 88 44 46 62 92 95 90 10 97 62 
66 2 4 85 19 0 64 50 7 80 59 78 31 74 5 59 60 39 21 86 56 13 14 32 1 24 18 51 31 14 78 73 86 89 16 59 32 8 80 39 15 76 10 60 87 83 10 63 38 71 59 5 58 88 59 96 60 34 23 2 72 61 12 69 59 66 47 41 61 94 44 2 91 97 29 76 49 65 98 29 49 30 82 12 71 88 5 43 74 60 45 93 17 41 76 32 31 27 86 88 93 55 70 39 22 87 55 19 34 80 93 74 8 54 74 42 59 93 17 68 70 23 50 79 67 99 51 82 2 99 27 
39 1 81 42 53 68 0 85 7 83 28 56 50 58 9 64 37 33 7 60 38 13 98 32 4 96 15 43 89 8 81 19 62 41 17 38 25 49 27 45 31 33 82 25 84 5 26 36 20 90 3 54 23 24 97 11 24 1 24 21 49 52 86 40 73 60 53 48 36 16 46 98 8 74 8 58 76 73 93 75 71 6 83 55 94 89 13 81 13 55 2 6 17 78 80 46 36 74 16 35 20 52 43 39 75 76 87 61 89 98 9 26 69 34 38 7 71 1 37 90 18 43 84 96 58 44 22 47 6 73 62 
75 6 68 98 23 42 88 0 28 64 9 30 3 58 72 7 2 71 78 21 27 25 29 17 47 14 46 37 60 22 43 61 5 2 23 57 56 45 73 47 84 27 40 68 57 61 29 37 48 31 94 19 2 40 79 47 98 38 49 13 34 3 38 3 81 23 42 95 17 26 82 94 14 99 16 31 40 79 86 78 28 89 52 74 61 51 76 85 29 14 24 70 27 86 64 97 85 51 31 15 6 80 76 62 61 43 92 1 90 16 16 93 41 65 68 79 80 92 96 82 82 23 54 15 1 9 21 48 25 39 73 
8 55 5 11 18 66 65 98 0 86 37 27 19 41 37 74 93 1 48 36 30 95 76 64 39 68 81 72 9 23 34 98 3 27 48 56 85 20 45 52 33 7 85 20 4 33 74 31 83 28 45 69 34 34 72 61 39 57 3 97 73 6 38 77 2 22 27 56 23 75 63 23 18 99 13 71 26 64 90 50 21 74 44 98 88 62 83 67 40 97 67 7 9 99 67 59 66 41 31 50 82 87 3 24 42 60 79 97 98 30 54 79 58 45 37 75 62 93 73 78 24 20 4 43 20 39 43 90 19 88 83 
27 66 40 57 53 99 19 59 16 0 53 75 39 26 58 55 31 25 20 83 84 69 95 19 64 45 71 96 47 71 48 73 92 1 22 89 30 16 77 13 1 41 72 97 87 53 23 34 96 54 66 35 34 14 27 83 31 1 42 43 32 57 86 31 53 86 75 46 58 82 27 97 36 82 88 48 34 81 12 83 87 57 47 54 83 89 58 19 63 22 79 37 8 50 99 68 57 53 41 23 55 66 35 61 91 83 45 13 38 55 76 29 66 81 86 18 69 41 28 34 48 50 18 38 1 12 47 38 39 64 73 
12 60 96 98 8 86 81 29 67 55 0 42 55 5 65 46 52 79 1 31 67 61 47 97 42 64 59 79 50 78 98 74 6 94 95 48 43 48 37 59 75 96 86 8 41 65 70 21 36 28 39 82 37 92 40 17 43 2 85 99 89 24 71 45 70 87 48 87 71 53 35 46 21 2 77 47 79 87 98 71 82 82 8 16 50 49 47 69 93 48 68 25 48 88 29 62 23 31 57 85 66 13 79 34 26 86 10 8 9 58 68 19 24 12 33 95 40 25 34 87 46 60 96 2 67 37 84 47 52 86 41 
93 51 73 70 59 2 69 82 34 94 20 0 51 1 60 46 42 2 67 50 88 11 91 4 21 13 99 65 65 41 86 98 97 1 38 1 1 44 91 36 84 3 60 47 93 46 35 28 81 39 63 35 53 31 80 24 22 33 81 33 96 33 28 16 33 9 43 74 73 59 45 38 16 73 72 40 43 1 68 40 55 37 3 82 31 54 56 28 34 90 21 15 22 15 13 59 51 43 43 27 19 92 58 62 61 70 44 66 20 81 67 86 91 42 18 97 4 95 45 48 29 67 54 34 8 11 37 57 7 92 80 
69 3 22 59 49 4 67 23 84 67 44 94 0 34 36 66 65 81 55 33 47 97 28 29 1 13 62 35 92 67 68 81 52 33 12 41 72 4 69 6 25 72 19 57 75 68 49 2 53 29 94 56 20 16 27 11 82 73 97 8 26 35 72 88 15 31 69 84 76 61 47 37 5 38 87 94 1 49 11 48 19 58 88 10 33 53 16 33 15 52 26 24 56 94 31 98 8 22 34 87 31 22 47 64 99 77 23 35 2 72 96 68 89 55 21 61 91 33 71 77 72 51 13 97 85 12 6 27 9 65 2 
65 71 90 2 58 9 20 73 74 45 99 88 43 0 9 43 84 33 16 78 42 81 35 91 21 37 94 12 24 22 97 32 15 54 56 23 28 96 84 79 35 97 68 80 85 79 2 6 72 89 29 10 55 14 55 91 73 96 49 19 64 52 46 59 19 73 33 29 70 42 46 72 24 63 29 15 88 36 2 43 70 9 53 45 49 81 68 90 94 57 87 19 81 97 70 47 47 38 88 69 99 41 36 56 26 61 4 88 63 45 78 2 24 74 91 58 88 82 33 85 35 98 67 56 79 3 68 71 60 74 64 
79 76 40 33 68 40 75 25 29 74 45 28 74 10 0 79 14 14 2 23 42 70 26 66 9 2 72 52 4 60 40 41 86 94 98 3 56 93 13 62 55 77 50 87 22 14 85 79 82 35 12 36 76 22 50 62 51 85 52 32 66 38 87 30 88 87 59 96 15 7 12 37 21 60 72 26 87 98 61 71 70 35 49 60 98 61 35 39 73 80 95 64 13 75 71 92 72 39 68 23 34 33 83 71 26 58 76 26 26 2 89 3 5 9 88 97 5 83 23 95 8 44 35 36 10 26 24 42 18 1 29 
48 53 49 55 52 88 24 88 82 40 76 71 60 67 86 0 7 86 99 31 39 40 97 62 32 54 27 65 28 97 39 60 34 7 77 82 58 14 95 51 38 83 45 82 13 34 57 55 19 42 76 76 53 51 90 37 72 13 31 6 92 32 6 37 99 67 5 45 7 72 51 68 60 71 58 31 46 8 61 66 9 69 86 2 81 16 14 31 54 37 59 5 85 85 87 6 17 56 85 65 42 98 11 97 56 57 35 3 41 90 29 45 9 33 35 52 78 25 88 65 64 78 2 77 58 24 16 2 77 31 96 
35 67 29 39 55 53 10 96 54 79 6 80 22 98 2 52 0 14 87 30 78 95 83 70 1 16 58 34 79 86 31 88 99 75 11 1 42 23 30 23 36 50 17 32 93 48 9 12 51 81 65 23 31 77 50 63 68 63 90 1 25 41 9 69 18 61 92 14 41 54 74 97 62 27 83 66 45 97 31 31 17 24 24 83 9 18 45 64 92 79 42 62 70 14 36 31 65 16 56 36 12 28 54 79 89 12 32 96 62 13 35 19 70 56 1 9 74 40 12 87 1 72 82 58 90 88 27 6 55 39 97 
34 68 92 15 67 39 34 42 83 18 70 61 47 56 58 46 96 0 35 75 67 34 38 83 3 74 81 50 50 63 9 63 25 65 31 3 19 98 74 27 73 94 67 48 90 43 4 26 76 7 34 94 21 20 77 51 95 46 56 12 13 16 89 67 32 1 47 81 79 47 62 39 33 22 58 33 79 6 91 56 79 30 70 49 61 8 84 4 30 5 63 34 91 20 81 67 42 71 19 10 67 89 55 9 64 53 92 86 25 34 35 70 99 91 50 29 53 11 82 41 84 40 16 11 31 1 75 50 4 49 19 
48 86 8 26 94 36 79 62 60 15 91 64 89 43 28 63 48 48 0 99 4 73 23 35 13 37 37 5 34 82 68 38 46 20 83 85 67 3 13 88 30 58 3 21 47 94 60 62 94 66 50 20 87 48 16 17 84 67 84 94 43 77 49 23 11 13 3 30 26 97 98 23 15 76 20 47 92 53 92 17 7 65 26 75 37 11 49 74 36 17 42 31 18 80 31 66 51 47 41 94 86 71 97 35 84 22 53 73 91 81 90 46 38 3 75 52 35 59 97 57 53 24 5 2 74 39 53 79 57 31 43 
34 25 23 84 87 79 71 22 44 47 30 47 84 29 49 97 87 27 43 0 91 30 89 13 77 40 71 86 77 62 27 70 83 17 64 95 83 37 17 58 65 98 56 8 28 57 79 9 9 97 28 63 82 63 48 99 34 37 76 45 18 23 99 28 78 14 66 94 1 24 52 48 43 41 71 82 78 51 90 61 68 72 62 66 72 19 3 52 33 62 70 40 77 74 34 28 40 23 69 59 2 8 18 78 56 20 64 47 74 71 11 9 89 79 78 94 66 70 41 45 9 41 45 72 52 90 8 28 50 64 53 
61 7 76 38 1 93 11 59 3 80 94 78 50 86 43 19 76 47 84 27 0 98 97 23 21 37 47 35 83 58 37 55 84 13 80 10 28 71 4 31 73 27 79 56 56 76 48 83 8 47 78 83 57 50 84 30 45 33 43 11 85 68 43 34 38 85 62 81 3 51 67 16 1 6 91 4 37 39 74 8 62 46 56 43 70 54 31 45 96 38 1 58 18 63 85 93 60 83 99 36 29 49 37 82 18 63 53 61 24 77 51 43 98 73 45 30 59 31 93 21 49 49 92 28 26 9 96 13 36 12 36 
97 10 97 53 16 75 67 18 39 47 91 21 15 78 28 30 1 66 91 16 33 0 81 27 49 84 87 64 96 96 10 54 41 25 84 99 69 89 74 9 50 36 82 14 70 21 5 29 6 61 24 48 41 24 30 56 20 28 44 36 26 28 69 41 62 92 73 12 56 65 43 75 50 73 28 23 84 58 38 72 78 78 58 99 22 33 40 47 21 72 94 89 58 5 79 55 44 51 86 35 70 74 83 24 30 17 89 39 19 79 42 53 51 18 55 65 39 71 66 61 10 80 35 43 87 37 54 75 90 56 58 
51 79 29 82 65 69 43 55 30 50 86 33 66 12 20 6 63 28 56 36 29 45 0 26 8 72 67 24 1 77 15 48 95 38 31 48 28 7 14 18 46 92 42 47 5 99 30 50 6 89 79 84 71 2 98 3 84 58 59 66 10 39 67 71 77 60 96 53 80 91 88 88 6 44 99 66 69 35 5 60 35 71 23 43 72 97 86 42 82 90 79 46 98 40 94 13 33 61 67 68 92 54 79 65 42 94 55 86 5 12 14 12 40 60 14 54 31 89 76 64 69 37 26 84 30 49 65 88 89 6 78 
31 90 42 20 86 36 74 47 29 52 24 46 49 52 38 6 54 10 79 90 94 52 36 0 10 97 80 71 65 60 94 62 6 38 28 32 42 39 5 36 27 19 39 1 34 53 46 73 35 50 44 66 68 2 11 47 92 50 51 93 30 27 94 78 74 27 60 97 89 20 30 4 65 16 35 41 18 27 69 97 23 83 35 3 30 61 90 49 78 48 67 97 4 90 5 8 83 76 81 54 85 85 18 60 88 87 76 78 72 44 65 18 48 21 49 24 8 47 76 80 22 39 79 47 69 83 25 6 66 73 13 
30 35 65 55 51 36 29 62 61 87 25 4 89 52 90 22 74 14 35 16 42 22 22 56 0 78 31 29 55 77 13 64 21 72 68 70 71 51 22 16 47 30 72 52 41 37 5 98 14 9 93 84 24 50 65 92 55 73 51 38 85 5 39 53 53 77 59 95 27 17 73 6 41 16 1 78 96 50 29 24 40 66 10 52 88 42 43 47 59 2 68 76 5 82 16 93 91 80 76 35 50 85 10 94 39 77 52 32 90 11 67 61 53 52 76 37 56 57 80 81 42 99 95 62 48 27 54 88 58 88 94 
97 72 35 45 89 17 87 22 71 67 32 19 91 35 3 63 37 30 98 33 11 44 8 14 99 0 32 13 12 18 43 14 24 91 24 47 43 22 72 30 13 5 49 35 28 70 96 27 27 89 4 95 79 54 87 24 10 8 77 73 58 26 79 56 96 41 54 80 38 73 91 6 24 38 41 31 35 45 32 85 70 9 8 61 97 22 83 36 29 52 37 87 9 5 31 76 63 79 97 46 61 29 81 89 62 42 65 79 93 6 3 50 80 50 67 13 49 98 4 88 15 69 42 93 42 9 98 50 96 10 67 
85 74 43 40 47 35 53 43 70 87 14 21 64 88 66 13 58 86 31 67 30 53 82 54 8 51 0 21 60 1 96 17 12 15 73 11 27 9 29 60 36 63 48 35 3 94 65 31 48 17 57 15 89 9 85 62 49 14 83 71 57 44 62 10 86 35 97 48 56 93 34 94 16 2 52 59 44 12 13 86 71 86 58 43 86 88 75 24 45 36 50 88 14 93 46 99 60 56 83 36 69 5 30 22 27 79 21 98 44 87 89 76 92 33 87 45 47 96 50 81 1 95 37 81 65 42 95 26 89 69 68 
76 64 95 89 24 7 96 48 88 8 3 82 30 78 45 22 3 6 28 53 81 61 16 2 71 13 78 0 70 94 81 46 52 44 38 27 77 99 18 74 79 56 75 64 89 88 91 86 40 54 65 9 72 29 56 18 47 22 75 96 82 55 26 79 45 2 72 34 4 4 55 46 25 97 13 3 67 67 71 11 18 78 96 53 63 58 6 82 95 39 45 25 35 92 39 11 66 26 27 6 11 55 75 3 87 17 55 22 55 13 3 85 21 85 57 9 34 8 12 40 30 99 51 15 35 56 25 39 93 60 97 
43 24 58 82 12 10 57 18 97 72 36 51 68 21 95 9 72 76 17 77 12 84 32 66 43 39 27 87 0 38 35 46 3 17 69 85 77 79 60 98 98 57 19 69 7 26 27 91 3 77 46 58 86 84 14 16 90 4 64 74 17 24 36 50 18 17 70 74 44 99 82 34 79 93 1 61 74 39 38 62 99 23 67 82 97 5 34 84 94 60 4 86 4 78 91 99 42 98 94 69 93 96 59 43 17 82 31 65 26 24 44 72 95 44 11 38 16 83 76 15 99 29 13 52 68 30 24 24 48 58 63 
74 19 87 80 13 71 9 1 14 22 40 83 56 17 86 97 27 8 38 31 48 18 53 22 27 72 52 70 72 0 10 33 39 85 88 23 48 25 62 25 87 44 75 71 1 98 52 75 31 39 98 85 45 51 29 91 11 68 82 99 6 62 14 97 38 32 98 31 78 11 84 42 91 26 72 60 93 89 96 97 54 51 65 23 95 26 21 51 87 60 53 79 68 33 77 4 55 96 32 62 98 30 51 83 73 47 39 74 57 63 64 55 19 7 33 36 22 29 54 18 21 29 84 63 89 76 55 26 29 83 47 
1 88 70 7 54 66 68 41 56 86 93 4 77 84 46 92 91 84 82 4 41 85 1 16 98 75 35 97 58 83 0 34 75 28 6 82 79 32 70 57 62 20 27 97 34 69 86 74 91 21 98 61 93 36 52 99 17 1 56 5 5 95 4 87 29 71 40 35 61 60 96 79 57 96 20 44 94 19 47 15 97 27 57 63 96 44 95 4 83 94 80 93 36 78 70 63 94 45 29 98 15 65 31 92 30 7 57 42 96 66 73 55 73 63 8 37 15 63 27 9 55 28 70 75 91 63 19 76 61 65 84 
94 15 73 51 43 92 20 39 36 43 9 56 59 38 73 21 13 34 3 98 62 63 4 93 29 11 51 56 36 87 20 0 55 30 48 11 28 98 35 25 17 73 76 5 1 21 14 55 7 51 7 62 88 37 32 45 68 24 59 95 63 81 72 15 37 76 24 66 12 51 59 81 69 73 27 9 94 13 17 36 45 55 23 57 36 66 48 37 15 61 74 70 45 34 18 67 22 1 92 17 22 50 69 23 35 28 44 50 99 76 36 91 46 79 90 89 44 9 92 76 55 37 75 45 34 79 31 5 2 1 72 
28 92 80 28 78 18 48 13 26 54 91 41 39 52 16 64 89 95 69 40 13 13 23 81 24 36 38 74 38 84 90 95 0 63 45 9 1 49 69 37 78 76 24 57 39 90 20 64 1 35 83 34 60 62 4 69 40 14 39 81 8 57 37 45 66 24 47 93 59 65 82 15 35 15 12 62 87 19 12 69 33 47 56 47 85 71 55 49 84 67 60 20 22 44 58 42 9 17 11 75 67 58 1 82 45 84 29 53 64 94 12 33 2 70 94 84 10 9 48 58 54 69 34 17 62 15 86 32 9 57 99 
14 73 12 86 10 13 86 11 83 58 13 96 55 22 93 7 4 27 68 2 83 86 23 84 21 88 6 69 79 18 12 34 99 0 66 79 25 73 43 91 98 99 42 12 64 82 78 85 16 57 92 92 21 35 92 83 93 51 36 12 83 38 67 10 41 21 60 79 63 60 45 82 95 81 40 75 95 81 15 52 44 31 62 92 18 70 8 6 71 14 15 14 51 94 32 81 43 46 44 87 93 29 67 18 20 56 7 25 96 75 42 5 65 17 59 86 4 28 83 62 22 2 61 32 72 12 22 88 29 56 44 
18 24 88 62 55 58 74 8 10 77 44 30 44 7 16 64 3 66 98 90 2 62 49 40 32 9 71 15 34 41 56 19 25 64 0 44 88 40 44 74 47 14 73 42 33 61 31 46 20 12 60 63 17 30 15 7 59 98 6 84 36 30 12 14 29 19 85 14 75 24 24 35 49 82 99 69 30 10 34 85 3 61 77 74 2 93 21 78 11 72 99 32 81 82 4 26 50 87 93 33 44 41 47 47 92 70 71 88 66 24 20 43 61 98 93 26 69 12 51 87 66 90 43 91 18 9 76 11 59 16 33 
52 87 3 50 42 40 12 68 42 9 49 20 67 25 80 61 77 89 28 54 36 18 54 44 98 67 12 68 74 4 45 73 47 8 43 0 72 29 10 26 19 38 7 9 70 53 78 87 19 45 97 51 45 87 89 37 16 56 14 66 98 25 67 76 74 54 31 48 21 86 74 64 55 80 74 54 60 92 30 49 66 78 10 97 99 90 75 27 8 17 5 31 63 59 12 22 20 93 50 64 57 34 60 51 21 59 21 97 91 32 33 18 17 1 88 86 39 46 75 86 30 88 22 54 80 65 65 16 30 2 95 
16 64 11 38 57 96 63 50 76 13 89 2 85 72 53 17 69 81 29 37 61 78 56 36 47 11 24 6 67 2 38 27 61 76 5 88 0 86 52 8 73 12 42 93 69 42 83 75 72 24 23 61 2 61 68 38 75 34 2 19 14 93 11 62 60 76 34 31 64 75 21 55 18 71 9 43 18 53 60 72 56 66 67 30 19 86 92 74 45 93 64 84 61 99 80 64 88 64 82 33 23 64 37 98 63 75 10 59 3 43 29 42 55 6 14 6 74 47 18 7 77 35 15 81 22 62 76 31 32 92 38 
81 35 75 52 29 70 73 34 20 3 13 38 72 62 99 70 71 20 59 86 51 60 67 62 14 68 88 91 30 97 91 25 94 47 15 16 53 0 89 38 89 11 31 17 43 65 20 42 35 92 15 52 47 77 76 19 72 58 99 23 58 45 41 50 91 15 33 25 7 95 40 99 45 61 51 72 14 4 92 66 37 16 78 7 47 44 7 32 61 18 2 48 83 52 97 20 21 72 85 11 50 76 63 30 55 67 31 43 88 26 17 55 63 23 63 48 25 68 83 85 96 99 3 17 97 8 64 25 58 43 11 
38 17 15 45 51 18 55 77 91 17 57 99 37 51 16 8 17 96 86 60 20 81 43 70 44 66 61 39 43 26 16 25 2 37 22 27 52 4 0 70 92 78 9 6 65 20 7 40 40 24 88 33 39 11 47 32 2 95 13 24 70 84 34 94 31 8 56 23 41 88 78 40 79 71 73 46 83 37 45 26 85 28 5 45 22 81 42 15 62 38 9 45 44 79 25 5 69 41 63 23 34 26 20 51 8 5 68 38 13 61 24 71 10 32 75 94 57 59 87 38 63 90 45 54 25 68 63 84 53 3 71 
57 41 73 59 98 93 81 43 59 87 53 19 71 63 95 72 70 81 95 6 97 90 2 22 48 80 97 13 91 86 19 20 9 89 79 93 87 93 73 0 47 50 53 42 10 16 39 28 63 2 20 76 63 24 73 28 67 11 16 46 86 54 55 49 84 69 70 13 60 95 3 22 17 28 56 90 27 60 68 83 56 84 75 90 96 96 75 88 47 97 33 80 94 16 76 37 61 83 2 28 3 48 38 62 44 26 82 17 16 65 10 49 62 95 96 99 36 96 33 73 35 5 23 28 84 80 30 68 9 28 71 
32 83 90 34 49 61 40 43 58 21 45 16 22 54 22 73 28 61 29 7 74 61 53 19 64 73 8 69 55 91 91 57 63 16 85 21 25 71 75 17 0 87 84 51 57 73 48 5 14 70 67 27 33 63 92 85 74 20 3 59 11 28 13 68 78 93 17 37 81 17 66 2 27 34 25 45 82 1 20 22 28 23 8 1 28 3 13 77 18 85 49 41 80 38 2 89 42 96 79 14 15 78 23 78 34 87 59 52 14 12 90 70 67 35 74 67 74 41 92 85 96 41 8 58 74 33 52 46 83 48 12 
56 91 45 28 37 75 90 69 36 35 85 80 17 78 75 28 76 80 57 55 68 78 45 14 7 47 33 38 36 56 7 64 55 20 84 5 55 91 14 63 20 0 58 19 43 12 61 25 26 72 89 40 11 50 70 45 67 11 26 10 47 54 31 86 96 55 32 2 92 99 65 67 99 21 89 92 49 9 53 65 75 43 16 9 46 39 66 97 59 13 61 76 24 59 28 66 65 71 79 33 79 28 20 73 84 37 13 21 31 69 52 90 4 81 78 50 4 13 3 69 20 88 39 32 51 79 64 7 62 72 64 
23 5 98 51 84 85 16 84 91 36 62 31 63 81 84 13 39 64 99 99 38 41 84 24 99 31 37 19 19 23 83 96 88 87 13 63 75 99 73 70 9 6 0 45 68 64 55 37 40 60 96 55 58 25 28 41 66 38 39 82 59 80 22 64 28 96 83 75 15 9 78 41 25 20 29 19 33 78 86 38 17 58 61 28 17 20 37 96 71 58 54 58 81 54 20 91 4 62 38 40 45 17 2 91 21 46 84 89 15 44 15 96 41 90 93 43 91 95 55 5 97 36 8 14 88 51 62 79 68 54 11 
79 95 66 52 1 79 33 31 7 16 65 21 61 62 45 27 88 62 96 63 85 92 71 58 88 95 14 54 84 30 81 59 19 76 57 82 42 79 66 51 20 69 93 0 10 16 72 97 63 18 7 33 69 64 98 67 72 57 24 32 52 41 87 6 50 54 34 10 14 82 58 86 81 5 96 7 44 75 46 80 51 38 55 52 24 29 79 68 58 57 56 15 57 65 61 49 44 48 74 20 85 28 54 52 87 2 42 2 55 49 41 89 99 31 65 86 63 57 20 92 19 87 3 9 98 44 83 43 44 67 31 
43 62 81 70 88 74 1 85 43 17 61 97 13 13 82 92 99 22 61 40 79 68 57 87 82 14 18 57 50 19 97 23 15 97 58 71 63 24 80 62 96 30 95 86 0 45 21 50 72 23 41 64 10 95 82 22 74 3 33 89 7 61 29 85 29 74 52 40 13 5 81 30 67 31 4 57 2 38 63 59 61 14 56 17 13 65 69 81 15 73 1 59 75 17 26 39 64 28 53 79 1 51 31 70 40 57 21 62 36 51 17 18 73 53 58 12 54 98 83 80 59 80 22 91 76 38 72 88 43 84 81 
78 84 52 20 11 18 76 80 95 51 24 63 58 89 54 25 83 17 38 81 87 96 17 59 32 86 31 76 23 72 22 63 40 66 63 54 57 39 86 90 66 45 17 63 95 0 29 9 90 13 78 35 91 80 82 14 39 55 81 43 10 66 63 21 55 50 33 11 11 21 47 81 89 50 54 55 67 81 68 14 98 98 27 12 26 64 10 17 34 33 74 43 45 43 55 78 44 48 43 14 11 28 80 73 96 39 41 13 27 1 43 96 11 5 50 73 21 48 88 46 23 99 85 4 83 62 6 48 80 88 80 
66 18 54 75 44 42 91 69 99 44 43 83 75 91 51 5 17 61 27 90 88 58 79 41 95 15 88 15 43 84 62 76 10 43 2 50 19 90 9 31 20 30 38 81 57 3 0 55 73 84 45 46 79 67 65 39 69 97 31 91 48 28 6 87 50 22 18 63 37 23 3 47 77 65 23 50 89 13 90 58 20 12 94 6 39 24 98 17 63 10 29 63 30 37 37 24 2 54 29 60 29 81 60 96 65 29 16 46 40 94 61 94 19 32 68 85 69 83 76 94 15 1 18 77 32 76 1 77 57 49 71 
38 77 93 50 94 52 17 14 52 74 42 62 93 98 65 95 22 79 70 38 86 90 64 65 93 65 25 33 94 25 29 67 9 6 91 36 32 83 76 64 9 58 93 91 52 77 84 0 45 66 54 17 88 80 97 54 74 38 61 2 16 56 7 62 22 4 25 29 87 5 41 55 11 49 60 65 67 37 84 80 71 38 63 85 81 73 38 70 91 68 82 13 69 51 95 30 5 94 4 25 40 27 70 36 51 2 51 46 98 87 11 89 12 23 90 71 39 74 44 91 33 82 83 4 15 83 56 41 69 78 71 
41 31 42 19 95 97 65 72 55 15 26 9 68 23 48 28 23 65 9 33 95 64 36 97 96 30 75 82 11 14 20 49 78 21 26 78 51 44 87 45 49 50 85 84 79 79 70 75 0 27 39 58 79 71 86 34 28 75 45 98 95 95 22 83 27 19 82 33 76 28 93 4 75 97 58 41 60 93 53 95 22 58 36 71 10 67 30 74 6 42 11 59 43 3 44 57 7 51 70 77 24 49 79 87 20 72 75 26 37 61 37 3 59 76 33 95 89 51 34 66 85 87 86 55 23 58 58 89 19 68 65 
38 52 98 2 79 90 83 93 94 57 87 48 53 98 37 88 9 17 33 77 55 84 39 56 77 17 13 1 4 45 97 4 22 93 12 76 48 74 22 50 84 53 30 41 27 17 83 44 15 0 24 21 58 2 23 37 83 99 70 22 99 72 77 21 20 88 46 34 91 98 55 92 92 96 96 28 98 44 73 43 79 76 94 6 6 9 2 65 66 46 66 41 21 95 99 14 44 34 18 8 49 69 70 66 47 72 83 62 35 52 88 2 20 63 13 38 83 42 93 54 12 39 10 9 58 31 55 56 83 32 64 
34 26 23 42 75 48 74 95 57 24 58 9 20 73 18 62 52 96 75 3 77 54 19 66 80 92 52 76 43 13 48 39 80 8 62 90 11 43 45 28 75 66 69 5 38 85 99 70 58 82 0 32 47 2 37 82 21 95 70 26 74 47 11 86 49 95 96 63 2 36 2 5 82 8 76 72 40 61 59 48 5 84 14 84 60 90 21 8 89 45 26 72 24 68 44 36 94 54 99 90 76 57 39 81 34 74 80 70 6 4 52 4 18 91 85 49 57 67 5 82 63 15 20 58 32 44 84 67 85 24 28 
64 6 96 83 58 39 52 67 99 79 74 33 21 8 8 44 73 46 4 66 9 9 99 26 66 30 11 6 82 91 13 73 43 72 86 49 47 67 60 33 15 59 51 63 51 11 33 43 1 34 57 0 88 19 72 76 61 95 66 5 94 82 82 79 97 63 31 31 97 89 14 5 51 26 32 63 62 64 51 34 56 90 33 14 29 30 82 46 64 53 8 38 4 6 67 25 56 2 75 42 85 42 96 93 35 47 71 8 70 68 31 86 69 40 48 24 41 12 75 12 63 88 17 84 52 56 40 65 1 77 19 
59 94 11 8 38 26 9 91 36 74 99 17 5 27 21 59 63 69 94 99 17 35 88 55 42 61 86 85 15 32 73 93 61 95 57 33 46 37 90 56 95 63 35 27 23 18 50 40 61 6 50 96 0 52 66 29 72 84 10 88 61 28 74 66 68 31 45 17 74 8 31 86 30 50 80 80 88 32 93 30 62 21 92 21 33 48 45 71 37 67 19 35 15 41 20 31 53 24 90 78 24 83 5 94 22 46 51 28 74 40 60 39 29 31 70 64 35 18 46 13 99 35 77 82 21 75 66 96 65 88 10 
82 96 45 13 74 68 78 35 58 65 72 54 12 22 26 51 22 57 32 96 96 56 73 24 30 17 78 67 60 81 62 26 28 7 93 30 38 57 62 57 96 20 76 91 49 46 30 28 78 67 17 43 9 0 24 19 84 70 18 71 7 78 63 51 58 42 88 15 39 41 67 55 58 39 32 55 35 96 68 8 64 20 29 8 82 24 69 59 55 24 70 59 83 41 11 90 59 44 51 43 58 16 29 93 65 8 88 42 49 7 17 60 10 37 86 71 93 82 78 62 29 96 83 37 2 42 51 48 64 12 54 
15 47 61 51 48 54 34 25 97 15 15 90 18 21 43 99 89 11 46 61 82 97 61 68 54 77 50 67 14 89 56 5 84 78 88 74 12 65 46 2 76 83 78 54 5 25 75 52 90 75 36 7 91 95 0 18 98 52 83 35 23 78 28 35 1 3 34 28 38 51 12 9 69 36 16 55 69 53 43 86 21 48 78 67 55 18 48 89 31 92 23 18 25 58 68 22 60 83 41 36 70 63 11 55 79 90 97 41 66 2 78 35 45 89 66 32 61 93 9 77 50 51 99 32 98 62 68 65 2 79 42 
58 74 12 85 49 57 57 33 2 26 20 82 54 12 38 60 71 59 89 74 94 35 36 47 2 20 53 89 32 25 59 48 76 70 73 54 42 48 91 80 37 25 20 88 60 29 70 39 71 38 26 13 53 50 17 0 61 6 38 63 8 49 79 33 28 56 94 52 84 4 22 18 78 34 2 1 11 57 54 67 31 92 36 94 20 56 92 88 90 8 50 85 84 72 6 13 27 42 42 50 89 65 33 46 53 48 10 36 76 58 2 89 56 31 28 38 40 75 28 79 54 29 4 23 91 4 93 29 59 2 4 
58 98 28 79 77 64 36 28 68 44 82 86 13 78 7 68 46 97 98 81 32 66 2 97 65 68 5 83 1 24 31 90 82 64 84 1 48 80 62 36 91 75 40 83 1 42 98 92 48 85 66 86 90 29 52 57 0 86 44 17 54 92 68 94 66 3 36 56 76 27 66 55 20 10 78 3 98 63 47 12 90 15 63 12 85 33 56 99 94 16 92 93 65 94 19 79 65 51 91 83 86 33 6 20 90 83 27 31 57 72 31 57 83 3 8 73 43 67 86 22 31 79 70 19 98 73 31 3 6 22 31 
49 48 13 3 3 53 44 52 52 24 42 25 4 80 43 90 10 18 66 13 19 89 83 46 57 9 97 10 90 74 10 52 26 93 56 57 9 62 93 95 73 7 31 1 71 79 90 24 43 39 86 92 76 12 95 75 3 0 65 88 6 86 42 28 68 13 33 36 75 81 36 75 14 57 17 18 86 99 41 25 37 42 3 48 96 29 24 19 8 22 16 13 92 33 67 51 90 65 60 2 51 82 98 39 13 60 60 47 50 73 78 81 42 16 43 9 26 53 53 44 82 6 61 26 22 83 79 1 77 86 12 
19 10 60 25 40 82 80 41 99 53 70 36 95 22 65 20 56 47 58 19 46 83 77 49 58 94 80 55 88 29 5 1 46 44 34 20 50 46 40 73 10 26 16 52 36 52 91 5 80 78 11 13 59 56 21 89 34 64 0 15 89 42 88 28 21 30 32 47 74 27 23 24 58 51 75 99 82 63 85 70 83 76 44 75 51 26 20 38 61 12 97 78 14 9 34 10 37 18 70 79 6 53 17 24 92 73 52 4 30 12 80 38 88 20 37 68 59 18 76 29 58 9 46 84 41 71 18 41 44 13 20 
65 69 67 65 20 17 45 83 54 31 20 75 30 55 15 37 23 60 70 99 41 36 79 9 46 93 14 10 6 50 66 85 38 76 73 84 21 55 34 72 59 83 42 65 96 79 54 62 21 17 23 99 67 26 38 78 90 15 22 0 41 45 45 46 83 49 60 14 34 26 41 35 54 86 77 14 94 89 34 23 85 98 53 76 98 46 26 81 24 50 82 8 43 91 43 28 35 74 95 19 36 18 45 72 94 20 14 40 75 81 34 34 80 12 73 60 75 74 39 67 82 94 99 94 73 62 31 92 25 82 54 
22 34 64 42 91 44 42 58 73 7 78 2 21 38 90 48 50 48 67 28 88 78 78 92 1 68 43 59 57 45 82 62 88 75 57 55 17 58 35 5 18 75 39 81 35 31 11 40 59 2 23 4 87 11 64 94 89 9 85 21 0 6 79 55 75 42 70 30 75 16 19 74 62 76 64 87 74 57 97 18 33 31 44 69 85 46 48 67 4 39 23 42 25 14 85 92 61 84 45 66 46 44 89 68 25 84 30 20 16 71 63 31 53 21 87 99 90 63 89 57 70 42 2 9 74 35 24 75 11 85 28 
23 39 8 69 85 27 26 22 66 23 90 36 81 57 52 87 39 28 34 14 13 33 57 84 13 34 83 37 40 50 26 15 89 87 67 45 16 95 44 87 89 14 19 25 86 73 78 85 73 37 80 23 40 31 34 91 43 23 46 39 25 0 23 97 18 43 24 8 11 82 91 78 57 76 27 73 71 31 80 38 31 4 7 95 79 84 31 53 37 36 87 85 64 30 45 42 67 58 67 57 85 4 42 38 81 77 97 31 38 39 27 48 28 78 54 27 32 37 81 38 63 19 4 25 78 87 30 58 57 1 39 
28 73 24 5 55 69 32 44 25 66 42 52 68 54 40 98 58 16 90 6 54 94 16 24 92 80 24 1 39 67 8 91 73 11 47 88 58 75 59 48 24 84 63 88 32 76 95 36 26 14 70 67 21 60 81 54 53 94 83 62 72 71 0 29 20 22 23 37 44 6 94 44 72 99 62 97 45 4 42 78 68 41 33 73 45 9 44 82 7 63 37 48 15 79 21 60 8 23 54 82 1 29 15 79 46 3 97 44 83 68 43 48 79 60 21 85 59 55 25 80 76 84 39 54 62 87 78 87 36 42 75 
30 53 21 53 36 99 55 66 40 80 60 43 76 18 69 8 25 44 46 5 85 4 97 65 90 74 97 80 11 12 23 27 10 3 77 16 37 76 53 56 26 98 61 51 63 67 88 44 33 28 60 87 37 1 77 62 66 45 23 33 60 44 3 0 25 99 8 9 86 73 48 40 10 67 99 79 55 64 62 71 8 27 61 7 41 14 12 81 52 26 87 67 13 30 9 63 65 73 79 60 35 67 42 65 55 11 19 86 99 47 4 58 19 14 73 44 93 30 69 88 6 1 8 9 17 4 45 33 85 16 59 
49 48 14 85 65 74 80 57 92 86 13 37 78 77 22 22 60 96 36 13 73 22 71 79 25 88 31 92 1 15 80 58 26 98 51 43 53 3 71 79 81 89 26 44 7 48 55 86 60 95 93 38 37 63 43 38 87 34 74 23 46 54 76 77 0 93 98 34 96 65 44 30 49 12 89 36 90 68 80 46 12 73 48 70 64 60 24 43 86 69 79 87 2 46 51 6 66 83 22 73 37 85 62 86 8 25 87 38 54 43 4 40 96 83 49 77 38 52 88 24 22 3 20 1 81 3 89 99 4 73 30 
1 43 42 74 85 45 28 64 52 15 30 68 50 83 12 75 42 90 74 25 28 22 61 14 69 98 81 65 11 71 83 74 35 48 47 14 89 21 41 61 87 98 85 71 41 35 2 8 28 68 98 25 12 73 89 38 79 34 91 1 49 48 88 63 53 0 93 88 54 85 64 53 56 81 54 17 72 80 32 30 31 95 72 82 19 7 80 15 36 93 40 36 78 45 3 31 82 34 82 80 94 67 2 87 60 25 23 83 94 73 17 42 65 79 65 22 31 91 71 68 78 70 45 33 12 11 95 24 37 41 65 
96 37 50 92 54 91 48 45 64 55 62 20 72 95 22 42 1 74 87 9 49 77 14 36 26 33 54 27 70 90 51 85 49 46 2 52 29 27 69 81 7 25 36 85 74 19 54 99 40 95 36 79 28 47 96 83 76 6 80 40 52 32 58 95 35 94 0 77 91 92 50 3 36 39 58 78 76 44 70 54 79 31 36 82 14 17 54 12 67 9 5 44 30 14 87 73 14 50 42 71 53 58 26 10 48 44 8 45 83 37 34 81 35 33 25 58 1 47 3 48 98 35 38 14 56 26 15 36 27 77 18 
76 37 75 2 33 54 43 60 84 63 7 41 21 73 66 18 77 44 32 87 88 40 68 19 72 53 75 66 9 56 13 39 63 82 46 12 59 24 92 63 54 50 1 78 38 49 31 22 62 16 66 54 42 57 16 7 30 3 17 49 81 71 58 11 38 52 82 0 81 64 56 73 14 48 87 61 27 4 11 48 79 75 33 79 16 4 66 54 37 65 95 33 96 47 37 5 87 48 97 99 19 49 80 11 44 19 62 14 84 82 80 91 45 39 96 77 39 75 47 92 4 17 3 29 52 76 73 13 46 87 20 
63 26 59 33 28 91 61 97 37 80 46 61 4 82 72 12 52 45 85 57 4 59 27 17 84 49 95 97 93 28 23 12 78 64 20 7 15 48 82 3 54 42 44 84 6 93 65 5 70 24 3 93 36 54 29 64 47 15 48 23 34 32 55 99 50 65 12 87 0 13 60 10 47 44 27 27 4 86 54 79 22 12 16 9 86 96 26 62 48 64 82 63 66 21 59 9 49 24 36 51 40 77 15 9 13 36 58 28 44 67 84 58 34 36 4 18 49 54 80 9 37 23 29 74 18 15 19 56 51 49 71 
78 58 61 88 40 76 22 13 45 91 20 89 41 39 69 69 22 7 75 20 46 39 70 12 30 76 99 16 88 35 36 31 2 51 24 94 57 92 75 24 35 76 46 91 17 21 90 79 45 74 61 82 16 69 62 48 92 46 48 39 49 63 55 63 2 59 27 88 62 0 98 48 98 63 21 24 58 18 40 41 8 72 35 27 86 1 13 30 6 9 12 68 51 97 3 25 27 38 89 63 45 85 84 15 21 31 41 11 51 67 81 46 62 52 22 75 86 95 71 1 65 7 15 76 44 56 16 8 24 3 89 
31 83 94 11 20 56 23 23 88 22 64 6 93 43 30 12 56 59 54 45 55 42 73 95 2 88 72 44 76 14 30 99 36 77 41 87 79 38 40 31 20 66 61 66 25 29 62 45 58 38 60 39 82 48 60 56 42 20 79 14 53 43 25 1 41 80 82 54 25 73 0 25 82 44 11 96 84 89 21 45 41 49 6 52 73 53 65 54 96 89 46 86 58 23 33 21 61 98 93 49 28 44 35 60 35 51 13 5 63 39 82 99 42 39 17 1 26 71 52 90 13 64 78 65 37 7 48 57 13 78 3 
41 20 11 99 30 72 97 73 80 77 18 47 38 9 17 84 77 39 12 56 1 31 51 9 97 45 76 3 81 62 2 88 37 9 58 64 26 57 84 26 35 19 64 64 27 95 92 99 89 19 83 88 81 25 37 27 43 35 72 65 18 16 99 46 18 15 2 18 26 17 48 0 95 29 96 74 85 94 89 52 89 5 80 73 84 61 7 91 78 12 58 72 19 20 38 28 83 77 94 25 3 76 78 96 34 9 23 63 14 57 34 38 77 53 17 74 50 46 94 91 80 5 25 73 61 35 95 27 35 24 51 
85 78 92 95 39 45 64 52 63 13 68 71 70 18 13 53 33 26 77 84 3 22 30 47 80 46 4 3 24 64 86 39 49 92 7 95 1 38 30 16 69 61 58 82 73 63 80 19 58 96 55 51 86 9 60 51 46 62 64 60 39 7 1 64 7 92 29 7 65 91 50 11 0 34 50 83 85 63 65 76 93 10 20 68 28 95 12 81 89 38 9 24 21 16 95 59 24 51 97 75 84 75 61 30 76 89 29 75 3 77 36 49 16 88 15 73 40 90 50 30 69 41 45 85 25 60 33 67 22 47 2 
49 43 13 99 32 54 32 38 37 42 91 86 56 5 49 29 4 15 3 31 85 46 49 3 48 67 6 96 41 23 26 49 91 29 92 80 3 24 60 17 6 96 97 47 1 77 5 18 86 46 58 30 6 56 52 27 69 91 20 66 36 57 79 72 44 74 89 8 96 77 79 29 38 0 8 64 33 2 55 9 48 5 85 92 23 52 78 74 51 69 73 91 24 8 25 74 79 40 24 83 31 88 32 57 98 15 18 14 88 63 95 77 12 53 34 99 24 80 61 40 12 48 33 79 40 17 98 62 92 74 51 
69 70 37 55 98 38 85 72 96 19 50 65 21 94 14 35 76 76 65 17 80 5 83 85 21 28 40 11 93 2 2 51 12 35 76 28 48 45 30 70 91 61 70 99 10 34 18 51 24 43 47 12 30 14 39 51 84 74 68 71 48 9 50 35 31 77 90 53 53 29 95 54 80 5 0 47 39 4 32 96 44 50 6 28 71 90 53 32 27 29 34 7 49 97 55 22 75 42 13 81 12 17 97 52 39 81 6 22 57 60 86 76 63 99 13 71 13 97 26 32 48 74 14 20 3 55 32 37 58 28 2 
58 68 28 65 15 70 52 39 15 17 6 10 1 17 60 53 63 6 67 1 29 12 74 99 6 94 60 31 76 98 48 86 36 63 3 66 23 32 63 23 90 86 30 5 80 36 93 44 25 36 14 25 97 81 14 48 88 61 77 62 97 57 14 93 58 76 98 53 42 41 38 11 76 83 75 0 31 32 89 76 27 25 20 49 30 14 96 21 78 38 24 55 38 32 65 91 10 54 87 57 48 33 29 71 66 93 25 68 79 63 86 17 23 48 47 98 69 27 7 90 13 4 18 98 83 49 2 94 80 55 25 
26 19 3 87 95 61 88 92 67 91 8 42 12 96 93 62 72 67 97 81 37 95 34 12 45 33 75 74 60 26 44 98 5 27 56 4 16 11 96 90 73 1 88 45 91 52 51 24 71 8 36 28 47 89 24 7 76 53 81 48 78 13 9 88 65 6 75 99 55 94 12 48 30 86 84 71 0 50 74 88 28 20 96 52 62 48 33 83 67 62 40 48 35 53 60 36 58 76 77 60 42 26 5 85 99 77 65 58 40 51 75 92 69 2 85 19 16 36 31 65 65 7 82 8 79 31 75 93 26 52 58 
26 10 45 77 28 99 39 14 41 9 60 61 38 68 67 31 95 83 78 39 50 17 58 62 71 72 4 37 32 47 84 7 27 42 83 33 4 31 31 75 19 65 39 2 80 26 30 53 93 70 86 50 38 31 57 32 34 22 85 79 8 30 57 29 88 41 26 21 78 63 50 54 31 30 64 86 23 0 83 57 45 73 55 29 17 83 24 70 7 77 37 55 66 54 29 22 52 93 8 77 82 58 1 77 61 91 76 87 84 23 51 98 90 16 43 25 54 94 76 32 79 47 15 68 68 68 50 97 4 5 89 
40 30 8 90 80 4 22 32 37 81 41 77 57 73 65 73 80 88 31 56 26 73 56 2 99 14 94 76 39 80 51 35 13 77 87 94 60 19 76 93 77 4 96 4 39 69 90 16 46 6 6 44 40 33 10 45 22 62 40 80 10 57 63 40 11 85 44 30 21 57 48 90 32 30 16 63 22 42 0 5 65 2 21 4 13 74 60 74 75 19 58 12 51 39 5 88 50 20 77 28 55 19 65 77 48 5 42 5 72 13 96 99 39 70 55 90 6 64 5 51 82 82 52 67 42 79 24 12 61 85 91 
77 91 50 95 71 43 21 48 55 92 70 82 16 30 88 83 35 1 15 62 48 69 64 29 42 96 88 11 23 9 56 22 52 44 92 24 51 68 60 87 77 62 46 22 82 36 90 23 9 91 25 58 83 68 80 35 44 36 3 45 86 75 19 20 75 63 87 56 15 51 25 29 46 66 28 22 44 51 72 0 39 94 54 21 44 38 80 64 71 49 2 99 28 55 20 67 7 94 84 53 23 79 40 57 70 27 47 3 65 7 44 79 9 73 41 27 23 32 72 2 67 48 97 69 27 72 62 23 28 73 99 
82 64 90 30 87 1 65 58 95 63 57 34 48 22 48 22 90 45 22 64 85 36 69 52 59 67 16 61 49 47 87 93 64 45 96 62 57 72 83 15 54 68 69 6 69 20 75 63 75 19 90 56 2 62 51 30 61 99 8 83 79 20 98 28 33 57 39 58 38 97 54 78 92 27 39 2 87 96 10 83 0 32 8 53 40 26 76 50 47 28 97 77 50 6 8 27 35 18 13 35 22 71 57 52 30 53 66 23 44 69 66 13 52 98 22 3 15 44 73 13 25 1 21 79 24 59 95 91 74 59 91 
99 16 98 58 5 71 79 73 93 74 18 5 29 13 62 13 1 71 69 92 29 72 46 26 12 96 27 24 58 93 50 39 19 93 76 56 88 23 96 79 38 81 63 92 64 76 36 40 12 37 93 66 58 97 70 11 18 65 66 25 63 7 51 96 14 96 13 3 88 47 13 74 56 94 47 38 85 80 47 69 63 0 82 21 69 15 53 34 9 31 19 71 70 38 78 73 53 50 38 62 31 92 82 90 73 88 24 36 16 19 30 43 63 59 39 63 4 11 87 83 18 41 69 90 41 78 51 14 76 92 85 
1 61 75 10 25 54 21 12 54 96 70 62 70 88 49 13 81 98 94 76 84 88 94 19 73 52 3 15 67 58 14 9 55 46 24 86 48 51 62 55 23 74 32 23 41 48 23 2 58 88 51 22 60 12 70 20 2 36 63 20 30 32 81 74 10 44 72 17 76 70 21 73 33 38 8 45 26 89 92 92 68 60 0 57 15 26 17 25 32 67 84 44 77 50 32 77 96 13 39 28 79 73 48 36 18 36 43 99 35 86 1 40 50 92 61 99 19 67 3 32 63 63 52 76 94 72 78 81 46 73 20 
87 71 30 50 73 67 65 50 15 61 4 38 18 49 25 36 48 17 1 70 47 78 31 27 94 56 94 90 96 75 8 10 66 65 66 65 6 36 71 45 19 88 19 9 59 60 99 82 8 59 61 74 70 49 17 2 6 79 71 19 49 96 81 14 31 93 13 67 49 58 19 39 51 1 99 47 71 83 89 48 44 23 27 0 24 38 12 80 61 58 97 15 69 62 20 58 40 35 21 61 85 68 71 20 33 47 93 17 57 44 46 8 8 73 94 28 79 61 80 82 80 1 43 41 41 92 57 99 56 88 15 
25 35 70 67 58 82 96 37 68 85 92 45 27 15 63 69 27 96 91 29 75 61 36 69 39 73 22 36 72 40 12 2 48 66 2 47 38 96 24 34 35 86 2 41 4 75 22 68 51 83 10 62 36 80 28 81 16 68 47 83 68 44 86 70 51 19 26 58 70 99 22 74 32 71 58 85 68 82 71 29 50 45 58 94 0 20 73 46 89 54 31 23 1 98 11 56 36 52 33 19 41 37 4 8 44 69 46 79 7 71 92 49 25 80 90 66 77 96 90 88 13 66 61 50 2 32 52 89 61 39 84 
84 43 11 83 38 25 5 36 72 32 53 77 22 5 10 70 95 37 34 54 23 26 74 60 15 6 79 88 94 59 22 17 10 16 15 11 13 75 45 70 66 21 36 41 52 88 30 15 87 54 8 10 44 75 79 41 73 56 81 72 55 46 65 64 12 81 98 62 16 9 82 65 21 61 79 20 33 84 22 43 33 10 63 33 44 0 54 23 93 82 16 78 32 2 9 53 48 44 18 90 95 29 7 71 14 12 65 63 33 45 47 49 46 88 46 24 33 70 64 99 79 46 75 34 27 60 59 65 35 89 8 
96 18 26 60 86 7 39 8 6 67 80 75 85 2 11 55 98 6 40 16 90 93 22 87 2 14 49 53 7 83 93 60 75 10 27 34 41 14 88 35 47 33 81 61 8 79 86 59 35 4 68 5 14 27 20 48 12 30 19 86 82 61 11 92 65 23 72 57 6 29 45 52 59 66 74 70 8 12 5 40 80 39 66 40 38 33 0 79 2 55 72 60 26 6 27 69 71 24 28 46 88 33 19 11 3 1 14 66 81 38 56 25 59 31 8 85 57 36 50 51 97 61 54 89 40 17 51 45 95 44 83 
71 15 97 96 92 33 64 61 32 16 34 70 17 7 9 62 5 24 78 37 63 67 87 13 7 6 53 2 32 59 38 64 92 44 2 13 72 53 26 24 26 96 76 52 6 69 92 85 20 22 71 48 77 74 90 22 94 41 62 69 93 24 83 42 75 99 34 95 30 9 75 40 46 45 86 72 83 81 54 15 31 18 52 42 4 56 5 0 48 47 78 87 79 29 51 54 42 55 87 58 71 77 58 22 53 58 64 29 43 74 49 11 82 1 54 73 83 18 15 66 92 27 94 93 41 65 20 53 13 47 86 
50 53 39 67 95 10 7 79 88 50 9 38 3 87 28 32 59 54 94 41 9 73 94 98 73 43 99 5 7 53 96 55 1 85 69 73 98 78 4 53 43 89 52 45 38 81 93 77 81 45 63 27 36 67 7 48 84 67 47 50 28 46 96 3 49 64 89 83 36 95 16 97 76 86 71 17 19 59 71 14 47 98 35 99 83 3 63 91 0 87 62 39 22 41 93 22 28 26 99 6 11 86 20 7 74 91 88 43 52 1 14 19 36 46 59 72 48 13 95 5 84 35 42 24 65 50 95 3 3 88 66 
4 64 55 65 29 89 7 23 42 51 62 9 42 85 51 59 86 26 96 80 1 20 67 94 23 66 26 4 72 48 73 75 57 57 56 27 35 36 84 23 4 5 22 75 56 90 2 39 99 82 33 88 34 36 24 18 57 3 15 76 82 53 54 50 99 98 75 14 64 51 59 87 72 52 40 16 44 69 2 57 12 3 40 92 4 34 88 62 5 0 89 89 95 76 34 29 39 38 38 71 98 91 12 97 69 7 93 66 48 66 37 96 37 62 71 86 40 86 60 75 54 18 4 67 80 33 96 56 31 50 24 
72 60 26 93 67 39 93 91 56 27 79 44 95 43 75 43 36 20 44 47 5 72 49 3 68 72 13 52 48 35 44 30 59 21 18 11 50 89 93 23 41 49 41 80 22 39 83 73 7 90 5 86 27 85 86 89 34 19 69 47 6 85 73 3 96 9 53 31 45 75 84 1 96 35 64 43 59 29 57 26 7 54 1 76 18 34 69 31 96 96 0 81 1 70 58 62 67 72 78 80 98 37 21 9 68 93 18 12 51 74 37 44 93 13 91 84 35 6 88 58 97 39 90 34 60 10 42 49 9 14 96 
47 6 88 61 35 56 39 5 97 18 88 61 38 29 68 51 97 84 90 75 13 40 48 78 84 33 10 75 81 14 79 66 68 81 61 99 4 40 71 27 62 48 25 90 43 41 74 25 25 50 51 62 10 6 55 62 53 67 58 92 45 13 1 55 78 89 89 23 99 76 48 78 11 25 92 16 39 43 14 37 21 55 10 46 74 97 96 2 78 85 49 0 15 34 14 70 77 50 84 78 46 35 54 83 92 77 41 67 81 95 14 91 72 11 64 98 48 53 56 17 1 16 43 9 2 91 41 74 73 54 97 
61 61 42 44 75 13 77 44 79 83 34 99 23 19 85 19 56 68 57 79 40 36 19 13 90 99 68 16 59 73 87 25 66 10 91 40 16 77 26 21 11 75 30 76 79 53 64 5 99 15 72 8 62 6 65 71 35 33 26 20 89 86 28 56 96 2 39 63 89 4 1 9 73 17 78 91 77 73 15 48 59 32 18 47 49 37 9 55 6 85 49 82 0 2 67 20 35 80 7 28 86 85 3 35 31 62 82 75 92 93 71 97 34 15 29 19 41 23 90 42 97 16 62 66 21 79 76 98 73 36 2 
75 52 28 89 72 88 69 19 57 31 53 51 24 9 41 16 52 77 94 32 30 38 41 92 64 93 44 18 81 88 36 81 32 69 53 40 98 63 27 5 30 83 35 93 31 84 98 48 26 53 73 64 91 26 64 68 65 9 42 44 92 17 11 17 15 88 80 48 23 4 69 72 12 24 11 65 61 78 12 84 71 19 15 66 89 22 6 4 86 45 86 51 27 0 10 53 29 23 7 40 99 88 6 94 1 26 9 70 94 82 5 79 56 94 28 24 66 11 35 35 42 67 26 20 8 98 55 95 15 48 32 
35 91 1 88 74 97 66 82 83 38 53 95 2 45 54 5 54 57 20 76 72 41 92 69 84 50 37 86 1 78 45 98 28 71 11 92 32 9 64 58 29 81 1 95 42 87 95 8 36 66 66 23 65 93 13 88 15 47 35 5 93 50 87 75 47 1 85 62 38 74 2 35 68 58 95 14 63 38 29 35 14 9 73 85 48 91 23 12 32 58 65 1 20 59 0 61 91 86 46 60 5 28 63 4 69 91 25 47 6 32 17 98 16 7 68 23 46 56 22 62 59 74 85 32 73 56 96 6 71 76 88 
82 89 21 97 64 14 56 65 12 98 34 52 33 95 8 96 62 95 73 54 47 72 24 69 71 39 5 43 58 40 71 20 76 24 47 19 89 45 57 81 21 58 47 23 30 18 44 53 18 56 94 56 88 78 84 96 54 65 33 13 57 72 98 20 98 64 43 4 29 17 17 98 14 9 64 27 7 27 46 48 38 67 21 77 98 53 24 16 61 43 30 24 72 40 55 0 59 70 72 16 17 25 74 91 84 89 83 80 74 76 4 80 51 52 38 1 15 80 54 96 29 44 32 72 30 17 77 74 95 64 90 
73 99 58 82 76 19 45 27 42 69 95 71 66 78 85 25 73 74 70 48 36 37 22 99 92 71 2 3 35 83 9 5 77 20 53 86 82 60 86 32 65 4 54 78 14 19 3 26 61 91 74 95 50 43 83 80 57 12 58 96 16 75 14 70 83 51 70 60 28 84 64 90 30 32 75 52 98 37 30 38 86 1 99 8 49 93 15 65 84 26 62 27 16 24 33 63 0 20 27 83 85 14 41 21 4 53 28 82 90 54 12 33 14 45 32 6 54 55 67 71 57 45 8 11 95 15 5 63 11 85 74 
69 79 1 84 12 37 58 91 8 78 47 33 30 39 29 37 6 26 19 79 87 59 10 16 96 11 43 83 13 72 73 89 78 42 77 52 30 52 99 29 81 87 54 61 22 69 81 59 13 56 35 99 51 61 68 72 46 35 65 19 82 63 80 68 43 61 85 71 6 88 99 68 3 39 8 89 67 15 43 63 25 22 14 75 70 83 97 66 85 16 21 34 7 39 79 82 2 0 35 19 33 59 44 71 53 90 14 88 15 43 2 47 49 23 86 67 84 22 69 96 96 12 14 37 83 97 78 66 36 69 97 
63 34 71 97 19 37 79 10 39 80 36 43 11 31 73 79 91 29 55 40 4 39 88 17 87 14 23 47 78 46 95 1 57 98 56 75 76 19 77 7 91 94 58 36 40 33 67 78 29 60 70 53 66 34 9 49 70 70 32 91 75 32 88 81 17 25 73 90 43 59 56 39 66 51 64 22 48 6 12 95 13 97 20 9 49 34 76 58 24 55 4 30 84 12 30 6 11 8 0 60 79 2 46 48 90 66 38 88 12 63 13 89 36 16 73 95 31 30 70 34 71 69 16 57 65 39 34 31 5 96 36 
15 30 40 60 95 34 25 97 38 82 35 18 7 96 62 80 35 97 59 2 21 8 22 35 7 93 58 48 5 75 17 18 60 13 57 43 28 50 60 36 71 93 53 22 43 40 14 99 62 60 43 58 67 46 37 53 56 77 92 6 44 33 40 12 10 48 20 9 1 60 94 51 68 91 33 57 48 30 52 68 85 78 79 34 5 7 17 41 70 54 10 67 34 7 12 10 59 42 90 0 37 14 17 71 59 73 92 23 41 70 56 97 58 71 94 89 8 91 66 23 14 32 10 76 82 72 38 59 64 78 34 
74 1 82 34 43 94 80 8 34 63 94 76 26 71 21 1 15 93 78 98 88 19 7 30 69 28 53 10 84 17 96 81 24 69 5 15 30 53 21 42 82 39 68 88 47 9 70 5 94 70 45 13 96 50 56 51 32 17 84 98 76 28 74 13 8 6 80 99 99 6 71 66 66 83 19 94 20 76 17 75 15 58 44 94 77 86 26 56 53 86 57 8 81 36 86 37 72 88 9 40 0 72 47 81 39 34 5 76 8 34 33 81 31 32 23 87 88 39 82 72 97 7 17 63 57 38 62 14 4 77 78 
98 90 85 29 76 22 85 38 30 61 87 21 72 41 15 79 35 73 75 66 5 42 54 53 79 26 32 77 68 52 24 6 54 9 74 10 9 34 36 93 10 12 89 70 24 28 46 61 11 84 30 80 60 81 23 6 13 11 14 16 84 69 78 40 76 41 14 10 94 54 77 94 11 67 7 18 86 28 52 60 7 7 92 92 53 27 42 37 52 95 49 86 60 26 62 73 27 49 64 44 38 0 17 8 16 39 29 74 77 66 38 15 99 45 47 80 56 17 94 65 20 7 54 97 36 77 51 32 13 18 72 
93 21 91 77 54 84 53 84 1 37 50 38 47 52 69 15 37 16 15 59 55 51 93 69 8 90 80 72 75 42 19 32 65 98 2 16 97 23 50 88 65 53 19 92 93 73 38 27 24 67 94 5 95 74 24 48 59 78 53 93 78 15 6 5 65 64 68 93 73 1 86 32 21 71 81 34 63 72 40 9 67 41 99 92 74 53 82 79 9 38 39 36 55 27 43 79 55 15 39 53 40 90 0 83 65 90 94 55 63 48 4 27 27 80 82 54 1 86 88 44 80 87 48 30 25 11 73 97 65 86 45 
97 6 1 45 62 3 51 44 15 58 71 63 81 37 24 50 13 19 50 11 67 25 16 72 64 52 15 30 53 89 62 84 93 92 26 57 32 63 27 97 84 69 30 41 98 16 27 83 87 4 20 70 56 93 33 4 2 55 19 75 43 40 60 99 77 95 5 28 69 82 13 54 67 21 55 5 63 56 49 52 24 4 77 9 1 76 76 32 91 59 37 72 37 91 60 34 74 11 70 3 31 77 6 0 23 5 87 76 13 70 4 11 4 89 90 27 36 49 14 42 41 42 91 52 85 56 71 26 71 83 25 
81 25 6 37 33 54 47 9 46 55 76 85 94 61 93 1 39 56 2 94 96 12 61 21 67 60 92 32 24 35 17 12 12 46 40 68 86 50 56 81 58 72 21 65 38 34 91 51 12 48 8 49 49 87 32 11 28 95 6 87 11 25 19 40 22 88 37 21 1 58 4 14 48 6 75 63 42 89 9 21 26 50 98 29 58 36 61 11 67 36 26 68 27 56 27 21 61 14 45 79 18 61 30 29 0 65 85 13 66 49 9 73 49 16 96 15 92 73 64 51 72 42 60 24 46 69 42 48 30 60 42 
90 75 47 74 41 59 10 82 75 39 94 4 52 70 68 96 90 63 91 71 9 13 32 14 93 23 93 12 76 79 96 81 20 33 58 3 13 34 76 86 90 28 58 85 66 37 14 62 42 48 86 96 83 47 76 15 56 12 16 3 12 32 98 10 77 13 23 1 26 15 97 27 14 48 40 97 66 53 77 9 14 52 5 91 81 50 80 97 2 63 16 64 39 48 23 74 30 52 12 88 8 19 46 35 18 0 67 44 23 30 25 81 97 15 44 96 23 13 89 6 93 46 10 29 9 52 28 72 5 84 7 
18 93 55 67 53 63 82 39 44 25 3 51 78 15 49 87 94 49 42 52 42 93 98 84 44 25 37 33 43 98 50 50 85 30 46 36 45 77 97 54 80 78 26 59 2 37 18 76 5 59 76 42 11 74 51 15 26 18 65 59 46 75 35 75 30 39 69 58 67 13 51 65 60 64 79 77 83 56 81 69 95 39 23 30 77 60 24 72 17 17 35 93 20 6 72 14 59 67 4 75 8 56 73 8 97 32 0 49 82 25 20 10 4 18 16 51 47 29 80 76 98 32 22 60 97 24 57 67 93 87 58 
40 51 45 66 76 61 55 43 71 81 89 80 60 65 18 13 11 30 29 42 63 59 87 5 6 65 8 1 1 39 14 38 57 20 97 11 70 30 41 92 13 33 25 36 62 91 84 58 33 54 32 50 95 7 9 82 21 57 16 49 50 66 44 42 75 53 39 33 13 57 86 41 95 99 13 54 24 82 93 9 53 53 78 46 60 35 82 10 40 6 9 68 88 37 60 55 55 75 43 38 8 51 35 70 97 5 42 0 28 30 21 85 3 86 99 10 6 33 48 70 91 80 24 98 49 66 20 63 81 78 27 
15 93 13 94 50 75 79 88 9 75 44 72 46 20 91 62 95 53 99 24 78 52 36 30 50 94 25 20 12 88 66 29 31 75 21 29 69 48 72 68 6 96 69 48 69 67 87 17 45 40 66 89 47 61 42 64 90 13 21 35 30 38 23 52 86 91 63 76 44 31 54 90 42 59 16 27 67 54 82 97 25 20 1 72 54 10 90 84 90 83 19 92 93 48 18 52 71 53 30 17 45 50 23 7 53 78 2 26 0 38 51 13 18 39 24 23 89 16 83 68 77 95 56 58 66 24 44 10 44 80 66 
77 62 1 98 93 46 54 15 39 74 62 93 1 83 51 74 91 95 57 7 37 29 58 70 41 28 87 93 69 51 28 5 49 72 95 99 71 53 29 95 17 16 37 47 55 85 93 16 79 4 74 74 84 74 89 27 30 70 90 74 77 87 29 47 39 67 19 85 72 39 57 68 8 14 57 28 91 50 41 55 73 18 43 72 81 51 44 63 69 79 62 82 67 72 74 13 67 74 87 54 46 8 54 79 24 93 57 95 54 0 94 43 84 81 54 84 71 14 87 10 47 48 99 1 37 35 40 79 13 8 40 
85 38 69 98 49 42 65 26 2 78 20 93 45 47 38 24 2 43 31 9 84 83 94 27 52 22 24 41 9 79 59 39 11 55 91 70 7 92 41 86 41 87 99 9 48 80 98 69 79 41 62 19 46 31 95 59 41 75 25 15 95 61 84 42 69 22 18 27 69 11 62 24 50 15 92 98 78 76 50 91 24 68 89 16 29 32 58 99 86 13 4 96 14 75 47 6 78 26 24 1 31 50 78 69 35 78 54 29 93 84 0 73 46 86 52 6 25 38 30 17 70 42 52 84 42 4 62 52 1 21 44 
8 34 24 70 54 34 94 42 78 65 83 8 28 63 99 94 64 35 34 45 92 99 26 10 24 48 86 31 49 99 38 87 94 17 1 67 46 64 8 24 13 44 97 59 34 42 64 38 31 76 36 51 97 12 22 5 87 74 88 64 59 63 94 10 96 85 41 97 54 62 50 82 5 29 61 48 33 99 90 14 75 68 42 68 34 5 46 46 32 96 7 44 65 72 55 24 79 16 39 5 24 53 69 50 85 41 2 88 26 9 15 0 98 38 32 79 10 48 8 3 53 52 9 69 32 21 9 97 31 36 83 
85 27 10 67 10 49 51 10 25 25 43 32 22 85 44 13 72 84 74 12 56 36 91 14 23 36 46 41 47 99 37 28 25 4 59 80 95 39 98 3 72 67 9 40 34 75 43 89 37 41 31 74 93 59 67 9 92 83 66 97 36 66 2 87 46 94 27 32 80 60 8 67 94 86 97 11 51 98 39 16 54 81 11 71 81 62 82 63 1 29 14 56 8 13 76 24 23 45 93 53 80 77 50 42 15 64 12 28 63 40 89 8 0 80 37 92 62 32 94 18 83 19 93 26 33 77 4 92 32 31 19 
77 6 43 2 17 5 25 84 38 68 40 48 92 45 33 30 86 29 12 90 89 58 96 67 10 84 12 17 94 62 74 59 28 93 94 51 59 27 40 68 81 62 49 22 70 43 7 27 96 47 83 59 4 73 64 55 51 92 38 86 53 83 81 76 86 39 39 75 72 28 69 25 40 22 65 4 10 54 56 34 84 44 69 11 60 6 97 18 23 10 97 19 68 18 97 62 18 22 54 75 69 94 79 76 48 53 25 21 97 68 65 98 49 0 47 76 8 49 32 17 19 77 69 55 3 6 64 3 63 89 31 
76 38 61 60 5 27 36 22 51 4 4 70 26 97 79 75 19 34 28 80 49 26 67 93 96 38 9 62 69 7 35 40 51 75 55 80 28 12 19 90 95 30 89 58 48 53 19 1 98 92 98 86 57 73 71 64 89 90 35 69 94 11 14 81 5 58 66 21 59 67 16 55 31 35 64 31 11 53 10 66 70 82 99 54 80 83 45 47 60 77 84 9 76 92 12 94 55 7 58 58 61 30 41 19 15 14 44 2 6 47 92 22 17 98 0 48 88 20 27 33 25 94 17 78 88 71 84 98 95 80 7 
70 19 20 87 45 73 35 52 74 93 87 57 51 53 72 45 35 74 42 77 31 72 56 34 68 58 18 97 59 31 26 92 65 77 26 98 89 60 8 80 2 95 32 45 15 69 93 84 53 41 12 50 62 13 28 11 15 84 15 32 82 12 88 51 24 33 64 17 20 93 94 25 8 59 92 1 7 55 78 24 32 64 62 42 23 17 83 78 52 40 4 13 61 9 69 27 62 78 69 5 53 15 85 12 27 13 5 41 66 24 95 18 50 79 63 0 2 87 88 25 2 98 80 90 8 55 87 93 6 51 88 
18 15 18 30 57 90 38 64 79 70 53 32 97 73 86 28 82 28 83 62 14 85 12 27 60 27 19 44 13 12 15 17 68 26 77 38 89 59 35 58 36 31 50 67 9 97 53 4 14 69 48 23 76 5 38 65 80 26 96 36 82 65 65 17 66 9 66 86 73 77 66 56 41 70 90 73 55 28 17 19 12 64 63 78 31 69 30 6 56 7 69 37 42 21 56 85 13 17 85 37 51 7 97 71 98 16 28 59 83 15 88 30 11 13 20 60 0 97 96 16 39 11 5 63 63 52 52 96 39 76 33 
88 41 66 69 30 57 36 75 68 29 44 83 56 37 2 98 79 95 95 83 79 78 92 45 97 25 99 28 5 55 53 26 64 97 90 91 44 21 27 69 56 24 43 97 6 68 69 78 91 54 69 22 69 78 55 69 59 98 29 81 91 68 87 44 86 13 64 89 73 92 51 59 5 63 71 5 34 23 19 39 30 31 74 10 39 76 7 79 69 57 23 36 64 96 58 54 62 11 55 72 51 1 91 38 3 54 96 90 73 94 71 33 81 72 77 77 89 0 69 80 19 63 95 16 97 38 62 2 96 31 61 
63 19 21 29 24 25 82 59 50 7 59 49 68 21 7 13 24 70 17 38 71 59 31 14 47 50 73 95 40 47 11 32 20 23 87 52 66 51 29 96 22 72 62 68 79 58 79 68 12 29 46 57 93 67 17 58 85 95 57 15 3 22 10 80 80 95 11 95 74 73 78 37 63 27 95 75 47 61 40 23 16 60 34 35 48 57 37 57 44 49 80 96 76 16 92 50 7 76 8 65 49 66 25 68 66 2 76 96 50 83 56 72 4 13 39 30 91 72 0 91 17 29 6 74 8 28 3 9 7 63 25 
74 45 9 23 52 50 79 73 43 62 5 7 51 39 36 32 37 20 27 70 32 71 99 2 69 96 9 18 79 36 14 8 80 27 68 70 37 86 90 2 72 18 37 51 71 45 92 53 73 27 83 75 19 18 19 20 41 93 55 59 8 6 81 99 5 89 92 70 14 29 89 32 23 83 60 14 93 2 79 76 80 96 8 67 2 80 87 86 43 61 38 82 25 61 50 99 37 86 63 2 87 96 19 33 94 62 51 92 45 15 11 27 99 62 13 37 35 24 18 0 18 81 26 55 73 14 26 33 19 29 16 
53 18 96 41 58 14 39 24 64 35 19 52 57 41 47 91 81 14 41 92 37 27 85 80 83 69 36 25 30 48 69 61 25 64 83 62 31 63 64 1 49 40 17 94 60 3 54 79 59 46 60 16 85 24 33 70 81 88 65 39 34 33 80 17 66 8 87 2 95 82 24 45 2 38 89 7 77 10 24 27 30 72 99 8 44 57 11 74 49 98 84 75 21 10 16 29 84 95 42 12 41 54 14 56 35 61 31 26 72 62 76 10 39 87 21 91 46 42 4 90 0 99 63 46 91 41 98 43 43 99 95 
65 49 66 78 32 30 7 3 82 31 55 16 15 39 44 26 40 98 14 41 71 53 41 40 73 56 82 21 36 43 20 30 50 56 84 37 23 46 97 98 36 52 52 20 63 31 38 56 69 56 87 79 79 54 54 81 21 87 38 58 87 7 99 63 96 63 30 42 16 26 6 20 79 81 40 83 11 49 77 92 74 66 17 19 84 10 75 37 7 63 43 23 22 93 50 1 90 40 72 29 74 96 4 11 40 86 44 24 65 3 76 17 37 21 78 37 28 93 85 54 35 0 45 72 48 92 21 35 26 23 99 
94 7 58 71 47 64 30 20 78 54 58 75 70 32 74 99 50 26 29 79 56 78 16 48 45 42 91 22 60 43 65 54 4 83 38 30 7 16 23 57 62 39 57 17 72 31 58 87 17 86 58 61 65 27 44 34 5 62 97 91 35 5 50 62 21 7 72 10 39 94 23 58 31 9 51 91 52 93 82 84 6 48 16 72 12 46 26 15 68 19 4 94 55 95 22 23 23 86 12 10 71 15 16 31 22 18 93 88 75 75 39 34 94 76 60 47 74 8 28 17 57 95 0 49 62 45 60 6 40 92 20 
29 34 17 16 91 14 62 84 11 78 92 81 91 22 93 2 29 54 70 82 52 67 39 38 26 3 60 45 88 12 63 36 99 39 16 8 45 34 93 43 5 57 63 16 82 84 27 67 12 15 27 59 97 2 1 30 38 25 10 30 9 37 73 96 13 44 84 58 77 16 59 31 73 58 46 64 98 82 16 40 24 24 75 88 35 86 93 34 99 9 86 66 5 1 33 32 12 36 87 62 49 24 68 97 9 1 37 73 26 71 39 84 64 16 72 20 54 63 74 13 51 35 39 0 25 68 2 24 76 63 19 
69 33 16 99 87 45 58 43 86 52 52 25 83 2 37 68 66 99 73 39 62 86 4 33 53 70 25 83 42 68 68 12 70 10 35 80 79 24 99 2 28 96 47 58 41 27 38 13 23 47 30 20 79 91 9 69 2 59 51 51 1 57 93 37 64 50 36 63 81 4 59 2 63 81 23 40 59 15 88 56 80 60 54 16 74 93 64 82 13 68 94 43 78 93 28 8 49 79 35 15 46 98 32 92 12 17 41 64 10 64 37 73 87 67 45 51 33 18 76 21 34 17 11 77 0 38 55 20 28 3 40 
78 33 19 25 10 68 35 36 46 53 34 50 63 53 83 67 99 59 32 54 55 35 18 79 13 69 59 14 29 43 64 79 82 92 16 44 50 65 8 59 64 42 53 37 72 7 54 23 8 1 82 9 48 83 17 28 55 39 77 24 9 37 62 31 30 22 63 46 68 70 55 57 23 77 18 63 35 70 94 94 5 88 46 14 4 80 19 57 6 32 92 10 70 76 7 60 66 44 7 81 76 40 85 44 13 84 78 87 45 10 22 34 35 68 65 5 48 94 45 7 56 14 82 97 25 0 78 86 41 26 53 
93 12 66 42 97 11 59 46 90 21 81 27 7 98 6 36 79 69 92 64 21 91 14 18 1 54 28 39 2 7 63 84 98 52 37 40 58 13 84 76 22 59 10 47 10 9 55 38 32 28 76 28 49 45 92 52 84 28 69 96 80 80 19 3 47 74 78 19 33 25 48 59 35 34 30 97 33 36 19 97 31 84 52 58 82 58 16 34 24 86 1 35 57 28 60 12 15 37 72 49 64 30 72 55 46 12 87 79 5 45 85 6 93 72 73 84 44 61 66 77 47 14 81 11 2 62 0 17 44 62 45 
3 27 51 60 12 88 3 21 77 67 14 68 9 43 32 13 85 80 61 19 73 56 66 23 65 93 46 93 30 49 15 42 54 81 50 29 5 16 42 51 6 23 25 94 21 3 42 15 30 36 88 98 99 94 7 55 24 88 72 75 7 61 13 6 44 81 67 42 36 83 98 75 29 60 36 51 17 33 9 88 47 56 11 66 61 58 73 93 26 26 87 12 28 48 51 74 35 12 34 47 30 35 39 75 49 11 33 58 73 5 92 54 57 95 9 78 34 70 65 34 23 9 9 46 19 10 56 0 39 22 7 
32 51 68 93 5 75 29 55 18 9 79 36 75 25 8 66 53 92 79 56 13 88 74 54 69 25 42 47 72 1 44 76 77 40 38 18 9 48 83 30 95 93 7 11 44 20 63 59 76 27 24 56 95 69 52 49 82 20 36 4 69 92 21 20 82 86 64 11 45 50 2 26 81 7 67 2 89 12 47 17 31 20 87 80 61 63 96 82 58 35 19 28 99 91 70 3 63 92 18 12 37 18 33 93 65 54 3 95 5 96 6 72 55 91 63 82 23 93 26 74 82 42 68 3 35 77 84 90 0 97 53 
14 30 73 2 51 40 78 15 24 62 84 74 12 25 65 99 62 27 74 95 65 35 12 40 24 38 22 6 21 43 75 34 30 45 76 63 55 63 70 8 84 9 91 71 6 76 79 65 49 58 43 57 25 95 41 15 64 22 17 13 72 13 23 12 55 5 70 23 85 72 12 95 79 13 78 68 14 54 54 21 39 49 48 99 47 37 89 28 35 31 23 90 61 12 64 55 90 24 35 66 65 41 73 32 62 28 82 12 69 41 56 61 44 69 20 23 68 90 90 91 26 68 52 72 54 5 43 71 11 0 16 
73 82 86 84 98 59 30 13 64 36 45 58 27 48 42 63 29 67 79 30 33 74 20 83 54 50 94 66 19 89 83 86 85 53 85 27 85 4 62 46 26 62 53 38 11 36 8 39 54 70 69 2 39 17 44 25 72 59 86 54 48 37 32 24 51 54 80 91 81 24 32 34 64 89 79 6 5 19 13 18 18 6 9 10 27 8 45 31 35 50 7 88 3 23 9 58 71 70 13 62 32 50 32 94 42 89 86 31 47 74 8 90 88 45 59 56 87 83 16 41 58 21 2 66 58 24 78 90 12 49 0 
