70 6 
0 43 82 42 2 89 52 4 36 53 30 9 8 47 48 56 10 61 77 20 66 86 66 25 27 25 51 59 48 46 13 13 31 43 3 9 35 57 16 1 36 39 19 48 35 69 96 46 22 37 28 28 17 67 84 31 69 7 91 77 5 7 30 4 78 9 5 96 72 79 43 37 45 81 97 28 19 40 95 63 66 44 96 80 49 9 44 59 95 34 78 19 2 52 47 14 20 5 20 98 57 41 15 6 70 67 77 7 70 82 33 94 82 81 88 59 56 67 84 26 21 99 77 78 67 9 67 67 24 30 74 44 91 31 39 14 16 2 58 43 10 
14 0 43 10 65 42 3 44 63 98 64 30 21 27 86 77 59 22 76 86 94 15 54 25 66 2 87 76 50 84 64 71 23 94 55 14 24 37 43 67 62 88 90 53 55 44 47 58 74 9 14 43 12 58 39 95 44 1 12 54 93 28 73 36 63 24 51 3 82 24 69 10 63 77 45 97 55 82 42 51 7 88 75 93 76 96 71 12 56 81 71 17 92 51 31 40 20 21 80 55 54 89 61 82 92 5 42 50 71 7 38 92 69 10 10 32 58 70 11 90 99 21 36 26 98 71 48 90 15 6 36 57 9 38 53 26 19 98 68 50 6 
79 17 0 37 24 45 62 29 40 20 55 7 4 38 62 96 24 93 26 67 74 64 54 60 49 27 6 7 91 30 2 76 9 4 30 63 73 56 51 41 98 37 27 11 12 1 83 47 83 73 3 15 76 20 67 24 41 25 12 6 18 17 99 55 69 58 31 52 26 23 63 15 23 35 55 46 35 52 64 68 66 75 45 80 99 65 67 35 10 83 83 8 66 41 5 62 93 43 34 4 17 33 53 11 68 98 75 38 3 68 37 8 19 19 58 1 24 22 61 35 67 13 12 26 46 29 99 12 67 44 10 90 72 61 78 56 53 72 97 75 88 
93 54 38 0 46 87 96 59 52 28 66 8 23 32 40 58 49 4 47 18 30 4 41 58 16 68 36 77 34 82 30 82 56 38 61 49 55 89 72 1 48 55 85 59 36 32 48 88 85 26 81 58 41 37 3 88 62 68 69 68 62 50 22 50 59 40 76 27 12 75 76 74 33 51 48 75 68 72 12 93 41 87 51 63 11 4 39 14 86 68 19 27 8 99 65 66 70 87 40 74 89 73 59 19 47 84 96 76 48 33 48 33 62 10 62 81 51 80 17 74 69 61 65 60 5 44 66 55 81 71 13 19 20 91 25 72 20 80 64 11 34 
70 61 48 37 0 30 16 1 85 60 65 94 16 42 68 71 49 79 67 11 20 59 21 78 48 95 66 42 27 77 9 64 7 26 33 71 62 65 52 58 64 86 33 84 13 90 17 57 7 58 5 66 10 12 64 58 3 39 16 59 52 3 58 23 95 61 18 40 78 99 19 43 75 75 96 81 25 11 32 45 97 14 44 52 23 6 26 57 71 62 24 60 58 14 81 71 2 88 51 3 21 92 89 91 78 70 64 37 43 61 76 29 44 9 72 31 71 14 61 89 3 18 12 88 13 43 52 76 72 35 1 68 29 80 18 93 91 52 81 26 29 
47 72 44 4 1 0 10 36 86 20 33 80 95 59 51 58 52 85 38 83 32 45 30 78 92 53 51 64 43 62 77 45 66 52 91 35 66 14 68 32 7 94 32 15 90 91 73 12 72 84 29 77 39 92 35 62 70 71 47 42 6 2 5 9 24 58 64 28 48 31 23 54 51 61 90 14 54 79 17 53 7 27 3 89 73 64 47 98 56 92 1 71 54 72 94 44 30 11 33 20 76 95 96 41 97 34 53 88 38 7 16 76 15 58 11 55 66 68 17 79 78 87 53 78 80 86 47 10 87 81 24 31 47 76 3 24 60 30 66 65 97 
14 26 17 7 99 8 0 87 65 35 38 20 19 59 57 42 8 43 65 28 41 22 48 15 2 41 4 72 67 78 54 73 78 95 65 39 49 24 92 31 65 52 42 7 98 63 49 6 27 67 76 75 91 86 9 79 12 81 80 74 17 88 28 12 80 84 69 86 33 27 49 13 8 76 46 52 48 49 9 49 47 67 34 61 22 10 32 31 80 92 35 77 75 16 35 81 72 48 78 62 96 99 39 26 80 47 32 41 24 91 25 57 58 3 62 62 5 47 84 71 41 22 85 25 88 51 2 33 45 54 95 3 36 35 43 79 25 84 12 40 99 
92 9 23 45 30 23 72 0 37 57 18 33 37 70 1 38 38 92 16 46 2 77 97 50 31 84 50 57 82 66 1 23 22 22 97 81 25 75 8 61 61 93 25 29 35 79 56 37 32 21 64 8 18 70 20 6 4 58 57 60 76 70 22 2 8 13 38 49 6 96 37 20 53 5 60 12 97 23 13 39 57 44 67 83 81 16 17 46 66 18 72 76 55 50 31 1 4 98 56 93 79 1 10 85 35 1 99 22 6 92 99 96 88 47 4 38 54 99 3 77 28 15 14 95 98 17 20 55 66 41 46 66 13 12 65 94 58 58 45 98 47 
78 43 85 92 6 81 57 60 0 84 86 89 52 81 4 29 60 88 86 82 26 61 60 32 65 39 1 85 90 98 5 84 14 22 45 71 55 56 85 30 29 5 62 45 62 88 66 69 44 81 37 51 51 1 54 84 89 91 7 52 80 63 7 85 96 53 16 68 46 5 4 40 91 59 25 73 85 65 83 46 22 59 98 52 65 24 99 92 80 33 5 15 27 45 44 52 28 46 1 1 85 3 26 79 34 90 1 84 11 43 91 59 9 80 33 74 51 51 15 63 31 6 23 4 32 76 3 82 87 3 93 28 81 43 82 36 32 94 95 4 78 
81 89 33 41 2 35 34 9 31 0 28 40 27 66 39 89 39 60 73 39 38 95 94 80 80 76 47 65 34 97 76 6 22 16 60 97 16 49 91 31 15 92 3 95 85 17 9 15 66 87 23 10 40 1 79 21 85 81 25 56 39 22 18 53 67 70 29 10 40 84 84 45 73 88 68 20 68 12 48 36 57 43 56 22 99 38 76 35 4 82 64 23 25 27 90 12 34 23 16 52 11 8 83 59 54 53 15 66 82 66 61 32 71 95 44 85 75 45 9 47 26 5 87 28 65 42 94 56 53 3 95 44 56 65 62 19 80 26 17 59 66 
21 36 19 90 11 2 92 98 61 8 0 26 94 68 51 33 26 15 57 10 32 83 24 65 32 60 75 46 94 14 62 16 28 30 56 48 53 15 85 80 88 75 43 67 42 58 3 7 66 55 97 42 22 89 54 42 51 95 82 49 28 87 21 60 70 11 46 42 5 82 11 13 98 5 32 96 52 6 83 47 53 23 28 36 19 45 74 90 64 8 50 5 97 8 28 5 37 92 14 60 67 38 12 32 5 29 34 18 26 69 44 83 63 33 56 45 38 21 63 87 40 19 28 88 29 59 73 11 84 28 7 26 65 52 80 63 81 29 38 4 89 
59 56 38 30 26 16 91 72 12 46 39 0 20 51 53 75 63 82 45 1 49 53 4 24 73 49 15 42 81 99 50 41 66 67 55 13 82 50 63 75 67 25 80 40 64 31 42 7 85 63 58 58 60 97 38 53 99 17 86 19 96 99 82 31 27 99 78 14 99 82 70 8 8 91 45 76 15 73 57 75 94 1 74 88 69 43 2 74 30 88 58 32 63 68 98 22 80 14 24 53 31 2 33 32 45 68 30 80 79 61 93 30 4 12 86 12 30 72 2 63 38 23 34 96 16 44 28 17 17 35 4 78 55 69 42 67 18 34 95 19 30 
52 36 58 96 64 23 53 67 71 21 60 8 0 2 67 48 27 16 95 57 53 86 59 15 91 18 43 14 75 80 89 83 98 7 90 56 62 19 11 97 30 37 90 65 11 10 39 60 56 59 21 32 9 56 72 9 49 47 40 91 1 89 60 65 74 58 21 29 74 32 33 24 74 83 58 33 54 48 38 86 76 54 48 55 3 55 90 30 17 94 11 90 54 68 93 99 7 38 10 65 24 89 73 34 59 31 94 7 87 72 27 76 31 58 98 82 44 72 56 44 86 9 11 91 4 12 61 99 34 17 92 42 74 36 69 84 43 37 15 39 23 
41 11 20 2 74 9 44 77 90 15 20 20 56 0 65 39 27 91 74 78 26 31 4 24 2 42 32 80 91 16 39 75 50 61 38 25 49 44 68 16 8 64 90 72 33 16 55 81 18 38 17 85 13 61 35 44 29 33 2 39 64 64 4 9 29 85 69 89 55 73 63 32 61 77 46 16 53 28 65 92 87 97 77 45 98 70 62 99 60 78 71 54 95 53 16 80 5 52 40 35 18 36 62 92 28 91 6 22 94 85 9 43 68 59 91 57 78 87 85 32 80 44 67 83 24 81 95 98 45 75 39 46 28 90 60 37 98 79 55 45 23 
83 53 87 67 72 3 63 50 89 91 68 81 72 27 0 71 38 93 79 90 29 72 72 38 6 21 69 82 8 73 3 80 59 41 32 4 28 53 7 17 71 65 30 31 78 58 3 8 69 31 73 89 53 98 79 81 70 37 65 61 99 5 71 64 22 96 34 12 94 74 5 51 38 16 63 89 95 90 69 63 19 68 85 22 84 6 68 29 28 11 87 70 25 29 53 4 36 35 9 48 35 44 26 90 9 41 58 3 4 5 18 72 21 48 4 35 15 71 79 54 11 16 16 48 14 1 19 10 75 4 78 97 4 61 5 25 76 45 61 4 34 
67 45 91 46 96 59 56 23 85 26 15 95 54 23 80 0 22 61 16 39 9 62 72 94 8 60 78 51 95 87 41 14 13 68 59 38 64 47 16 38 22 68 47 66 52 4 16 1 27 31 61 31 4 99 17 25 20 29 91 88 92 93 27 36 4 26 78 13 87 79 77 27 74 92 16 55 49 25 28 56 52 14 37 57 90 36 59 11 38 97 64 80 13 13 80 6 60 78 14 57 88 51 57 82 4 26 48 13 67 51 13 71 54 82 15 91 16 67 83 7 98 47 52 80 24 1 97 48 90 20 85 6 52 42 30 78 77 54 82 78 12 
20 47 99 91 10 91 97 7 22 75 15 58 94 65 97 87 0 91 1 60 88 99 26 69 11 38 54 38 31 47 50 75 65 16 32 38 42 37 65 81 21 77 41 79 28 49 48 43 26 23 62 24 62 71 66 30 23 64 19 68 51 53 2 9 94 67 48 62 65 78 46 3 92 36 12 40 22 97 94 80 52 35 55 9 91 83 31 97 64 43 59 93 60 18 84 85 18 25 3 59 41 36 10 55 23 23 93 42 42 37 23 21 25 91 57 84 94 41 11 94 73 5 1 38 28 26 48 20 22 73 18 63 46 57 69 87 96 71 48 72 27 
15 41 68 23 25 84 57 2 19 65 90 45 37 13 24 16 65 0 64 64 81 54 69 4 90 14 69 21 26 72 48 14 28 61 79 97 58 73 43 39 51 60 66 51 49 75 85 12 19 85 9 80 78 64 86 78 84 94 8 40 87 89 62 19 54 54 28 28 17 83 90 69 12 62 24 30 6 31 40 77 80 61 66 91 61 51 4 48 71 25 19 25 36 42 86 20 29 31 14 66 58 37 93 37 77 83 34 56 51 92 54 49 79 2 98 39 27 48 38 87 79 94 96 29 14 98 1 83 24 46 93 55 96 27 29 69 33 14 42 97 53 
67 54 9 38 16 55 43 58 30 5 26 68 41 49 51 89 61 75 0 30 22 18 51 88 39 42 27 17 42 89 73 99 84 29 89 3 4 17 94 25 60 28 26 18 25 61 58 40 32 72 74 74 55 31 60 85 67 9 25 46 64 41 4 56 82 98 26 18 94 63 48 64 89 59 32 6 31 53 26 73 22 91 52 63 23 84 51 15 76 60 83 90 33 12 80 54 66 42 54 61 1 49 10 33 72 54 56 26 24 82 84 49 84 94 59 38 29 42 12 42 38 12 99 87 48 84 16 68 90 2 37 71 88 25 73 17 32 99 51 16 57 
73 13 29 54 30 70 27 90 77 17 54 17 28 64 33 33 68 19 48 0 97 66 40 25 20 75 50 93 52 48 75 25 11 76 97 8 41 26 56 62 17 71 42 5 20 71 28 39 8 57 68 28 56 6 50 1 36 53 91 13 70 44 73 4 44 84 79 28 28 54 60 74 27 96 58 67 4 20 28 60 1 85 81 35 15 85 20 97 81 66 55 93 95 24 57 42 14 85 41 79 47 64 65 37 21 10 65 73 36 96 51 92 25 16 73 19 42 38 46 40 77 91 34 63 51 9 56 97 25 62 36 29 51 26 20 67 23 33 96 49 53 
51 29 29 61 23 46 17 26 92 4 9 89 42 26 18 29 76 64 90 5 0 70 43 67 10 97 94 55 11 1 13 32 33 68 2 39 42 98 73 5 17 54 1 84 53 37 9 95 49 3 52 98 8 77 55 58 69 89 31 6 36 37 85 81 9 36 27 40 45 53 24 36 48 79 50 69 72 46 94 86 36 15 38 83 17 79 23 62 82 24 75 96 58 97 58 47 42 37 54 3 73 90 51 12 52 92 51 39 62 37 68 79 13 70 85 62 56 94 9 44 85 59 57 68 78 73 5 22 8 34 77 40 94 60 51 96 94 10 88 53 53 
1 82 8 96 75 6 57 42 36 63 39 6 93 32 29 49 62 54 86 8 94 0 57 80 51 78 7 64 34 38 21 50 14 36 21 3 74 34 8 14 54 95 40 36 52 82 7 60 74 17 21 58 55 97 28 75 87 22 26 5 74 15 88 59 43 33 20 7 41 62 84 32 31 81 45 36 33 49 9 66 62 2 91 10 12 20 71 96 28 18 93 74 29 62 83 21 59 77 45 79 14 4 23 89 89 32 77 50 7 56 40 1 86 2 25 7 31 58 35 90 11 69 40 89 62 12 88 99 6 15 96 87 55 65 30 66 63 43 99 39 3 
10 91 60 37 76 55 23 34 30 32 45 51 48 3 14 71 72 68 43 64 14 73 0 50 64 64 68 57 19 1 5 68 13 74 79 47 3 79 71 98 47 88 25 16 6 33 7 26 50 25 77 35 1 91 15 51 67 13 7 22 28 26 60 73 70 67 57 88 4 54 23 88 24 74 90 93 96 34 11 86 84 85 25 46 23 10 84 1 74 58 30 33 92 96 12 43 41 78 32 40 79 92 18 62 28 28 74 29 86 36 28 73 88 97 25 67 55 20 52 73 9 59 67 32 86 99 60 74 60 73 7 60 12 85 99 29 60 40 54 65 19 
53 99 98 85 67 80 71 77 44 38 33 14 77 99 73 24 80 87 69 50 55 62 42 0 78 52 59 92 43 63 64 93 13 10 11 29 11 30 73 79 40 98 82 92 87 74 25 85 40 48 79 8 47 27 10 36 72 35 98 53 35 33 27 98 38 39 44 28 84 42 42 85 59 34 48 80 24 81 90 34 8 18 76 21 36 64 75 80 71 96 3 51 61 80 32 55 84 68 77 7 55 28 92 89 63 80 26 38 49 37 83 12 13 54 66 54 66 10 63 99 19 21 85 54 74 70 95 81 61 18 67 77 95 9 15 18 20 68 75 32 51 
38 18 16 58 23 38 27 92 42 46 32 80 70 42 61 46 27 4 22 17 31 77 57 72 0 46 50 67 76 58 85 93 66 70 10 75 73 84 23 48 67 34 10 10 62 18 55 56 60 79 57 63 53 23 90 31 82 37 11 11 64 68 8 8 2 24 54 47 74 13 64 61 24 44 72 7 83 96 16 60 47 11 65 4 54 41 15 65 94 28 93 52 94 17 30 87 39 72 65 95 82 84 70 5 40 37 41 69 91 45 93 70 61 49 47 89 4 19 62 22 10 32 40 60 44 10 1 23 14 78 47 49 43 68 65 17 38 78 74 70 34 
77 3 95 60 28 28 27 2 66 67 2 26 95 42 99 15 76 62 27 38 67 60 54 87 74 0 75 86 94 94 30 71 51 44 88 91 58 51 28 85 2 28 83 69 39 17 93 37 34 9 48 97 15 90 47 93 75 75 51 2 29 40 79 52 69 37 74 26 78 58 64 36 63 21 51 33 46 44 43 55 75 29 43 38 99 26 75 54 13 20 8 71 83 70 16 21 24 12 23 9 9 43 47 91 66 73 69 85 15 2 31 95 42 50 69 59 33 97 39 39 89 9 75 62 69 30 19 30 98 64 92 90 88 87 20 37 45 93 4 11 58 
23 37 69 63 87 71 47 8 1 40 29 16 77 10 72 38 56 36 1 10 28 28 63 32 4 50 0 11 75 24 59 30 9 12 87 2 3 86 68 59 1 59 96 53 59 45 94 10 72 22 80 46 14 46 29 71 36 5 78 53 49 72 57 94 3 93 19 12 43 4 56 35 45 33 59 78 33 39 5 4 61 86 23 45 8 76 60 42 6 6 9 62 48 85 44 38 72 7 85 11 37 51 58 96 32 97 51 49 12 53 8 84 98 86 27 47 21 33 36 70 48 62 81 87 60 97 16 8 31 67 33 63 36 8 44 65 75 72 28 48 69 
58 2 19 52 47 64 57 68 33 45 18 59 28 8 95 72 35 17 52 68 30 38 3 40 84 32 63 0 34 72 97 70 4 93 6 45 82 29 87 11 73 28 97 91 50 15 15 3 47 78 62 4 6 99 92 44 42 86 82 55 30 41 56 24 12 62 88 1 81 45 16 26 60 89 67 72 8 9 83 54 84 76 85 75 19 41 93 2 1 34 50 63 71 45 24 37 70 37 21 64 81 73 1 97 67 56 63 16 89 29 43 70 57 78 11 97 25 48 62 34 24 94 44 95 81 74 92 88 57 19 5 38 44 70 37 32 59 17 32 6 35 
80 91 43 52 89 20 37 36 29 28 90 53 72 70 39 29 35 34 46 84 22 64 96 82 90 73 97 1 0 4 74 55 26 57 42 45 63 60 32 38 7 42 31 94 65 1 25 17 93 14 39 70 62 94 35 17 7 68 21 97 56 91 10 58 2 16 82 37 14 69 62 20 72 56 8 86 21 19 28 61 51 50 47 54 57 5 21 81 11 90 20 81 98 20 85 39 92 66 59 50 75 94 36 96 71 43 7 32 56 11 87 96 72 82 98 52 37 46 61 43 67 24 28 58 58 22 33 72 89 23 48 64 40 2 64 11 98 43 26 75 90 
8 10 67 46 43 28 51 96 10 58 47 65 85 72 4 94 26 68 43 39 16 9 44 72 34 24 23 57 65 0 19 28 68 40 93 57 42 10 71 38 49 69 44 3 87 29 63 90 2 45 59 46 60 69 99 93 13 55 23 83 46 24 71 89 87 55 54 21 33 83 79 91 76 5 98 12 3 80 41 84 79 50 34 35 97 69 77 61 12 86 18 30 81 4 88 30 57 37 94 45 52 25 41 22 49 78 35 80 27 16 31 68 69 35 86 85 53 70 39 63 87 65 57 70 14 86 14 66 50 58 67 58 86 88 95 68 16 95 11 58 61 
95 92 24 68 95 72 53 64 39 38 47 89 66 99 28 7 23 35 61 95 3 81 24 73 16 91 40 66 95 37 0 82 43 26 90 17 99 41 48 74 7 99 68 56 38 33 65 74 18 42 5 6 77 87 14 88 35 90 51 22 9 39 12 33 16 90 54 74 52 18 66 16 23 14 32 54 38 9 6 39 99 52 56 46 24 22 60 89 49 14 8 33 34 55 73 75 19 43 56 79 53 22 91 11 98 88 1 11 24 58 35 57 34 4 19 24 56 39 99 62 60 3 4 4 51 55 56 62 18 14 21 89 41 22 59 73 43 47 67 22 75 
99 51 94 42 22 10 19 55 47 85 9 76 37 3 92 5 20 55 18 6 67 50 98 21 28 44 5 41 14 17 89 0 7 90 68 85 31 13 8 78 15 55 91 19 79 19 39 81 92 69 89 15 66 37 78 72 31 90 24 91 24 40 16 42 36 72 94 48 67 50 82 84 44 45 11 3 62 74 60 22 28 61 48 47 87 51 70 55 54 54 78 56 17 83 24 95 90 46 66 98 97 3 60 89 40 68 15 16 4 49 63 83 32 36 17 31 19 75 31 79 32 22 9 40 16 35 21 64 48 39 83 61 85 85 42 47 72 20 26 36 62 
79 81 19 55 16 1 27 36 58 88 32 74 23 96 31 66 35 17 63 98 13 30 5 44 91 70 1 96 11 13 48 78 0 12 52 10 98 25 8 5 4 96 52 65 67 12 38 50 12 84 75 77 52 24 60 14 62 59 34 30 41 34 42 90 29 44 52 36 69 98 15 67 20 5 1 26 49 65 91 81 41 20 33 35 17 41 65 51 87 74 11 41 40 2 52 74 11 83 86 98 76 21 78 77 41 30 76 81 74 84 62 51 74 54 8 15 17 65 75 13 85 35 86 97 39 52 27 68 71 34 62 54 80 42 2 46 52 79 74 9 92 
91 86 5 90 60 31 22 46 53 15 95 67 59 28 21 18 62 51 94 86 72 20 3 81 61 92 58 77 3 1 46 6 47 0 19 1 52 34 21 39 37 49 35 69 32 24 74 79 15 20 42 82 41 58 22 38 52 64 59 19 72 82 67 32 91 78 41 23 27 49 80 71 27 89 6 83 44 64 98 20 22 26 82 1 64 42 40 47 29 89 8 43 58 93 1 8 44 7 38 50 16 49 90 49 7 67 99 88 71 73 85 10 24 20 56 19 32 89 65 65 91 53 86 92 83 76 35 76 34 54 35 17 87 42 59 98 80 63 57 8 53 
51 21 90 49 63 99 88 16 77 2 14 96 40 56 11 45 29 21 36 63 23 60 54 68 83 13 83 96 34 18 86 83 87 85 0 21 36 79 52 16 22 68 83 89 88 63 4 34 15 26 5 41 41 55 89 3 34 16 77 30 27 31 39 39 67 88 75 59 11 45 80 42 3 77 91 20 67 50 74 29 96 18 60 10 66 41 76 28 47 14 2 24 75 65 25 29 1 39 30 88 50 93 62 25 16 76 87 41 66 94 37 64 99 11 7 54 67 98 73 89 53 90 11 70 96 35 65 20 9 19 70 58 88 15 15 58 53 18 62 60 22 
22 21 81 76 88 9 52 76 59 90 77 48 71 62 5 89 87 40 22 95 52 24 58 17 35 41 4 14 72 36 98 1 43 24 50 0 29 67 52 33 61 27 62 16 91 97 93 62 48 83 50 73 34 48 8 33 70 4 86 92 97 97 8 98 9 72 49 9 70 40 52 69 88 26 11 65 94 3 7 56 14 29 27 63 10 65 62 15 46 78 87 76 3 32 99 64 14 59 47 13 25 92 21 9 43 43 60 38 11 56 6 18 55 66 56 11 16 64 22 96 25 62 6 21 82 96 38 94 58 6 5 8 14 42 99 5 45 50 93 13 83 
75 12 1 38 46 85 66 66 41 2 14 38 43 70 13 66 32 55 27 32 94 49 73 99 65 63 15 72 99 73 33 26 62 43 23 32 0 47 51 17 94 91 82 73 33 31 27 23 37 24 66 8 30 60 68 82 94 86 48 88 40 87 25 15 13 33 21 13 42 54 98 57 54 50 92 32 35 45 81 66 5 24 86 22 42 86 22 62 80 65 84 56 24 20 50 15 2 33 48 66 3 64 98 49 48 43 32 91 8 87 61 56 36 86 57 55 10 10 91 91 63 98 4 29 73 92 17 21 94 16 22 65 85 8 22 31 29 11 85 4 33 
92 96 98 45 48 43 49 13 88 3 28 42 6 33 10 18 11 28 35 70 51 40 69 11 58 60 54 71 74 14 20 61 87 15 48 63 39 0 75 67 13 48 77 33 15 64 98 94 30 54 70 91 98 33 81 21 76 63 96 30 25 81 36 5 32 78 49 15 51 5 88 12 97 80 70 90 35 20 19 21 67 22 6 47 73 38 84 46 59 78 53 60 40 65 88 93 85 19 18 14 7 82 87 86 14 1 40 36 16 70 27 44 32 80 29 11 97 62 74 32 87 67 81 3 68 2 83 48 13 87 64 39 43 12 43 35 49 16 82 7 25 
10 64 62 92 29 80 42 2 45 55 87 28 6 61 72 66 2 98 33 71 50 16 35 91 79 4 17 56 25 47 22 16 22 36 97 13 27 14 0 18 20 6 79 14 71 90 59 16 13 95 88 78 15 54 2 63 11 69 51 28 83 74 13 89 21 40 83 27 52 67 5 98 86 9 70 18 52 20 15 41 72 15 52 13 62 55 51 85 61 81 56 17 80 1 21 35 31 34 48 26 19 23 23 66 35 47 14 86 31 28 99 54 87 91 75 79 37 21 32 28 23 13 44 31 8 41 38 60 82 47 52 74 65 85 28 35 81 77 47 15 87 
83 79 36 74 83 50 33 18 79 35 11 23 49 43 18 20 63 41 5 95 46 25 2 63 7 39 78 42 97 88 36 46 33 45 44 51 38 6 15 0 12 89 45 12 69 37 87 86 42 34 47 78 78 58 61 9 70 41 23 66 89 9 19 91 56 84 69 82 26 3 44 2 90 44 94 58 67 69 27 82 37 5 81 95 95 12 71 76 3 14 81 36 1 64 44 52 51 42 38 89 86 65 38 90 79 15 18 58 60 59 93 33 93 29 86 56 56 77 30 80 36 90 95 34 4 67 99 22 40 80 45 42 94 28 49 52 91 57 1 10 11 
33 54 90 48 93 16 99 92 56 92 19 46 79 50 72 28 14 93 40 51 47 58 43 78 25 13 42 6 96 70 78 54 93 14 30 97 92 29 93 52 0 14 19 19 9 36 84 33 83 13 10 27 25 63 40 18 62 28 84 50 48 1 5 73 94 55 96 96 17 94 63 29 31 16 85 9 11 72 69 12 13 86 28 50 56 92 30 96 54 98 21 13 71 69 24 27 99 47 66 11 49 65 24 12 74 28 27 46 37 48 66 31 36 96 70 21 67 3 4 56 66 45 28 40 20 70 87 72 5 87 40 39 19 75 8 7 69 62 16 9 25 
76 56 95 57 71 16 91 35 87 67 18 11 90 58 14 51 86 52 97 42 98 9 31 53 28 11 76 63 19 13 84 67 39 34 82 66 75 91 62 77 53 0 85 86 81 61 11 32 32 66 80 24 52 84 27 58 88 72 45 6 83 36 31 71 93 66 22 32 90 14 69 52 8 96 77 91 73 61 38 60 56 74 69 60 45 10 55 4 8 46 26 96 6 37 19 14 87 91 77 82 10 36 34 30 43 65 28 75 42 36 63 85 49 34 81 60 86 10 21 37 96 61 62 53 89 88 10 45 7 8 92 7 80 4 67 84 87 58 25 90 85 
18 16 3 99 61 11 5 2 41 4 74 84 3 48 40 83 37 68 8 69 73 81 40 39 44 15 85 8 75 59 56 41 74 4 36 23 94 41 9 72 86 3 0 38 40 21 40 9 5 49 51 17 32 67 24 38 99 76 89 97 32 9 2 79 91 75 91 11 6 9 50 33 68 45 83 11 51 44 93 56 22 36 20 53 85 18 81 54 40 91 60 74 73 25 49 68 38 64 30 11 8 53 74 43 32 38 23 22 19 32 59 27 73 66 31 45 58 40 7 20 6 83 51 3 89 54 73 5 65 56 22 83 37 44 19 63 40 95 75 92 36 
93 61 76 75 67 82 18 14 1 47 23 89 98 91 1 22 69 61 5 88 83 62 77 45 53 68 59 4 91 96 54 74 26 93 91 43 86 2 6 69 78 28 85 0 3 57 87 19 47 50 10 10 49 12 64 26 20 70 24 6 48 17 68 90 71 82 47 91 27 79 29 52 52 83 78 46 48 11 27 44 73 28 14 45 42 79 2 67 17 98 96 37 18 94 81 10 27 57 32 2 12 23 59 4 88 25 35 46 42 86 86 90 72 27 12 43 24 14 42 41 83 36 6 88 93 93 82 11 33 97 80 89 77 8 14 44 17 18 9 88 41 
54 3 25 15 94 59 58 76 73 43 94 16 72 32 59 85 10 79 96 75 25 9 98 46 78 90 98 33 89 25 82 31 60 37 25 34 34 82 13 61 57 94 38 57 0 88 60 99 16 42 29 58 28 83 1 22 43 56 90 75 33 98 10 99 13 86 44 26 17 87 47 23 72 54 73 43 5 61 77 68 77 28 63 58 1 66 99 76 87 79 81 35 15 89 48 24 11 71 20 65 80 30 82 81 65 67 86 73 22 86 89 63 86 46 90 75 55 83 82 66 8 96 8 16 18 35 29 10 85 7 23 71 74 21 34 59 68 14 55 39 71 
99 18 10 89 79 7 34 89 49 54 92 2 80 27 47 49 39 67 33 70 40 49 77 67 16 34 89 70 5 4 38 38 14 82 19 61 8 41 45 26 45 70 49 83 85 0 41 86 85 86 28 99 23 64 35 45 50 17 20 9 48 18 91 40 68 41 98 36 77 74 90 97 80 90 82 51 41 3 10 51 56 55 55 95 72 77 49 64 19 66 88 22 69 14 71 50 23 66 45 74 88 46 82 75 7 49 61 88 9 79 97 57 16 19 81 32 38 53 8 81 98 71 96 15 2 57 27 41 44 56 46 85 73 12 13 46 79 48 90 15 22 
87 59 61 75 5 75 96 21 14 14 95 55 70 95 21 54 11 46 24 20 92 16 39 19 55 93 83 73 25 56 55 41 11 19 2 20 94 95 22 39 6 76 97 1 1 54 0 2 51 8 89 13 63 33 83 72 88 8 86 53 54 78 60 82 34 83 10 57 83 25 72 33 60 91 30 12 60 73 91 57 92 50 35 54 48 21 50 38 88 79 19 91 70 18 11 42 48 69 4 66 69 25 98 91 3 20 72 87 41 60 88 46 95 97 92 5 32 55 59 92 8 19 8 61 95 52 13 68 59 56 70 9 42 55 59 65 38 37 16 75 18 
63 63 27 90 67 57 20 63 64 9 52 10 99 97 98 62 83 15 74 38 65 9 85 74 58 5 48 4 14 66 4 75 87 21 42 68 60 24 58 7 78 49 11 75 27 30 2 0 74 21 63 30 15 96 21 95 78 45 80 87 85 74 82 56 66 95 95 63 40 17 10 48 61 55 60 52 99 53 40 53 68 56 73 20 87 17 34 55 86 26 47 93 7 76 73 29 5 38 81 90 18 40 57 73 24 6 54 10 61 47 52 44 61 68 37 58 76 7 14 34 69 41 54 45 99 84 81 99 92 68 76 90 75 29 88 96 45 62 21 79 9 
16 41 3 59 48 69 87 80 51 32 33 69 90 30 59 89 92 38 57 96 35 11 29 11 77 54 80 28 20 73 62 68 2 45 86 23 36 36 59 24 19 15 96 59 84 38 47 25 0 36 43 37 98 45 37 22 10 5 37 64 62 83 28 36 8 9 24 51 75 19 12 58 50 75 70 85 68 88 82 43 62 38 62 81 40 69 69 59 65 59 21 87 74 65 27 80 76 54 2 68 83 14 61 46 26 49 70 25 70 68 51 1 22 26 70 46 11 83 78 11 65 68 83 32 50 86 43 80 41 52 99 91 21 35 41 62 84 22 20 47 29 
43 2 12 7 56 83 71 2 14 29 67 12 40 48 5 99 8 61 67 48 59 24 69 11 97 40 46 98 3 84 56 98 72 43 74 63 4 35 12 85 89 70 1 34 37 92 30 73 4 0 79 63 43 74 15 33 38 73 69 29 2 51 73 59 39 36 6 44 72 97 41 53 32 78 42 80 52 49 85 62 37 61 10 86 58 55 25 54 82 88 51 95 13 75 46 68 45 85 88 24 1 5 54 66 84 89 34 57 34 41 94 46 50 54 51 9 39 29 98 26 35 71 48 97 7 25 23 11 38 54 14 88 21 50 61 72 33 9 25 84 34 
56 66 54 10 32 84 36 31 71 76 83 90 35 30 48 98 14 78 71 35 82 44 83 56 42 11 58 58 33 63 41 37 2 55 25 89 91 40 25 66 88 67 37 73 1 7 69 55 53 41 0 59 23 10 42 88 72 81 17 51 44 71 76 16 11 62 98 63 44 23 8 90 6 36 93 76 10 20 75 40 27 73 91 88 15 90 81 66 74 88 21 88 74 49 17 25 6 99 83 22 46 83 92 41 11 88 37 61 11 9 19 90 61 72 6 16 26 43 98 53 42 82 42 32 17 27 52 45 15 97 90 73 99 41 46 62 3 57 8 85 94 
41 6 22 93 14 59 66 13 35 54 26 86 18 68 69 32 56 61 35 63 90 81 4 58 87 12 81 48 1 18 81 10 30 53 4 24 93 36 71 88 65 55 34 19 61 13 36 8 94 86 37 0 12 78 80 74 98 27 40 10 2 3 95 64 77 17 41 45 91 95 23 75 85 36 36 80 43 10 6 58 49 39 67 41 28 71 7 73 57 67 44 61 82 72 89 86 67 28 96 9 54 96 91 80 92 41 93 64 86 79 55 86 21 61 23 77 98 85 5 94 86 41 82 80 38 30 38 15 12 53 58 58 87 6 19 84 56 62 49 90 96 
95 25 81 71 99 8 76 22 60 6 63 2 78 69 18 57 98 88 12 29 5 11 18 71 60 61 87 41 51 28 94 59 24 86 24 84 37 93 37 4 19 22 29 37 99 61 99 7 31 20 17 42 0 79 37 68 45 68 5 8 23 75 30 87 85 62 77 46 59 31 48 85 14 59 7 77 17 57 18 97 34 84 72 19 94 15 62 99 44 61 40 70 26 5 95 57 28 54 22 58 28 91 83 83 22 34 74 65 23 21 96 83 35 31 29 13 86 5 71 18 63 29 55 15 29 50 39 44 34 82 20 3 74 57 46 57 64 34 74 71 95 
4 47 76 43 35 94 55 75 98 32 72 33 10 38 91 42 28 64 69 36 8 30 22 9 62 48 35 13 5 19 44 52 97 84 71 14 63 79 4 9 27 95 26 80 23 89 18 19 42 21 31 98 95 0 46 52 20 78 30 67 78 89 94 34 35 69 80 69 87 48 87 94 17 37 52 18 19 17 8 40 13 97 20 36 95 71 86 31 12 12 40 18 50 56 30 82 30 93 84 84 13 73 51 60 97 34 61 45 75 38 50 86 91 33 16 40 57 83 92 74 86 65 26 56 37 93 36 34 63 80 85 2 65 21 72 30 86 83 59 76 16 
10 37 36 89 76 71 38 97 53 31 76 86 54 76 52 66 41 63 5 41 16 61 81 5 45 91 82 98 72 5 70 73 32 77 37 12 68 85 6 91 23 14 73 67 27 26 51 28 89 84 42 85 8 96 0 50 6 33 51 65 73 36 40 91 7 73 66 74 99 27 45 30 28 7 33 9 93 84 34 30 91 86 88 74 5 62 69 96 85 69 73 10 94 5 92 99 11 94 49 93 36 22 61 7 81 8 14 50 46 87 76 34 91 92 2 58 44 47 49 53 63 9 98 22 15 46 5 77 29 28 42 41 97 10 51 13 65 1 52 1 95 
80 46 23 30 51 71 24 1 16 53 50 73 41 97 75 71 54 38 17 63 61 70 41 83 12 48 96 58 21 99 20 84 86 64 13 95 27 1 60 34 75 7 55 80 87 82 92 78 21 82 98 2 24 94 64 0 64 95 28 52 35 9 17 69 56 39 57 1 13 98 19 97 12 37 3 54 6 2 74 59 83 58 40 44 19 10 72 19 28 9 1 4 65 7 82 53 35 16 35 67 36 1 21 93 39 57 76 44 38 62 75 79 7 89 32 81 30 29 53 64 11 6 36 42 44 11 47 94 50 64 90 79 8 43 5 3 23 31 61 1 88 
46 88 23 90 97 20 40 43 33 1 95 90 48 10 28 20 89 77 58 7 46 80 67 52 91 17 2 91 77 48 32 77 45 74 39 33 67 95 67 6 75 42 27 72 22 54 11 4 55 57 40 99 48 76 12 42 0 45 21 41 34 80 63 59 12 22 11 15 38 82 11 2 18 37 55 37 94 89 97 43 99 56 68 25 30 21 12 43 41 13 80 50 47 16 15 31 51 73 65 76 15 46 60 15 82 92 39 82 89 4 90 93 52 7 70 31 45 14 62 21 25 79 70 68 34 97 64 5 16 70 26 15 89 45 82 71 98 93 44 74 69 
38 6 17 75 31 35 24 17 15 4 74 97 93 89 6 40 19 12 84 92 15 92 11 87 13 7 52 97 77 53 10 31 45 79 90 48 1 68 87 95 41 71 45 49 71 40 99 49 80 35 14 12 74 53 77 22 83 0 19 92 38 81 99 56 6 98 11 52 50 56 83 48 4 33 65 53 9 95 45 67 63 18 20 13 41 55 37 31 94 64 71 35 83 82 60 68 35 13 72 44 13 52 94 67 96 42 55 24 29 21 10 49 19 41 5 6 94 79 96 20 54 62 24 60 64 33 44 61 19 85 89 75 22 3 48 50 75 65 61 60 46 
89 33 82 79 32 38 14 85 19 19 42 47 30 52 47 14 95 73 72 3 93 62 65 51 71 63 34 90 82 11 54 13 20 49 67 64 88 62 69 41 37 50 2 16 83 87 10 85 21 29 64 98 86 74 15 51 69 7 0 65 42 5 38 48 82 60 33 35 88 25 89 37 97 38 18 11 40 46 54 73 11 17 35 16 26 15 88 63 11 7 41 30 73 92 16 81 51 55 91 55 97 68 45 8 6 95 62 43 55 66 79 80 67 93 57 49 92 11 97 33 24 42 16 21 90 53 64 14 77 1 13 60 70 26 76 47 7 15 25 45 95 
39 33 77 96 69 53 12 62 74 15 97 40 22 26 36 34 90 60 93 92 13 75 85 79 28 67 28 23 87 26 95 73 67 10 31 37 48 14 98 39 22 44 4 8 32 7 54 60 58 62 19 9 96 44 8 7 44 17 44 0 52 8 79 90 19 22 32 8 9 74 77 4 45 59 36 81 96 73 82 17 40 96 56 42 88 17 20 59 88 17 11 49 80 1 12 99 82 43 59 8 81 43 93 59 67 10 86 62 50 88 81 16 34 13 92 85 54 24 17 50 94 62 65 1 38 70 24 9 5 31 29 84 26 83 66 38 88 11 63 95 76 
48 38 43 9 1 37 50 95 96 86 69 94 23 54 56 59 23 31 44 71 67 17 31 71 55 37 46 27 90 81 46 69 10 77 78 62 7 44 85 12 94 48 36 14 11 44 42 38 35 24 83 43 4 35 22 75 54 93 57 99 0 61 20 81 10 22 68 23 66 84 33 26 48 7 10 21 17 28 3 27 6 40 18 11 50 70 40 74 59 65 62 58 32 47 74 3 15 49 71 33 9 97 46 60 41 62 3 31 31 40 29 85 92 39 55 60 20 15 91 48 73 25 47 23 83 59 58 91 18 94 92 7 46 96 85 50 22 70 87 76 49 
2 90 47 38 76 95 26 79 9 36 3 82 39 51 12 42 47 2 30 9 88 45 60 96 21 56 69 31 84 95 83 26 75 74 62 90 8 96 74 21 53 58 47 18 95 81 29 55 49 91 8 72 83 43 48 18 89 56 32 1 17 0 21 76 95 1 81 87 18 91 36 77 38 59 86 63 85 68 13 47 74 9 56 56 24 24 47 8 1 22 33 85 85 43 18 94 97 45 33 84 6 90 49 35 46 24 91 19 49 89 50 9 18 74 77 31 11 53 48 78 52 71 91 66 83 60 74 15 65 92 37 61 27 39 91 52 86 44 23 94 12 
10 15 64 43 50 62 53 30 75 26 89 97 38 67 22 50 46 55 32 38 47 11 38 83 33 74 43 55 18 87 86 99 7 91 80 64 85 54 12 21 6 86 48 98 50 52 87 51 57 55 39 93 18 90 92 70 59 33 45 72 95 93 0 98 80 11 66 77 90 72 4 64 95 77 8 10 62 15 77 35 79 84 60 96 23 19 93 86 37 34 87 53 49 8 76 38 22 6 9 84 78 91 71 86 18 79 38 34 1 89 83 28 81 57 56 67 67 72 68 49 90 67 74 16 39 82 51 52 57 71 74 96 52 71 4 93 6 82 2 86 48 
47 7 89 36 49 11 27 26 30 14 84 56 2 31 91 45 51 3 31 69 70 83 65 82 17 12 63 64 76 86 97 6 27 48 63 22 20 40 60 92 78 85 89 83 27 63 39 6 93 95 98 31 19 86 2 32 24 49 5 37 3 93 60 0 32 57 18 22 38 70 22 6 7 34 78 34 17 72 86 75 40 13 69 1 41 92 82 23 49 91 72 69 34 56 81 16 75 2 49 53 99 74 39 25 31 51 48 21 52 37 92 8 67 27 63 80 24 96 79 35 50 26 10 80 41 98 29 73 43 96 48 1 31 37 1 7 64 1 27 91 90 
9 61 37 21 34 36 59 73 41 34 32 29 57 73 58 61 27 8 57 47 92 43 21 20 27 22 63 18 3 6 83 91 94 24 82 41 26 80 29 73 82 74 92 69 98 61 81 11 76 26 4 90 38 3 81 60 14 55 57 37 6 18 81 10 0 88 33 88 91 40 77 39 11 32 87 80 72 89 13 42 83 66 18 43 86 24 39 93 56 88 41 80 69 1 27 74 69 78 87 70 56 22 89 68 57 48 51 59 88 72 80 22 29 62 13 8 82 54 87 32 95 53 37 19 39 53 96 52 41 42 58 27 61 45 96 76 51 50 13 14 12 
16 32 34 64 54 1 26 50 92 77 9 6 29 79 81 5 63 57 33 85 8 33 76 24 41 72 17 5 10 52 61 66 44 88 28 24 73 22 9 3 31 3 30 34 57 3 92 76 62 84 25 55 30 61 60 91 10 4 15 72 14 17 79 69 20 0 12 34 90 92 70 63 50 6 26 89 79 31 70 32 3 69 35 58 1 72 90 44 55 86 48 80 20 73 28 89 87 74 88 94 4 62 90 89 73 75 95 11 94 97 68 12 74 49 46 57 72 20 11 39 29 55 21 85 3 99 84 55 11 60 55 20 83 36 98 5 6 7 6 63 61 
39 74 69 74 48 56 6 58 87 74 10 22 66 43 5 35 44 10 37 10 84 47 83 96 60 47 18 70 48 26 61 19 92 46 66 72 65 59 94 28 63 28 97 55 63 51 85 4 78 19 4 10 36 32 55 48 76 3 36 21 17 75 81 36 6 79 0 76 22 59 58 48 99 32 86 55 54 98 38 42 85 43 46 28 59 47 51 91 54 82 78 18 75 36 37 43 79 14 78 11 70 74 75 87 32 52 36 56 3 16 96 78 19 33 22 45 71 85 46 26 58 86 48 61 47 49 56 54 60 56 79 24 1 21 90 13 21 77 82 63 51 
78 68 65 31 13 93 8 45 16 71 77 47 50 58 57 59 66 8 43 54 69 66 44 40 4 57 36 55 47 48 87 90 82 76 55 20 54 33 39 46 15 17 85 65 99 81 65 78 4 90 35 71 88 54 25 85 39 78 58 85 9 46 32 50 9 62 46 0 70 99 15 88 5 25 52 96 55 44 67 97 56 98 44 30 6 52 55 20 37 38 40 17 6 16 34 53 80 63 25 56 47 68 34 69 20 25 20 74 35 26 88 14 63 10 73 86 9 59 41 30 59 90 99 85 82 81 4 27 36 42 77 49 43 23 84 69 35 80 86 91 36 
73 27 56 93 75 27 39 67 27 27 4 83 92 90 72 50 92 54 85 98 94 42 71 73 57 16 99 18 48 74 36 39 95 89 8 87 64 3 98 86 99 18 74 42 32 32 42 92 61 88 73 72 46 87 84 34 77 94 57 13 43 8 41 14 46 47 1 33 0 61 12 61 12 68 57 69 93 17 66 49 50 74 12 96 81 16 11 5 15 90 58 78 59 13 20 20 97 31 7 61 40 93 49 33 9 54 42 17 95 31 70 35 79 3 94 89 60 16 98 27 27 4 7 77 29 41 42 28 6 66 26 8 80 96 65 54 10 68 94 18 61 
92 40 92 49 63 51 47 80 83 83 76 43 99 15 94 82 19 2 9 23 24 35 26 84 68 73 73 39 51 19 31 25 21 17 20 73 72 18 59 93 38 50 24 53 33 99 84 39 34 62 39 80 26 66 88 40 58 45 55 36 10 11 94 60 65 93 82 52 60 0 79 7 41 30 69 70 48 95 55 10 47 4 27 14 70 93 76 28 70 68 4 35 42 27 45 5 57 73 36 38 93 50 88 91 95 49 81 85 44 35 46 35 65 60 83 49 55 75 26 23 45 53 25 72 65 78 19 61 56 56 50 48 44 54 4 66 53 17 38 25 46 
72 43 79 97 55 53 65 64 29 85 28 71 38 2 55 25 35 79 99 26 14 3 4 66 18 7 79 13 4 38 4 56 84 77 69 92 23 29 60 25 23 45 55 58 38 83 81 79 2 94 81 65 36 25 5 35 39 41 51 48 18 34 19 7 31 87 82 58 62 91 0 41 55 59 4 79 86 15 79 19 12 11 11 23 24 8 61 17 87 62 64 58 62 58 99 57 80 34 97 77 2 99 43 81 43 18 15 1 43 22 1 45 5 80 4 56 19 20 24 21 28 18 32 90 21 56 18 80 2 3 27 94 75 67 83 20 37 35 38 49 73 
7 5 86 46 91 4 2 64 23 55 97 44 83 63 13 40 36 89 30 73 55 61 14 93 66 98 70 93 29 13 39 44 71 18 96 94 63 65 9 70 81 18 7 99 83 57 64 39 24 60 47 65 44 21 50 36 88 48 20 42 52 78 10 29 15 3 71 71 70 27 53 0 28 39 66 29 59 62 32 35 86 28 41 14 65 21 79 55 36 97 29 82 30 84 71 39 41 16 30 22 56 9 40 60 35 29 8 72 14 31 1 16 75 5 84 79 82 7 92 87 15 12 10 52 34 60 73 53 36 99 24 72 95 64 6 49 31 26 1 55 49 
73 95 37 41 66 7 92 9 17 1 47 47 82 93 32 44 71 56 71 12 39 26 26 29 93 43 75 6 42 17 34 49 57 24 1 44 18 45 20 44 58 56 14 99 37 53 52 52 37 13 77 83 9 68 65 12 12 67 22 18 92 63 82 48 70 68 35 1 70 61 30 16 0 80 37 82 80 20 62 66 54 52 51 37 93 13 94 65 59 98 10 55 46 53 32 9 40 58 26 12 89 20 4 75 45 14 82 23 42 33 34 59 58 8 43 40 91 31 29 79 66 79 51 79 51 50 87 59 77 16 1 77 11 5 24 25 32 44 35 3 8 
28 19 96 66 29 14 42 1 64 19 8 85 51 3 26 96 32 58 69 3 48 68 93 22 1 70 30 94 64 13 8 39 3 59 63 54 96 17 27 38 47 66 68 46 65 2 62 52 65 16 24 11 1 25 11 70 27 10 27 11 86 46 79 76 69 98 8 44 18 43 51 15 71 0 64 82 95 62 99 4 75 34 87 43 69 90 67 70 32 55 45 41 8 72 84 34 31 7 64 13 11 81 44 76 81 67 44 72 70 95 59 40 86 6 29 73 79 15 28 5 94 39 4 49 50 48 80 61 72 56 62 30 30 99 81 53 55 66 44 66 71 
58 19 15 53 61 9 42 94 77 8 32 67 93 78 94 34 67 59 2 55 11 77 30 78 99 9 84 89 95 63 89 64 29 83 2 52 73 81 98 45 9 71 76 37 63 71 88 91 82 59 15 80 26 30 1 17 31 99 98 37 55 10 24 77 2 78 89 60 20 44 85 59 83 94 0 52 12 49 89 6 25 10 36 13 71 96 60 1 56 3 11 80 2 60 98 84 26 33 93 28 55 86 15 40 88 55 17 31 35 86 78 45 26 6 90 5 67 52 40 53 63 57 63 11 15 11 85 48 99 8 39 20 38 94 64 91 75 25 95 50 28 
53 2 62 45 65 91 39 4 90 29 52 99 61 2 53 35 61 34 41 72 68 58 91 12 69 80 99 11 9 33 90 21 89 73 10 33 62 47 12 96 6 66 54 7 3 4 9 25 90 90 85 18 7 22 35 56 15 44 85 65 48 79 82 6 57 20 19 37 2 97 42 30 50 21 36 0 51 94 82 13 15 34 31 30 32 64 42 91 67 29 57 81 99 8 59 34 75 8 36 84 44 37 75 90 62 52 65 81 8 86 49 85 17 24 69 9 81 46 34 75 93 99 61 36 78 44 58 52 67 58 85 67 22 58 80 34 95 54 99 90 89 
50 77 26 97 89 80 58 63 55 3 36 11 73 46 90 13 9 67 51 77 44 38 72 96 35 67 19 10 70 29 24 95 73 9 50 88 17 65 80 22 22 87 68 77 14 51 75 36 78 13 59 82 6 77 69 6 99 61 71 17 45 15 80 83 44 50 79 93 32 14 17 68 12 78 69 52 0 82 74 29 68 50 41 85 15 24 23 58 75 15 5 98 56 57 26 38 33 60 54 48 44 8 26 51 47 93 28 7 64 79 97 3 24 60 17 20 16 24 57 7 95 45 59 9 91 78 14 14 22 57 94 41 55 12 74 9 74 84 7 20 95 
29 41 21 35 79 43 51 5 42 15 72 66 94 48 87 3 8 35 29 38 16 25 82 98 24 10 90 21 22 13 22 90 99 5 30 60 93 18 84 39 21 69 24 74 28 96 90 91 88 97 5 94 72 7 28 85 76 7 25 45 78 78 70 64 40 6 85 29 4 40 58 49 66 58 32 50 23 0 71 66 80 86 33 18 34 7 65 46 93 62 98 2 96 36 75 99 81 15 77 72 46 79 72 7 12 7 23 71 48 31 4 70 65 51 90 7 26 79 91 46 55 8 87 16 11 98 29 82 95 37 72 64 75 94 50 80 25 88 81 45 45 
1 66 96 81 30 50 11 98 49 41 3 88 59 19 2 43 25 99 81 26 17 18 36 77 41 53 51 70 90 49 63 56 9 47 87 54 89 46 4 74 29 40 11 59 76 52 77 77 16 3 60 7 96 46 19 22 76 32 5 47 13 8 18 35 28 17 64 42 21 81 77 21 38 21 98 12 21 88 0 24 37 46 35 47 98 63 20 99 37 33 88 28 25 92 19 58 69 37 88 48 21 96 1 62 84 26 70 61 94 86 23 89 67 49 10 8 97 64 9 81 71 60 60 75 6 24 17 17 47 28 74 62 91 1 25 47 27 21 92 99 57 
41 94 42 60 1 50 51 73 40 7 67 73 38 29 33 1 90 78 16 96 42 22 58 25 19 46 11 46 88 14 37 22 26 64 82 37 88 43 39 85 57 82 27 69 39 41 19 25 76 62 9 22 93 48 58 14 31 78 41 75 17 22 85 64 63 84 85 63 16 38 17 53 61 22 32 10 15 21 78 0 81 13 32 82 95 45 35 7 95 69 9 56 23 53 75 40 2 86 31 24 45 61 58 44 1 96 39 57 75 16 50 46 44 10 38 60 48 39 64 82 2 94 7 32 98 34 39 56 72 57 4 33 13 26 13 47 18 55 40 77 49 
60 78 12 21 7 95 79 46 77 53 63 62 3 21 32 91 53 20 33 45 8 4 17 7 4 58 43 60 5 7 63 96 59 90 79 16 41 77 36 35 21 72 87 99 7 68 1 65 2 78 83 83 23 58 21 44 53 80 40 48 39 97 65 74 6 28 61 60 52 58 73 31 61 44 92 86 53 17 29 55 0 98 12 89 32 34 29 18 27 81 1 80 7 80 40 44 22 29 8 68 78 92 5 84 53 56 42 71 96 72 72 11 29 16 59 13 6 68 80 14 48 27 30 84 81 78 96 81 65 65 89 8 32 87 51 97 58 81 1 65 94 
16 71 32 50 87 15 99 85 81 59 64 27 64 89 2 45 15 86 89 89 76 93 25 93 35 49 15 78 9 58 26 12 77 3 96 75 30 75 95 26 10 67 18 26 85 80 31 51 59 22 78 91 79 88 49 40 62 10 92 37 43 97 67 2 51 88 47 50 73 95 55 11 3 90 77 15 26 79 88 54 39 0 87 98 48 66 78 22 28 7 77 52 7 85 30 40 29 88 6 60 94 99 31 87 70 17 44 95 3 34 95 81 78 32 24 56 74 32 58 73 15 20 81 5 19 50 70 67 28 27 20 70 35 4 77 97 8 56 83 85 65 
26 9 87 76 21 61 15 3 22 94 24 6 93 35 99 50 17 38 87 81 40 57 16 56 33 22 42 28 99 4 26 5 25 62 72 96 65 17 31 11 53 16 4 6 50 65 98 61 40 86 79 44 55 13 57 38 71 34 40 30 43 45 76 19 79 20 38 9 97 92 75 74 53 97 37 56 5 99 2 16 25 39 0 2 70 8 16 50 29 34 54 77 30 22 80 49 48 84 29 74 54 82 99 29 46 28 6 4 21 66 49 61 61 49 3 24 60 26 18 42 73 22 66 95 28 30 13 68 7 95 80 43 69 55 52 4 19 65 89 68 85 
77 55 68 54 92 42 82 18 49 60 62 32 5 94 74 81 54 71 22 42 90 12 75 59 17 1 50 53 84 43 16 41 27 29 66 61 4 75 11 91 48 59 68 48 51 66 42 35 20 18 78 97 57 25 42 18 4 34 63 76 13 92 95 8 92 18 20 21 7 57 61 8 2 30 76 64 31 15 76 92 35 95 50 0 33 30 8 27 28 48 29 44 58 4 87 11 87 67 41 17 39 72 57 3 88 99 47 98 63 60 33 53 28 19 31 36 65 63 28 30 55 3 27 74 24 27 11 55 93 41 72 32 93 42 52 74 74 44 38 71 37 
97 45 57 31 51 6 68 80 97 35 57 59 14 88 67 83 26 63 60 99 73 60 44 47 75 16 17 50 56 42 56 42 30 12 46 33 61 76 95 65 33 80 43 8 80 76 80 7 40 97 35 21 70 93 58 47 54 50 22 60 54 58 61 99 97 13 39 45 18 9 60 36 40 69 88 38 82 99 14 22 55 49 65 78 0 47 59 6 6 88 61 57 67 79 17 24 95 28 60 72 1 67 88 64 11 64 86 22 10 87 4 46 78 18 92 1 16 39 93 88 62 99 86 67 84 65 27 72 98 93 44 8 71 67 59 6 36 99 79 88 81 
32 76 50 37 13 98 75 81 70 77 59 42 78 97 74 27 95 22 62 89 48 2 12 93 12 96 54 22 77 90 69 10 13 41 71 81 8 30 39 55 97 8 31 12 75 26 69 18 95 78 29 31 37 17 20 83 6 34 50 13 19 19 56 81 96 94 44 5 17 59 36 73 47 49 96 7 49 3 16 97 7 57 18 76 37 0 14 79 84 11 74 23 54 76 14 39 23 92 21 88 40 44 39 92 27 1 44 11 35 43 6 17 17 37 46 50 60 18 58 77 94 93 27 84 30 16 87 99 32 31 70 73 25 55 23 29 84 73 12 49 48 
88 61 8 48 19 83 4 59 42 54 4 85 51 74 73 95 93 82 41 89 37 91 30 73 76 60 77 58 66 2 64 65 21 59 24 31 32 51 71 77 81 58 84 95 38 9 43 95 14 94 18 97 52 24 84 80 83 91 87 5 94 17 94 83 93 70 39 69 59 67 72 74 74 76 33 94 99 8 92 54 44 76 27 80 43 87 0 27 39 68 1 10 61 56 30 61 41 64 3 19 73 45 96 91 84 20 74 1 94 15 91 46 8 1 54 97 44 70 16 25 41 81 85 21 28 49 4 36 40 41 51 10 39 6 66 70 60 62 29 95 63 
84 10 12 95 95 86 25 54 37 29 20 62 95 56 94 27 74 37 34 26 79 83 56 80 35 72 7 67 85 84 84 1 12 49 4 14 69 54 14 51 55 10 54 13 11 74 13 21 22 5 86 32 35 10 55 80 98 69 91 34 58 87 29 41 23 18 73 38 88 40 62 19 81 41 35 35 45 88 48 27 35 63 7 44 52 10 84 0 64 16 42 9 43 49 40 23 11 98 30 39 71 16 68 48 60 12 60 22 85 19 1 52 79 60 31 79 83 11 60 45 93 9 36 21 44 54 17 48 71 11 91 45 24 38 58 21 64 81 97 10 59 
18 69 37 81 55 67 86 12 62 59 75 66 45 48 73 51 68 8 76 56 46 67 73 14 90 70 45 30 53 93 68 73 50 3 72 90 18 37 11 34 61 51 56 50 28 27 58 58 98 42 17 42 4 69 94 39 77 56 74 26 19 65 92 78 57 12 19 39 38 97 27 67 5 13 2 51 32 60 13 42 4 87 61 9 83 25 52 8 0 45 7 18 55 28 56 59 70 63 49 51 73 60 9 77 3 12 87 50 40 62 7 58 70 24 21 79 82 9 17 67 7 9 55 68 94 44 60 25 85 60 91 99 44 64 35 21 45 58 71 87 1 
72 31 61 73 6 85 57 97 86 51 95 67 26 95 29 80 19 32 20 8 51 65 3 96 62 34 59 10 4 90 87 28 39 29 73 25 86 13 91 52 50 17 23 14 14 78 9 58 24 91 15 35 45 52 42 3 95 79 96 41 96 88 31 54 23 63 80 8 60 7 73 30 2 97 66 69 14 77 90 53 52 96 56 67 60 5 44 61 38 0 53 38 96 97 86 40 57 65 86 81 92 55 93 54 78 74 90 17 57 76 36 8 37 19 36 60 27 65 79 75 65 86 50 61 21 55 94 31 86 55 50 65 26 67 4 10 58 81 55 53 69 
27 24 64 86 5 62 53 85 58 83 31 19 19 76 51 69 1 29 99 99 68 98 34 44 96 35 13 1 45 13 32 21 28 77 99 50 8 41 39 27 82 40 38 75 53 88 80 34 41 33 8 26 16 3 31 22 69 81 24 94 96 65 80 22 3 6 1 9 42 9 69 13 39 68 41 5 71 31 84 62 42 42 26 75 62 43 95 73 89 17 0 98 28 18 6 38 89 6 46 74 82 71 65 45 41 42 60 4 41 93 11 34 74 38 45 3 76 81 86 40 92 35 22 31 38 82 35 96 10 5 24 98 46 35 38 12 75 11 31 23 48 
59 22 1 98 99 11 3 97 30 15 65 98 51 76 6 32 98 66 33 51 30 56 77 44 2 45 73 44 70 54 55 40 94 3 93 72 15 49 18 32 49 44 84 86 39 50 22 12 87 70 95 37 73 50 56 92 33 42 99 12 28 66 12 88 26 21 77 55 6 13 3 86 34 28 7 6 93 67 91 34 47 83 92 7 91 72 45 98 16 63 61 0 73 81 80 21 21 90 13 96 88 29 16 52 49 64 55 2 32 28 41 97 81 61 55 72 7 6 85 54 89 2 63 64 64 27 75 62 32 81 83 53 76 21 99 52 7 32 12 60 13 
13 72 46 23 77 52 55 72 64 11 8 95 44 79 69 21 76 46 60 90 6 56 44 24 99 82 64 25 56 42 12 38 83 56 28 53 71 83 14 47 55 7 5 6 58 64 70 93 54 98 81 36 77 38 94 68 68 65 31 79 64 79 30 59 64 40 83 21 81 30 23 61 38 60 85 38 44 75 43 28 83 31 34 86 49 2 11 90 25 2 9 41 0 92 94 19 69 12 15 8 32 44 63 61 52 68 67 67 67 25 73 67 59 67 40 13 39 76 11 8 57 32 21 3 24 76 19 49 88 96 77 60 52 50 90 40 50 60 88 18 85 
92 8 32 17 13 29 52 24 25 3 87 14 26 8 74 91 24 10 88 5 77 8 41 95 46 85 87 17 48 53 2 14 87 74 22 59 95 73 51 88 66 4 41 27 67 14 79 94 72 97 6 3 79 26 70 44 51 37 52 32 24 8 28 84 16 84 87 50 97 55 8 8 70 93 63 90 26 60 54 42 36 11 27 24 85 20 35 37 25 5 45 55 31 0 58 44 76 24 85 98 7 78 57 37 38 49 38 60 41 36 18 67 71 66 48 39 26 43 58 66 81 40 77 86 60 60 7 56 29 99 58 70 64 48 42 82 49 6 8 37 60 
85 87 78 47 93 48 24 63 32 31 58 52 26 81 42 25 10 17 51 36 93 27 7 4 82 33 99 62 76 72 62 90 18 83 16 50 80 27 28 17 23 86 64 42 37 25 69 80 9 45 67 9 30 99 30 24 10 92 37 33 50 30 84 79 13 18 77 51 80 55 88 87 96 39 81 33 69 56 78 93 63 18 46 36 68 93 9 87 53 71 43 58 70 95 0 22 76 31 17 52 88 3 15 41 88 4 3 21 55 29 54 26 16 33 21 43 88 39 90 92 37 91 61 82 62 90 92 96 98 30 7 94 20 34 80 56 18 66 27 42 12 
12 12 31 4 65 70 25 62 92 23 78 45 40 52 73 99 59 38 14 68 59 59 91 72 59 17 30 36 38 14 56 36 33 47 33 18 18 77 83 17 39 19 43 16 6 62 20 46 88 73 60 34 45 41 29 53 73 64 71 78 42 27 22 36 77 1 24 89 95 74 56 19 41 33 59 19 13 7 85 73 11 18 58 59 55 65 79 32 25 30 64 83 42 31 12 0 29 76 48 8 72 65 39 47 56 78 75 57 24 33 59 27 8 18 50 48 57 19 33 76 17 70 62 73 93 98 81 21 32 56 41 38 79 13 43 56 35 57 63 49 33 
85 33 15 70 66 46 37 29 52 16 89 98 89 38 68 16 69 37 70 10 73 31 28 17 8 1 92 90 59 29 38 75 26 75 85 90 67 16 99 54 72 31 82 99 18 34 51 41 31 72 88 40 79 15 71 5 40 21 6 76 97 71 97 22 75 10 12 63 60 12 79 94 90 77 14 99 39 57 13 22 51 81 20 72 36 18 21 64 6 88 66 29 9 7 92 80 0 91 89 97 1 7 53 72 48 76 34 77 62 3 95 46 1 64 68 71 58 45 37 38 51 19 20 48 83 57 97 18 30 24 61 56 84 60 66 76 2 21 69 60 25 
2 10 51 71 5 74 13 46 76 41 54 31 62 91 41 31 2 39 8 16 58 71 22 61 41 98 94 54 37 31 73 4 63 73 36 49 24 49 50 1 50 74 88 44 24 69 60 63 58 61 93 11 87 50 12 49 40 34 47 80 67 55 32 77 57 31 4 89 44 42 19 70 83 85 61 48 50 33 10 79 43 43 71 42 18 51 77 35 45 7 5 40 54 59 47 94 15 0 5 93 95 12 70 91 23 15 36 27 40 47 81 4 45 18 18 38 64 63 5 94 74 28 3 6 26 63 92 88 10 76 99 56 41 56 31 84 73 9 81 96 13 
36 61 71 94 86 12 10 50 42 7 55 26 35 54 82 14 24 30 5 9 29 6 22 63 15 60 45 50 93 11 45 28 58 91 64 63 44 42 76 78 71 71 68 72 63 60 98 67 80 23 27 14 40 80 74 78 65 44 64 25 40 67 48 92 86 90 68 51 63 6 56 55 7 12 96 1 11 3 2 47 80 32 23 86 30 86 1 88 62 35 65 53 67 30 9 68 21 89 0 94 11 70 41 66 91 16 41 55 21 7 47 42 60 36 38 34 15 43 89 78 59 95 93 79 8 84 10 25 17 86 69 4 66 96 99 42 66 1 89 93 1 
42 77 25 8 53 14 54 30 56 57 71 53 76 30 85 65 24 17 65 61 72 24 34 83 52 14 48 56 79 76 32 27 50 91 46 49 44 20 11 13 94 62 93 85 41 5 7 68 83 24 55 67 30 32 21 67 33 16 27 99 9 3 85 71 26 25 15 81 7 41 69 48 57 18 60 84 20 50 80 44 8 30 96 15 95 75 46 2 7 61 59 7 62 14 99 76 81 72 99 0 52 81 9 73 2 84 3 3 18 45 92 92 84 53 47 88 25 84 65 98 39 75 1 47 32 69 24 9 64 96 79 90 85 48 62 85 47 52 77 81 34 
49 89 12 59 43 3 73 93 3 43 94 84 49 4 75 38 64 63 59 95 7 4 76 69 73 59 64 15 13 60 65 7 67 4 15 84 61 91 57 54 47 78 58 99 33 89 35 48 60 80 98 85 52 86 60 32 52 75 72 14 16 61 84 20 32 81 38 41 99 62 43 60 49 75 33 6 79 62 51 79 4 82 42 34 11 14 92 42 72 12 50 54 25 3 35 85 91 15 33 88 0 97 25 67 60 43 55 11 71 47 66 17 52 80 25 14 72 40 65 46 91 86 78 60 19 10 82 76 50 89 53 60 87 4 47 28 48 93 63 3 36 
96 58 75 32 70 26 90 20 17 82 56 91 69 85 99 64 64 77 48 91 27 96 31 86 45 82 22 50 92 60 28 7 85 46 33 8 8 55 75 38 70 57 22 21 11 22 81 93 62 54 90 46 88 47 79 34 73 30 8 85 24 67 63 29 21 39 65 65 77 43 40 11 21 7 74 69 4 54 10 22 26 41 70 15 25 48 77 96 13 36 75 26 5 50 30 42 1 49 1 40 70 0 8 57 9 70 22 86 84 39 53 25 45 97 3 4 77 61 26 31 39 45 41 73 89 87 45 26 35 2 27 15 6 39 84 19 43 46 51 76 7 
5 13 96 21 71 11 76 95 20 60 71 40 12 12 55 8 3 18 24 2 21 15 58 4 55 1 37 67 69 39 96 52 82 65 20 25 13 77 74 25 76 54 81 29 9 24 18 5 44 79 22 73 19 1 17 6 90 96 26 92 15 95 61 19 34 87 1 8 50 13 99 68 81 94 39 41 99 38 6 48 23 42 30 88 78 28 61 34 11 52 19 48 81 14 55 80 65 4 33 4 14 83 0 4 14 8 22 74 86 45 9 93 32 37 31 78 93 64 40 32 40 71 72 86 71 10 21 43 94 17 21 34 31 50 35 48 98 37 73 36 89 
89 12 50 13 73 54 1 89 50 70 18 74 45 91 13 87 40 32 49 92 97 90 49 12 68 59 15 81 57 55 92 30 33 42 44 4 63 98 19 33 33 17 18 91 48 95 77 68 9 72 64 3 86 75 38 14 92 68 21 18 36 79 14 59 29 43 14 64 30 18 33 55 76 9 44 79 78 90 45 21 30 25 30 16 72 44 48 35 51 64 38 96 19 7 17 55 91 3 14 15 26 37 76 0 17 79 33 4 74 44 50 94 81 43 33 28 45 86 47 6 31 59 13 62 23 34 4 43 61 86 43 56 79 77 99 59 80 85 42 60 83 
58 94 7 26 23 10 23 41 89 77 14 27 73 4 74 91 65 37 39 80 51 13 6 43 32 20 18 99 66 60 11 86 44 82 53 83 27 84 43 21 35 62 90 98 98 97 91 24 31 51 15 34 56 61 92 57 30 37 51 21 99 32 89 90 19 97 16 70 49 81 1 91 37 47 16 1 13 26 86 91 65 1 50 21 44 88 53 85 22 35 47 40 38 52 66 70 88 3 63 59 52 56 64 73 0 8 20 89 18 32 19 49 70 35 26 45 4 66 24 20 33 37 83 62 16 66 72 78 63 34 52 63 17 11 99 38 77 31 83 53 38 
1 33 18 51 83 83 27 18 43 82 98 43 42 31 87 97 89 41 80 27 41 6 26 59 70 98 52 3 46 3 62 12 52 38 44 33 34 34 18 67 74 79 19 27 12 56 45 81 76 84 20 7 66 10 32 29 81 82 56 3 87 45 82 94 56 5 89 54 72 31 93 92 90 12 12 39 76 53 56 58 18 23 26 84 34 39 64 32 53 86 52 3 8 73 55 52 60 31 77 42 98 38 23 24 93 0 56 19 98 19 88 31 95 17 55 2 45 73 89 80 97 10 68 88 30 20 15 10 65 25 93 71 17 68 72 35 77 36 89 31 8 
73 96 57 27 50 31 97 95 3 38 76 87 67 81 87 37 6 77 8 81 95 58 80 84 51 11 49 93 81 43 21 5 37 86 75 88 20 54 49 96 7 15 81 99 27 23 2 5 4 99 60 4 30 57 11 65 4 53 68 12 45 96 11 70 86 2 74 84 83 77 52 74 62 62 34 96 40 15 58 38 71 77 35 87 86 16 66 25 49 54 2 46 80 84 61 70 85 94 89 57 92 5 84 4 28 80 0 36 56 87 95 71 68 77 49 97 3 29 21 73 85 1 11 4 73 64 48 85 9 29 11 68 26 17 84 43 75 1 52 56 76 
80 10 88 71 51 60 74 49 10 72 69 38 35 35 52 50 43 9 53 54 48 9 90 44 41 52 26 19 26 63 93 56 70 54 10 28 95 53 65 67 44 53 4 4 38 83 68 86 27 20 88 17 75 61 54 55 6 89 66 21 91 86 97 47 27 61 3 54 55 23 64 62 74 53 48 81 67 81 10 52 11 33 58 71 88 45 32 19 36 43 99 92 42 89 97 53 42 45 95 39 92 27 25 94 66 15 64 0 29 17 74 15 97 86 42 20 54 72 85 5 15 7 60 31 30 57 99 42 6 80 28 82 35 70 70 56 83 17 14 84 51 
9 83 13 36 74 54 88 36 10 7 69 55 10 46 69 68 31 13 7 35 16 41 81 10 30 3 34 17 45 86 5 5 74 68 17 59 98 61 8 16 92 48 18 75 73 8 74 38 98 43 49 25 57 42 70 86 75 65 63 10 4 71 56 61 2 69 48 99 86 53 99 9 53 19 12 44 18 48 53 33 13 15 85 83 7 34 84 28 91 3 79 20 5 22 62 68 97 17 51 71 79 48 44 43 50 12 23 91 0 50 82 95 28 1 29 38 63 21 67 16 74 57 6 34 13 16 8 74 68 40 76 18 45 67 13 8 67 98 53 87 64 
22 63 55 85 81 4 3 87 95 30 16 53 68 53 37 95 31 93 60 8 20 30 42 78 95 93 97 98 38 69 46 10 37 52 92 77 62 32 15 53 47 60 1 54 38 63 43 4 51 32 89 67 51 26 48 90 91 18 19 49 49 92 17 10 22 38 9 44 87 20 52 84 92 99 47 85 56 13 93 19 7 72 49 85 86 9 96 17 36 28 18 59 82 91 98 15 76 6 73 97 51 86 3 71 94 81 34 62 61 0 13 8 4 51 75 39 41 72 4 3 87 81 8 33 82 15 72 93 15 56 36 48 59 19 88 30 59 29 83 4 47 
98 31 74 70 86 72 55 21 82 20 92 58 23 34 31 65 66 91 9 90 76 34 71 38 65 38 12 7 93 42 87 72 73 46 68 96 59 89 82 87 14 70 76 12 24 39 98 9 86 15 12 40 2 60 88 90 40 33 14 7 21 90 18 77 48 24 81 46 5 6 78 7 10 24 21 46 27 56 46 38 81 73 69 76 25 28 70 75 40 73 70 32 45 95 28 65 51 30 44 94 91 63 24 96 27 39 94 35 77 85 0 78 30 80 16 87 66 30 15 7 84 80 71 70 92 22 78 34 96 97 82 97 7 11 16 89 84 71 51 96 58 
91 25 70 10 21 9 16 29 91 86 61 48 88 68 54 12 43 8 68 63 2 85 77 16 71 80 2 77 81 22 11 1 54 27 59 18 30 19 19 59 31 77 28 74 53 10 11 8 66 30 6 7 17 96 34 66 85 66 61 19 40 67 53 23 66 41 28 22 63 25 85 86 81 85 23 29 60 22 90 8 27 19 53 49 93 5 38 85 73 48 84 46 45 23 47 25 12 74 68 64 1 69 50 33 74 91 19 14 67 9 85 0 99 80 98 46 99 72 88 25 33 30 19 36 14 16 97 9 7 46 4 96 88 51 69 71 39 63 92 97 82 
10 7 73 2 54 86 85 50 51 64 38 34 8 98 4 61 12 73 27 76 9 56 35 48 67 66 72 23 49 91 19 97 27 8 19 68 91 55 98 12 33 98 30 21 96 78 67 69 59 39 38 27 35 18 13 94 49 15 5 55 97 11 87 37 80 53 62 12 52 50 79 34 30 34 82 62 79 29 31 58 36 46 87 98 9 90 18 33 86 81 35 2 93 27 55 5 82 1 84 30 80 64 38 18 59 37 89 52 77 25 41 49 0 42 1 42 48 75 31 80 5 15 50 42 69 32 79 29 52 46 97 51 69 34 58 40 49 98 95 34 81 
91 72 75 22 40 12 94 26 26 87 15 16 80 68 44 76 51 76 71 59 99 37 53 1 56 69 72 84 8 78 68 43 46 50 92 89 16 52 35 65 35 40 24 27 55 32 7 25 31 83 42 96 82 40 4 39 41 35 15 59 73 24 80 54 86 3 4 68 4 13 83 63 13 60 96 47 27 9 83 59 50 87 76 91 55 87 85 81 18 67 58 6 23 67 29 5 93 81 69 22 65 65 81 53 13 85 89 9 94 45 96 48 67 0 35 99 76 24 29 57 62 86 91 66 61 58 43 17 67 66 98 26 49 44 73 27 67 33 19 15 36 
44 78 78 76 11 73 35 12 30 40 86 62 95 67 43 54 87 86 48 29 89 20 26 59 79 81 88 71 10 82 62 58 58 98 76 63 60 73 20 10 19 72 45 54 9 64 35 46 20 79 18 19 70 8 55 13 21 72 7 63 46 79 30 20 59 81 4 30 21 83 62 20 19 83 36 60 12 51 40 43 34 52 29 67 2 79 59 2 48 95 85 41 96 69 59 78 18 13 39 46 48 67 68 34 91 12 61 93 41 47 30 69 52 25 0 85 52 53 88 22 78 96 33 93 67 75 98 89 12 87 77 45 32 2 49 65 36 42 34 70 56 
32 86 8 36 43 31 34 21 74 12 47 45 8 22 2 86 8 3 30 70 69 29 58 96 49 16 42 11 84 64 38 25 42 22 12 28 22 68 51 76 52 89 22 65 50 70 41 43 95 3 80 80 23 42 35 70 57 39 71 6 71 69 45 23 40 11 32 29 55 45 45 4 96 78 74 11 42 39 40 45 46 84 70 39 1 16 76 36 67 57 86 11 4 32 27 25 69 79 86 16 11 22 71 84 77 11 80 26 81 40 15 26 83 14 58 0 21 88 25 46 80 63 74 69 33 1 66 79 70 75 75 60 83 50 25 78 80 78 65 85 11 
19 50 15 48 90 75 14 6 46 52 44 37 17 64 35 73 10 94 84 43 18 84 58 99 11 56 26 20 81 13 99 74 11 71 76 81 18 61 9 64 35 95 98 66 74 5 34 47 10 11 12 32 2 93 40 62 51 94 17 89 24 1 26 3 57 64 17 75 55 20 83 32 50 4 90 34 56 42 44 68 2 71 85 25 23 5 32 55 94 62 67 67 30 86 26 30 46 58 13 86 16 45 88 71 42 62 76 61 47 18 58 94 5 59 45 97 0 13 96 30 51 71 97 59 85 91 43 81 28 66 71 99 20 4 60 76 53 83 98 3 15 
29 74 17 66 26 18 59 97 73 20 65 81 4 18 43 71 67 21 34 7 38 66 57 41 68 87 72 33 5 21 72 24 8 71 64 25 6 23 34 23 82 22 80 71 23 92 7 37 31 28 35 76 21 47 97 66 17 90 63 81 83 32 91 33 91 55 1 14 24 63 97 90 12 42 50 30 22 29 55 16 98 75 42 97 99 54 30 83 32 39 58 56 82 39 87 19 49 62 38 19 61 70 96 17 98 47 74 73 13 27 80 26 90 7 1 31 53 0 94 51 81 71 60 96 21 67 41 11 56 86 33 95 2 38 71 10 4 50 95 98 65 
27 57 19 88 27 35 3 85 38 85 81 46 63 40 79 97 1 41 48 24 78 64 75 51 60 1 52 63 10 23 1 24 38 92 21 33 42 8 27 5 74 4 23 54 39 26 84 70 2 13 97 42 15 82 22 37 92 14 90 62 59 90 1 52 47 9 99 13 52 63 63 35 77 29 21 69 56 82 10 35 26 21 83 31 50 10 13 51 95 25 2 34 86 17 13 6 47 13 37 72 61 9 95 39 60 60 74 1 20 69 47 1 98 38 64 20 49 61 0 30 99 79 29 9 5 75 65 86 83 93 91 70 21 80 68 85 39 5 66 25 16 
76 60 24 83 25 95 98 79 28 51 77 89 48 74 57 57 34 16 66 96 93 82 2 30 77 96 54 43 1 72 97 8 9 44 6 28 61 90 24 14 68 89 45 46 72 61 42 98 95 40 77 61 96 74 81 50 39 52 48 99 39 72 73 32 43 77 54 59 33 26 56 73 85 54 44 34 92 59 32 1 38 89 30 3 13 88 67 74 43 48 59 35 57 98 21 25 27 5 55 75 15 1 86 43 94 60 97 39 47 58 70 93 47 95 43 73 30 81 90 0 11 44 96 42 55 31 98 71 2 80 61 14 62 22 79 85 95 68 15 72 28 
31 21 76 79 71 37 39 53 36 52 55 75 88 3 62 41 94 65 70 92 84 78 88 86 96 30 7 41 19 64 70 46 67 53 99 40 54 35 97 19 71 69 99 20 36 98 25 33 41 71 69 49 20 64 63 8 83 6 80 55 88 86 85 64 82 17 60 67 68 17 61 49 77 27 94 52 7 27 11 14 34 34 99 47 41 40 92 57 19 39 95 47 50 5 27 87 67 17 43 26 44 10 15 3 87 87 36 97 31 44 93 62 38 76 54 40 51 80 7 62 0 7 13 86 85 80 95 67 79 68 50 31 79 57 84 58 20 36 80 12 43 
29 68 15 66 43 98 29 92 52 86 47 11 93 89 74 24 25 50 67 76 68 7 61 75 9 60 48 92 9 40 44 95 65 88 58 94 74 22 22 51 78 84 20 61 99 60 1 9 24 45 8 97 79 61 64 56 11 48 69 6 86 74 75 60 67 53 67 38 39 40 14 66 45 87 27 94 8 11 24 35 14 50 12 79 97 36 89 42 63 21 43 97 21 35 65 34 98 88 55 94 93 15 50 1 54 68 28 35 93 68 53 92 19 68 61 53 24 86 80 78 5 0 5 8 55 13 96 11 75 57 33 75 11 55 34 97 74 7 17 14 26 
95 43 3 19 26 48 6 55 87 67 73 34 46 23 94 38 75 20 44 86 17 77 3 66 76 47 20 78 28 7 31 55 50 3 1 38 76 61 41 97 80 96 43 24 50 49 14 70 29 61 75 7 59 50 84 45 11 54 7 86 34 12 40 80 73 57 22 73 83 12 99 55 90 22 84 20 17 91 37 36 10 78 46 64 68 44 29 24 69 25 74 64 79 48 16 72 2 57 63 59 55 44 93 92 60 61 22 91 76 37 79 99 90 51 14 36 83 25 28 87 69 33 0 24 82 61 55 9 32 10 57 11 68 80 48 26 67 77 22 78 68 
42 87 19 15 49 69 82 76 47 5 16 89 87 73 88 88 29 2 23 74 36 37 13 7 22 95 72 95 94 77 37 35 81 24 22 89 13 41 85 86 91 13 25 6 92 5 19 56 16 20 5 33 41 46 45 15 98 45 38 4 20 5 97 66 86 40 22 72 60 74 60 6 20 38 22 39 88 71 79 54 52 3 16 25 92 17 45 37 38 73 10 83 75 21 12 97 42 33 74 78 6 70 46 5 64 52 37 22 39 6 16 5 77 82 6 57 66 91 70 5 42 1 60 0 77 31 51 78 45 11 10 5 67 64 56 95 26 54 41 48 65 
71 72 66 77 27 25 90 10 87 79 55 30 36 43 77 11 42 92 7 34 23 20 64 14 93 60 60 31 14 42 73 83 17 16 43 41 60 1 29 74 87 37 72 26 93 50 53 89 28 22 71 15 56 40 72 68 68 2 42 18 73 23 49 24 5 79 24 27 46 10 84 35 33 20 52 85 53 87 86 45 17 4 32 32 49 83 89 58 99 81 15 63 44 48 79 68 79 11 61 22 69 80 90 10 9 77 3 94 24 25 10 59 37 12 3 75 26 77 98 4 26 46 74 17 0 35 57 78 45 42 43 65 35 53 30 89 67 13 8 35 35 
73 89 27 32 94 39 35 26 89 46 1 72 87 99 81 94 87 50 57 14 27 96 57 47 70 6 35 55 74 90 62 28 86 96 65 65 33 26 76 50 40 73 79 75 37 43 69 21 74 83 88 76 27 66 72 42 43 40 48 82 42 12 84 71 61 11 46 18 19 95 59 38 59 9 19 88 19 62 68 8 38 19 21 13 15 24 24 37 57 68 50 18 87 16 36 71 83 64 67 46 57 26 44 19 85 28 48 44 70 51 90 38 54 25 3 20 51 23 49 15 87 22 88 81 50 0 78 88 33 76 29 24 86 73 45 80 39 70 26 11 1 
75 92 83 48 61 72 93 70 42 41 5 88 24 2 18 82 77 88 53 91 33 28 42 6 72 99 13 95 10 94 39 85 71 95 15 43 15 18 16 79 67 73 30 14 42 31 72 84 62 4 72 93 40 67 7 6 89 77 89 3 78 19 97 23 69 17 18 59 53 73 97 65 72 75 8 61 43 89 98 96 92 76 57 67 35 64 49 68 10 40 96 27 73 6 1 73 15 16 29 80 87 85 78 42 82 34 45 19 52 74 21 51 1 4 60 69 1 47 91 92 45 84 98 8 86 72 0 44 17 50 74 8 91 62 43 15 65 58 10 80 78 
63 62 20 7 83 53 57 17 89 66 5 27 64 85 53 85 18 90 7 59 71 48 71 11 11 71 58 4 78 98 79 85 76 62 22 93 87 92 51 4 83 93 6 66 47 21 46 48 26 38 83 9 20 37 37 28 45 48 92 44 16 55 22 5 24 95 96 99 72 23 15 30 60 12 28 31 41 23 52 75 76 55 71 55 4 4 97 12 85 89 40 74 68 78 34 40 31 28 13 70 15 5 54 43 78 17 9 96 97 24 98 84 68 7 20 24 90 82 72 47 9 30 83 47 9 9 65 0 13 50 6 44 75 75 50 49 73 38 94 5 88 
36 45 74 74 3 57 78 58 99 54 63 98 32 43 81 6 98 52 54 44 88 77 90 6 69 90 44 3 1 8 61 9 2 1 31 34 73 17 21 78 13 53 54 34 39 42 10 56 95 46 20 10 98 58 9 67 32 30 88 57 24 69 49 53 47 71 48 18 82 88 23 20 3 89 84 17 89 30 87 23 82 69 37 12 31 25 1 13 21 96 74 40 87 52 13 64 91 95 15 56 39 69 18 53 23 46 28 2 67 54 76 86 5 20 51 62 12 75 29 91 60 17 42 27 57 19 56 85 0 70 81 41 86 69 59 51 67 26 67 73 16 
10 6 97 85 10 98 11 29 40 21 85 48 49 48 92 85 71 88 55 71 81 27 81 65 53 97 80 59 72 64 94 82 15 86 98 78 94 74 97 57 64 72 2 82 8 95 32 96 7 86 59 50 78 2 81 35 82 64 2 50 72 17 24 17 60 69 59 21 35 86 25 3 40 34 23 73 98 37 9 45 25 72 84 56 24 82 32 54 79 27 93 14 6 36 8 73 27 98 81 13 98 40 33 62 60 51 52 32 75 44 34 42 78 83 36 35 10 50 26 91 82 38 50 9 33 73 24 57 36 0 7 84 85 4 90 42 69 18 54 33 36 
1 96 38 27 65 87 9 16 64 84 80 17 62 38 34 13 22 40 68 98 26 37 98 14 33 68 27 70 73 71 5 82 85 83 89 92 17 79 19 51 53 25 87 80 48 19 48 94 51 53 38 13 64 45 42 95 75 75 51 36 21 47 30 25 69 66 92 55 85 44 58 97 53 82 68 92 45 76 74 32 14 74 94 82 24 29 35 33 6 30 23 97 80 58 99 65 53 43 22 28 40 28 66 40 90 88 50 56 40 30 8 19 90 85 36 68 37 18 17 31 62 42 10 1 85 91 70 8 37 89 0 38 45 30 87 6 89 16 16 29 53 
90 30 71 60 55 17 74 6 92 37 44 63 60 39 53 29 75 63 99 27 28 51 47 30 21 26 17 7 87 94 11 77 87 51 88 83 65 9 75 55 2 94 33 34 92 86 6 90 2 12 28 38 54 71 20 33 86 98 16 7 60 75 62 60 72 41 95 47 54 7 91 54 51 65 52 77 32 39 2 30 89 4 43 99 5 81 55 84 68 74 45 76 78 59 76 26 95 12 98 82 13 39 14 40 3 34 82 67 49 88 31 48 94 33 31 43 43 11 46 45 10 2 12 64 58 18 91 2 63 23 25 0 9 43 20 99 94 34 35 22 15 
86 47 19 94 71 70 32 74 3 48 82 49 66 66 52 50 76 60 5 86 30 10 20 21 90 84 65 25 13 82 55 23 71 88 98 77 37 46 91 53 97 65 46 97 4 51 48 42 18 38 4 85 94 41 50 70 30 19 84 64 28 89 7 18 77 12 9 41 75 31 29 40 73 47 89 98 11 2 51 3 91 89 52 69 12 87 29 59 38 99 59 51 44 10 59 27 29 95 56 3 36 38 42 91 90 7 29 25 78 46 82 91 15 98 18 62 2 9 95 90 62 30 90 78 10 37 14 23 91 6 27 76 0 4 41 43 98 40 96 22 98 
92 1 38 86 9 71 29 72 21 36 50 1 96 11 61 62 51 37 62 70 6 54 41 3 46 75 99 1 70 37 51 70 35 77 19 65 57 25 46 91 44 2 41 28 93 94 44 28 9 61 21 95 51 6 67 87 74 79 39 1 70 75 91 43 12 15 84 78 84 23 7 56 94 94 69 91 32 6 2 42 99 29 82 8 60 88 71 94 98 15 19 62 4 30 92 12 63 19 1 28 53 15 1 10 13 1 81 99 98 33 16 10 63 58 1 33 4 23 17 27 7 93 61 85 8 34 82 93 56 15 15 61 21 0 61 66 66 66 70 25 93 
25 38 92 1 69 58 37 10 62 87 48 53 69 71 66 97 4 17 18 49 81 27 76 52 13 17 97 53 22 2 5 94 74 29 32 43 32 69 64 56 9 95 34 6 69 2 66 51 78 27 54 22 60 10 84 89 8 50 53 29 75 42 75 9 99 85 40 82 68 88 5 71 32 71 17 85 41 90 5 47 53 94 27 1 97 39 70 88 43 91 71 53 73 72 45 89 50 31 2 67 59 16 63 4 22 29 20 75 52 21 43 34 3 76 22 42 63 1 75 69 23 35 51 81 69 75 17 62 85 57 5 91 82 52 0 69 38 30 15 18 51 
57 35 1 38 43 9 35 7 8 72 92 8 19 5 13 21 37 27 31 71 48 76 3 53 50 84 3 9 39 54 23 64 75 38 79 79 68 53 86 1 34 1 92 87 70 65 75 34 5 12 48 14 94 16 84 68 79 42 70 34 91 10 87 4 96 34 10 24 63 94 50 8 74 66 42 16 60 69 73 88 74 36 89 34 51 46 45 49 29 10 28 99 93 89 23 47 33 85 46 51 97 2 62 86 58 96 60 17 3 10 2 37 32 58 94 47 29 13 96 92 41 11 1 43 53 66 87 70 4 95 48 85 47 6 91 0 98 85 23 92 9 
42 53 81 73 12 31 31 19 33 82 9 76 97 31 71 51 96 2 64 84 19 22 12 84 64 38 26 83 51 85 58 77 15 97 83 27 65 50 6 68 14 27 43 41 29 5 78 98 74 41 20 23 92 65 6 91 86 97 73 96 59 10 1 84 66 41 69 87 22 86 15 7 15 37 83 6 91 16 57 81 54 52 20 64 84 15 70 12 2 9 9 84 86 93 29 39 4 93 64 33 64 70 20 57 13 78 48 78 72 32 80 70 66 38 50 48 37 9 9 13 89 78 36 54 54 97 17 63 57 80 97 33 68 29 31 93 0 98 12 40 66 
88 67 6 79 5 25 55 34 11 66 51 50 46 82 9 33 1 65 55 58 84 79 9 81 8 17 59 4 59 14 91 48 71 85 51 54 46 73 9 37 23 39 35 64 5 91 21 46 17 35 21 73 38 71 34 41 66 23 40 81 3 56 96 7 55 83 91 76 53 73 66 5 90 21 57 48 43 8 74 3 90 40 92 25 24 27 75 83 53 18 62 1 86 50 55 18 3 77 61 59 82 98 84 46 16 31 43 23 52 41 2 18 38 36 62 30 5 66 88 59 54 98 14 29 39 6 47 28 1 44 49 94 91 47 14 61 86 0 37 42 97 
94 33 98 43 74 19 16 35 35 61 31 56 29 19 44 25 73 94 64 17 41 34 24 58 17 53 18 36 68 63 45 68 20 37 13 72 43 61 74 34 49 79 3 47 77 23 99 40 33 78 11 45 31 73 56 39 80 86 76 69 48 2 26 53 14 13 42 23 47 97 4 59 64 54 12 67 10 1 16 57 45 22 79 74 14 51 16 56 48 99 81 96 65 22 15 28 79 69 71 55 65 29 85 71 37 32 98 53 92 74 81 14 34 66 41 16 65 21 90 73 57 10 41 43 63 46 61 25 25 8 43 62 53 64 76 86 27 48 0 26 70 
5 42 25 86 88 60 91 37 35 71 44 65 69 73 72 89 47 7 98 75 74 31 32 41 92 20 33 57 14 14 6 99 93 51 64 38 32 41 26 33 88 99 42 94 41 86 43 83 51 36 17 37 93 87 1 83 7 70 45 66 71 19 9 18 74 68 51 18 98 60 76 25 64 41 54 28 89 95 70 83 83 66 74 79 16 41 99 93 59 31 52 56 24 91 45 20 2 4 9 95 78 41 50 39 16 57 71 49 51 8 55 18 44 19 91 6 74 15 2 22 44 10 35 2 48 27 40 28 4 80 13 15 70 40 74 90 98 8 31 0 76 
79 39 96 23 45 7 71 15 6 35 55 60 22 9 73 38 33 22 70 52 71 47 29 76 17 18 33 25 3 71 89 35 74 72 97 26 37 37 6 54 40 45 65 50 53 5 28 16 92 14 76 85 55 12 7 85 33 9 20 23 83 2 99 5 3 20 33 12 2 22 68 57 5 10 75 24 13 58 9 20 64 56 55 14 32 53 25 97 75 26 69 5 29 41 23 97 8 5 9 79 18 36 78 45 91 29 54 20 4 50 87 59 15 69 87 32 38 88 18 98 55 97 65 97 86 97 16 1 75 66 67 28 12 76 30 63 96 48 24 80 0 
