75 10 
0 70 8 40 5 8 7 3 64 62 2 35 59 3 6 78 95 34 38 62 96 75 86 43 25 91 40 57 52 70 24 7 46 61 50 60 77 79 90 67 84 20 57 25 30 43 22 98 56 31 17 96 41 75 54 28 87 17 71 11 82 51 94 97 39 47 85 67 37 35 7 57 31 8 28 56 97 18 74 23 21 24 84 47 4 7 7 50 43 89 98 95 13 8 20 75 12 30 46 67 7 65 65 88 43 3 54 60 76 30 63 93 53 40 7 67 15 10 17 56 42 14 28 98 97 22 82 25 94 48 51 39 56 36 9 22 95 68 70 56 11 18 48 85 48 94 3 63 93 49 60 
92 0 43 73 35 79 29 1 86 39 83 44 78 20 94 51 29 27 90 15 8 43 26 73 52 95 27 41 84 35 68 35 71 41 83 38 58 8 98 61 4 89 61 63 48 94 38 27 5 22 65 28 56 92 4 33 32 88 35 55 79 5 90 86 33 75 38 91 25 32 57 28 32 1 45 72 88 14 98 5 93 63 37 30 28 84 50 97 59 21 31 45 40 74 21 48 31 6 60 44 6 84 96 36 99 99 43 91 39 13 80 45 27 14 50 66 62 37 79 11 16 95 74 96 49 30 7 53 3 44 25 49 93 71 11 16 66 69 48 73 19 93 49 54 3 39 59 35 76 73 34 
13 90 0 48 50 88 18 54 48 97 98 3 34 51 89 2 38 12 91 60 63 80 41 23 2 61 11 1 51 87 30 29 55 23 10 1 10 40 92 8 62 60 29 92 56 99 49 14 20 85 97 60 73 37 21 78 13 11 15 89 18 6 90 69 98 31 35 36 97 58 92 79 39 8 46 90 83 68 58 98 80 60 51 39 90 58 37 81 92 79 52 97 98 61 24 79 76 36 13 38 56 37 10 56 77 7 72 97 55 87 18 21 16 90 31 43 12 56 24 61 3 64 84 30 17 62 98 79 77 64 35 56 40 78 88 9 78 1 22 5 52 9 74 37 97 51 67 97 55 53 94 
9 91 8 0 14 82 79 88 32 60 76 74 10 24 6 17 78 28 26 2 13 58 77 71 48 77 53 96 65 96 88 90 42 78 98 19 65 14 39 66 15 79 70 1 53 99 64 11 5 24 62 34 45 71 56 94 71 42 2 51 93 78 23 97 28 50 77 70 92 43 14 63 76 73 55 79 62 23 63 80 14 24 39 83 34 83 34 83 47 51 59 27 84 43 16 56 94 90 66 17 17 27 33 32 93 73 44 97 81 88 48 55 40 56 52 41 3 78 2 40 24 62 11 47 8 98 94 19 52 29 73 59 8 49 19 79 79 21 80 90 54 72 8 40 36 74 5 49 14 81 37 
3 3 78 56 0 91 34 19 50 18 14 60 93 57 49 38 94 16 77 92 90 69 14 70 53 24 92 34 27 76 58 79 59 7 25 77 60 72 44 96 28 35 44 73 8 33 93 92 41 14 48 56 61 90 21 76 5 23 21 75 19 14 66 78 39 21 20 14 41 72 21 5 14 56 62 83 53 12 19 7 5 65 26 39 74 24 25 27 57 8 61 28 90 41 1 67 85 7 83 6 84 53 82 85 28 29 68 88 42 79 28 70 9 19 3 30 11 30 67 13 25 37 14 16 1 92 54 7 4 1 12 95 21 59 62 77 87 70 79 40 47 17 53 78 70 29 74 65 63 35 54 
36 13 52 75 10 0 31 75 59 41 7 26 59 98 70 79 11 95 66 41 79 42 43 61 1 73 51 46 95 26 17 46 86 42 33 72 60 30 34 26 17 72 67 85 28 15 10 59 74 24 70 98 20 92 87 5 28 60 36 12 24 9 92 57 95 39 28 51 28 21 26 54 1 97 78 83 75 93 69 37 73 94 32 73 62 99 92 62 63 36 96 83 68 86 91 23 45 71 66 54 71 27 42 32 57 42 33 92 74 65 52 90 16 18 97 33 12 51 31 49 89 53 6 76 19 6 21 35 17 66 56 93 33 89 94 79 86 54 14 78 26 38 83 42 89 23 96 17 19 25 27 
43 11 28 23 65 54 0 26 60 40 37 13 23 65 57 98 58 9 98 57 61 89 6 49 68 97 98 42 66 54 31 1 68 82 64 31 59 33 70 83 53 35 72 83 71 37 76 73 79 72 27 47 47 11 16 33 68 16 24 85 9 21 52 95 28 70 47 30 92 32 31 96 34 94 37 35 16 50 6 54 69 86 91 20 62 77 58 47 3 24 41 51 31 64 75 31 96 19 40 98 13 75 17 37 42 41 84 67 94 5 69 45 85 6 2 5 14 87 9 37 83 63 7 48 79 85 42 60 66 14 2 90 30 9 64 50 8 34 48 46 82 46 29 87 92 53 62 62 26 26 40 
8 1 56 46 80 54 52 0 28 88 63 99 47 32 87 36 90 2 6 78 74 86 79 13 55 77 29 22 95 28 87 52 61 91 18 73 84 13 22 5 75 1 63 90 27 9 94 58 63 76 26 34 22 92 93 52 25 58 38 55 68 97 20 49 65 62 40 3 50 67 74 13 50 7 55 4 8 9 94 58 4 99 70 43 28 67 22 67 54 21 54 5 10 13 21 72 41 98 34 16 41 36 60 58 82 78 26 42 6 40 28 41 22 60 85 5 88 23 90 61 30 89 43 77 16 19 72 77 64 12 20 80 28 65 91 73 40 22 92 59 60 98 34 49 35 50 76 24 57 17 32 
13 26 82 37 83 15 6 53 0 81 72 94 12 2 25 42 81 92 10 5 76 53 88 83 79 10 5 34 50 33 55 38 33 37 45 31 27 5 49 99 35 75 90 97 57 58 25 83 73 52 44 93 55 19 89 72 59 62 49 68 57 69 11 56 13 92 12 98 21 80 73 16 27 69 74 55 94 90 51 16 23 69 20 30 75 95 9 15 16 89 20 26 18 9 73 2 53 94 78 28 80 26 40 2 65 51 56 92 60 97 7 97 69 96 80 39 85 80 49 20 40 4 9 79 11 20 47 6 15 24 95 10 22 16 92 80 80 63 59 29 2 63 74 12 74 85 94 66 73 30 27 
59 73 91 70 66 47 88 75 93 0 46 11 85 42 46 88 87 60 35 75 42 43 17 17 93 8 38 68 75 62 87 33 49 58 67 78 77 9 98 85 32 51 85 28 99 91 98 76 61 54 21 53 30 10 31 75 44 71 39 3 1 9 82 25 94 75 18 76 75 9 83 6 28 98 61 51 40 96 40 38 64 9 50 40 20 15 49 63 12 72 23 50 50 97 67 95 12 80 2 81 77 31 45 90 17 33 42 38 86 12 37 75 64 64 75 39 50 63 48 10 79 73 22 99 40 37 88 37 83 39 66 20 56 6 67 53 75 27 68 75 26 30 73 64 61 95 21 25 55 9 12 
37 74 69 80 11 68 78 61 50 40 0 54 21 13 27 30 23 69 75 79 79 74 34 44 98 8 94 8 43 41 68 20 5 81 14 72 82 49 42 69 60 56 10 3 63 8 54 69 52 83 40 13 59 81 39 83 99 63 75 60 85 20 81 59 50 57 12 92 74 29 86 20 52 12 60 28 95 44 89 71 65 57 26 80 27 6 50 13 11 29 55 85 77 67 9 65 78 97 22 26 29 81 86 52 10 74 86 2 50 13 58 40 70 89 15 31 54 35 77 56 61 46 80 82 14 83 47 47 21 19 1 63 23 42 53 13 95 97 47 98 19 17 13 94 59 52 85 57 96 63 74 
66 86 94 79 42 63 20 14 65 78 97 0 20 28 36 36 98 61 54 46 35 10 28 93 95 85 21 71 32 51 43 28 41 33 89 87 98 37 17 54 30 30 15 49 78 8 82 4 32 65 2 21 26 2 60 60 54 73 6 97 3 26 73 72 67 33 77 84 60 93 85 25 52 40 29 7 66 27 53 72 1 75 99 1 77 39 61 19 39 87 49 88 57 86 67 42 25 42 10 38 79 33 34 91 86 23 9 62 71 86 68 68 71 92 85 45 85 93 4 95 51 82 93 38 6 22 5 99 81 74 77 20 69 87 92 22 84 19 95 65 95 34 28 80 71 22 12 15 34 28 21 
28 23 76 95 71 17 94 64 49 19 51 10 0 98 97 96 69 75 60 44 82 89 26 44 61 87 11 2 36 56 85 8 9 46 52 64 81 95 2 95 12 19 67 70 84 66 56 75 54 14 33 3 46 66 50 33 88 86 79 20 36 36 37 28 2 33 66 99 55 59 56 81 72 73 61 75 58 60 1 24 34 4 43 30 72 74 92 6 24 58 51 92 90 41 39 95 42 88 53 84 19 74 75 76 47 33 22 48 39 59 83 82 19 17 79 36 73 78 2 90 41 61 48 8 34 42 4 96 78 17 62 38 32 97 28 30 22 36 28 63 32 51 91 88 31 13 65 12 46 17 76 
58 74 4 16 61 52 83 80 48 49 66 47 40 0 25 52 76 86 52 50 93 5 50 39 39 7 38 1 2 52 54 65 20 51 42 36 10 31 99 85 73 61 8 4 16 12 93 12 37 98 84 1 18 75 65 95 87 57 90 10 88 67 60 45 1 93 64 58 54 78 97 7 2 63 83 50 9 26 6 94 13 42 16 32 49 6 17 9 84 14 21 58 90 38 5 99 45 6 71 60 20 95 51 9 58 17 5 65 29 24 45 26 90 63 30 79 25 6 69 38 65 71 32 11 37 53 69 42 74 24 63 5 63 89 84 26 71 22 72 49 87 14 93 38 37 81 1 95 59 77 41 
44 18 1 46 85 19 52 36 61 34 85 67 73 53 0 16 91 7 29 26 83 54 25 71 83 11 22 15 63 54 58 67 79 28 57 67 26 22 16 89 12 42 76 11 24 66 46 47 55 39 49 69 98 11 98 7 43 9 66 91 47 25 35 40 52 98 30 24 23 4 98 66 92 2 58 55 61 70 21 70 18 60 56 19 74 95 41 63 33 47 26 34 38 57 94 42 17 49 59 89 55 99 46 23 49 62 46 90 55 84 77 11 47 1 44 16 40 59 26 63 3 11 83 39 36 58 95 89 81 35 34 67 91 58 76 3 81 55 13 24 58 26 28 40 45 6 41 37 66 82 75 
60 35 8 42 31 99 4 80 34 21 22 1 53 12 16 0 22 69 11 8 75 66 33 72 67 67 39 54 76 66 83 39 56 10 65 29 76 63 83 29 5 65 9 63 62 8 90 12 56 93 7 75 72 64 30 12 71 93 57 30 37 97 99 29 83 72 90 31 16 85 19 96 97 72 92 8 36 78 47 6 60 88 30 89 46 79 79 21 86 87 28 83 38 77 83 63 34 23 13 61 29 75 63 1 49 4 9 38 73 21 41 89 93 19 19 49 38 17 72 59 32 24 96 84 94 21 18 30 2 15 84 86 58 63 89 68 73 97 14 59 6 46 67 18 74 29 70 74 83 14 40 
30 27 90 89 29 22 15 31 39 15 38 38 94 18 38 37 0 49 90 27 31 12 89 8 24 49 50 49 3 73 43 19 48 1 84 95 36 44 51 42 40 45 97 24 12 31 66 38 88 39 80 98 99 37 76 45 97 70 42 48 87 5 75 59 25 2 34 23 16 94 99 21 68 13 61 86 38 82 6 79 59 27 25 4 25 71 20 81 90 84 15 21 85 5 57 13 85 18 13 70 81 61 11 72 59 1 36 46 64 48 93 66 8 96 86 46 79 96 93 80 12 54 80 6 57 87 87 53 97 39 60 77 70 44 44 44 74 97 24 27 76 78 9 25 84 3 95 95 71 99 96 
49 66 31 48 11 63 56 79 70 49 23 7 94 89 39 39 1 0 97 31 81 2 1 85 73 16 13 34 92 13 27 91 43 92 84 93 24 29 84 83 29 48 18 62 31 43 97 79 59 11 43 76 54 74 62 48 77 86 89 78 20 42 60 31 97 83 88 34 52 91 4 51 85 56 45 42 52 76 95 37 53 70 74 24 45 9 58 22 10 76 52 24 5 84 9 28 41 28 74 26 11 99 6 63 77 93 92 96 94 30 30 63 92 53 28 66 6 50 12 44 9 33 92 85 28 9 24 43 60 88 56 93 43 91 21 60 97 48 29 37 31 27 34 76 36 82 80 45 39 35 78 
78 24 36 46 26 29 88 73 79 90 57 43 21 98 89 32 61 65 0 63 76 85 39 9 65 14 70 67 33 10 91 1 87 12 57 41 91 13 3 9 44 60 83 96 52 54 62 3 71 56 63 71 34 19 28 9 47 55 74 14 48 23 58 75 97 59 74 4 5 40 76 87 75 3 78 84 63 9 74 55 59 23 76 54 2 83 65 92 51 57 63 88 39 58 18 2 89 99 17 99 25 94 55 50 28 38 53 72 39 80 86 54 18 51 4 19 55 28 60 25 40 84 97 62 31 21 49 66 86 72 25 29 11 37 49 76 14 81 94 89 38 1 91 60 4 80 82 49 38 48 82 
86 72 30 4 34 50 54 5 83 10 93 44 28 85 37 7 81 13 93 0 3 90 8 14 30 23 40 57 59 86 88 3 9 71 36 40 31 95 91 89 81 69 39 12 7 73 76 7 23 66 37 72 22 69 60 79 91 85 27 46 88 68 45 96 13 64 10 14 95 44 61 33 41 31 77 4 17 38 45 67 42 10 50 65 76 50 96 72 46 35 15 20 49 11 78 65 43 8 75 30 69 48 73 32 19 89 84 6 75 34 88 18 83 64 63 16 85 34 79 88 18 65 80 96 90 19 29 72 12 98 91 40 48 27 55 46 13 29 4 79 61 36 94 5 86 41 87 82 80 14 26 
26 24 87 98 63 80 99 45 58 45 81 46 87 41 71 74 28 55 68 18 0 57 26 66 97 15 34 42 84 23 40 31 4 24 75 63 70 8 8 27 66 96 17 49 97 72 3 26 69 86 20 3 75 65 68 45 47 62 30 17 32 34 93 17 34 53 33 88 18 44 93 50 97 19 27 66 27 46 38 97 83 28 21 47 69 7 56 41 55 33 56 6 87 50 53 6 11 29 25 18 82 43 59 6 71 75 82 36 64 4 53 90 79 22 82 96 83 63 97 77 64 35 41 7 86 71 75 28 68 17 7 95 14 18 38 92 28 11 58 96 32 58 62 91 56 53 27 8 77 66 53 
92 11 14 49 8 98 18 55 23 29 80 63 18 22 1 45 73 71 79 54 74 0 89 17 61 1 39 25 83 96 21 13 41 45 29 48 5 19 73 29 59 36 2 18 24 21 97 22 53 60 55 57 3 91 28 45 89 60 12 49 63 12 16 30 17 64 92 30 9 83 90 58 67 49 86 88 37 59 82 78 74 2 15 84 54 92 62 63 8 31 98 9 9 10 92 85 25 66 49 48 34 86 67 53 28 32 70 86 90 48 83 72 68 23 29 34 43 16 47 37 23 6 30 33 49 96 81 98 16 29 75 22 97 51 94 60 9 28 72 86 9 16 94 70 20 22 19 29 51 81 81 
94 60 85 34 81 55 56 80 65 32 29 98 34 68 66 23 16 75 97 97 36 75 0 1 56 98 68 25 74 63 31 40 22 96 16 15 84 41 38 12 36 45 39 94 23 5 73 54 63 96 93 77 3 3 44 56 82 25 43 56 19 80 58 86 84 49 22 87 49 88 52 12 12 37 90 97 38 9 94 84 21 28 10 39 86 86 23 71 43 38 89 1 86 57 55 87 47 2 73 26 27 72 90 16 45 97 48 66 1 20 31 81 54 77 87 56 4 60 92 30 80 41 22 14 23 86 24 39 56 84 20 72 50 12 90 68 18 6 29 63 74 58 58 65 1 66 26 11 93 2 34 
41 25 2 7 83 86 73 74 64 46 1 7 86 84 30 66 30 3 93 57 49 56 67 0 4 28 39 26 14 82 24 1 62 89 74 25 24 22 79 16 23 35 11 82 33 84 27 10 52 42 68 58 47 58 4 23 16 93 27 29 22 76 15 2 95 14 22 41 53 84 60 52 8 65 60 82 77 74 89 89 33 97 83 31 29 24 77 90 90 4 97 88 42 44 49 15 11 97 53 94 58 30 81 28 7 5 8 15 16 47 89 83 75 16 93 48 56 90 53 78 76 81 34 22 56 88 15 43 89 13 8 73 72 54 95 27 21 10 65 90 36 7 53 14 93 81 12 85 16 46 59 
84 94 34 13 66 69 5 32 80 18 85 91 23 61 73 92 48 23 11 27 64 76 10 95 0 17 74 20 39 97 83 10 65 40 92 45 18 24 93 26 64 74 5 74 72 24 28 38 8 64 98 87 93 54 21 96 55 16 16 60 67 51 81 37 38 76 5 3 81 56 86 54 77 57 94 79 83 45 67 92 25 89 12 19 81 76 43 66 95 85 74 36 33 72 62 36 32 2 84 42 1 86 26 64 7 24 29 91 1 83 97 96 43 38 50 1 70 30 43 99 44 49 26 76 89 83 28 83 38 82 75 58 2 30 36 77 46 8 31 77 22 86 95 37 60 59 93 45 62 7 69 
41 60 95 49 34 95 31 50 44 28 44 95 52 32 70 52 86 65 99 57 28 53 22 85 53 0 37 84 35 29 3 63 53 16 80 88 64 69 85 1 31 82 55 71 9 37 49 77 78 15 71 87 11 32 19 38 80 53 10 52 94 8 63 2 68 52 43 85 98 79 36 13 19 17 64 21 38 49 54 58 75 8 64 21 52 97 34 76 84 15 38 63 3 69 74 66 7 29 36 43 72 53 22 47 26 49 55 17 65 34 25 33 43 21 70 94 38 76 59 70 78 65 65 56 82 78 6 26 36 89 93 77 17 29 71 41 85 48 28 37 50 1 39 63 46 94 76 4 64 3 95 
19 91 51 64 11 4 81 76 75 38 73 17 26 60 17 58 82 91 43 95 44 61 47 78 90 64 0 92 75 35 58 11 96 76 99 74 91 22 78 60 99 71 19 7 80 34 9 37 3 88 38 39 43 11 33 29 83 49 9 42 35 64 53 31 40 22 14 66 95 6 61 30 71 18 2 32 61 63 25 91 17 38 12 51 61 62 64 8 18 65 66 26 4 24 85 93 66 79 1 91 12 57 70 54 35 21 95 88 71 61 92 23 27 34 53 82 59 17 5 53 8 16 82 14 98 62 81 94 27 50 45 6 50 38 43 90 45 57 23 33 51 37 62 53 21 17 27 12 90 36 13 
44 94 41 12 58 71 84 97 85 37 34 29 84 86 50 31 68 40 87 5 6 91 40 82 75 27 44 0 72 54 35 55 75 50 39 45 34 47 97 31 67 70 36 86 43 85 80 12 7 66 99 24 47 28 36 46 81 92 98 18 38 30 48 34 45 13 84 61 27 67 90 14 2 13 86 78 45 17 83 25 19 93 17 22 22 33 26 31 9 50 35 8 26 95 42 66 50 31 43 18 44 8 36 45 48 41 9 9 20 69 11 65 20 17 10 26 61 56 57 61 65 5 24 58 77 31 47 28 76 77 72 42 31 4 47 36 54 89 80 61 76 67 15 32 44 50 40 41 84 17 50 
5 6 29 50 38 41 23 89 75 47 13 53 78 95 44 52 3 98 41 32 52 68 67 50 56 57 98 68 0 81 65 4 12 74 62 49 87 93 14 13 32 47 11 27 89 75 99 19 78 17 89 97 35 82 62 2 11 85 20 29 46 14 66 74 42 50 31 15 3 46 94 53 94 79 93 90 39 93 37 16 68 17 77 86 80 35 89 43 86 50 45 95 88 7 94 97 93 2 29 80 38 3 87 90 85 7 55 4 81 43 9 71 49 29 37 41 40 18 63 81 96 62 43 4 83 45 17 86 23 24 96 26 12 99 67 87 93 26 80 49 28 1 93 20 5 20 77 83 61 39 92 
13 22 98 68 94 69 57 18 72 21 40 9 68 78 88 29 18 98 37 11 73 58 99 6 67 74 19 97 37 0 49 82 54 9 15 78 77 14 20 92 80 81 96 67 63 94 78 57 24 92 50 92 2 52 85 15 15 19 44 48 20 39 67 76 51 91 58 16 19 52 28 70 87 92 5 30 64 99 48 68 91 57 93 48 11 43 94 61 49 48 14 93 70 28 29 63 28 14 3 95 75 16 94 79 88 51 6 94 46 61 43 82 13 13 93 70 3 71 27 99 25 27 17 10 85 89 27 63 73 49 46 3 88 91 96 96 16 11 37 81 83 1 60 29 99 93 3 68 42 54 66 
94 11 9 26 39 12 77 11 72 51 74 23 25 84 41 29 85 11 63 81 76 83 80 31 4 32 52 74 66 79 0 74 33 44 64 81 94 6 85 52 62 72 91 96 16 82 22 12 93 49 55 62 97 87 55 27 46 15 28 38 71 96 83 67 7 69 97 90 6 16 1 52 57 74 26 69 13 99 7 49 12 77 84 13 40 43 6 94 36 76 41 44 63 86 25 16 46 69 7 1 71 97 50 61 85 58 79 82 61 36 47 9 46 53 84 64 70 33 31 77 78 3 53 65 64 76 63 88 25 92 74 21 2 74 28 92 30 41 7 18 61 68 30 93 9 25 2 12 49 91 71 
86 94 11 77 61 32 54 96 17 86 40 88 79 7 99 46 36 90 95 31 7 3 52 83 94 35 91 19 49 95 56 0 50 46 91 90 49 58 49 33 52 68 84 90 77 49 3 75 17 37 55 27 24 8 25 75 48 13 86 99 11 15 25 47 96 30 94 21 5 62 10 77 18 45 17 6 82 73 34 22 82 94 6 51 3 50 25 84 97 53 93 64 67 24 85 8 78 66 31 53 50 59 7 8 10 12 29 41 41 6 44 49 73 54 38 34 4 6 80 80 61 8 29 54 81 40 21 11 65 10 99 24 83 97 18 63 95 95 67 9 79 38 87 77 88 90 81 32 1 4 98 
98 40 54 23 47 23 7 4 78 19 54 11 78 2 26 81 91 10 33 68 35 52 39 20 21 63 56 72 15 44 20 34 0 87 69 11 72 40 30 45 51 8 36 65 92 36 5 71 39 4 95 97 6 66 2 49 52 57 69 32 36 98 44 19 32 68 11 90 69 73 23 89 57 7 22 2 70 52 82 92 97 49 96 14 93 17 35 15 31 69 17 31 88 24 13 46 26 62 73 47 4 5 3 41 57 37 57 65 5 78 90 40 84 6 10 82 94 90 68 8 47 17 89 73 72 53 9 18 68 61 68 65 13 54 22 33 56 79 34 80 6 86 67 9 96 77 81 5 25 43 34 
89 90 40 14 93 37 6 39 55 21 59 31 22 79 66 37 46 61 8 17 43 44 40 25 11 73 59 25 56 50 55 50 21 0 36 71 62 96 26 77 21 16 33 92 44 80 43 88 78 77 21 98 83 65 68 66 27 24 12 73 16 22 7 57 49 53 40 30 33 16 59 27 80 37 94 53 82 47 13 20 97 77 61 62 70 36 70 27 73 63 80 66 53 6 96 37 78 20 92 17 96 81 70 80 42 42 83 35 18 95 8 80 69 67 26 7 60 52 50 72 52 67 42 76 11 22 13 23 87 35 65 3 84 43 17 54 61 78 21 50 91 50 35 35 56 69 50 13 84 30 86 
93 44 22 30 86 45 85 58 38 8 27 33 51 12 57 5 12 12 8 82 65 79 43 74 98 29 52 46 51 82 9 90 63 88 0 40 17 52 22 99 21 37 87 67 85 71 11 41 90 94 53 82 32 38 61 43 3 48 40 95 16 45 16 38 77 65 49 59 88 52 7 18 36 86 9 79 5 96 2 33 29 66 87 99 23 37 72 1 89 8 81 63 73 2 90 66 10 21 81 87 15 44 57 91 40 9 63 28 85 88 75 39 31 46 5 44 85 48 75 32 30 43 25 59 23 85 19 24 65 7 73 63 39 67 34 88 87 87 83 13 84 41 8 29 31 13 13 6 89 27 61 
87 25 6 7 72 40 84 95 44 36 49 6 80 46 68 50 88 55 42 73 34 91 11 10 79 73 46 96 4 81 46 20 96 45 23 0 89 72 63 27 22 77 15 33 65 75 85 71 75 61 35 26 74 21 61 77 62 53 74 4 22 81 36 32 86 24 3 99 9 20 42 61 95 73 82 44 10 84 39 88 83 24 95 73 18 99 28 65 56 17 32 30 11 18 8 32 58 55 46 54 93 28 49 35 91 52 60 22 85 68 86 96 36 17 29 74 3 74 93 94 32 86 97 60 51 48 92 74 41 74 49 46 72 26 7 41 53 60 71 11 76 29 89 90 41 11 23 38 18 62 44 
31 49 62 9 86 12 89 76 59 75 47 72 96 49 58 9 7 92 62 48 21 6 62 77 31 28 13 33 30 13 72 44 77 91 24 82 0 70 73 41 10 53 85 75 65 92 33 57 25 35 94 17 56 44 36 91 81 98 98 51 93 63 37 59 16 91 10 61 66 41 88 56 15 49 46 13 25 39 91 38 82 68 57 84 83 96 38 63 77 39 11 25 3 81 85 89 18 51 72 12 26 79 45 57 22 87 74 8 27 11 31 72 27 91 95 17 16 4 33 94 55 96 34 16 73 93 28 26 99 11 55 1 21 57 82 49 82 19 31 12 39 59 6 12 19 99 55 78 76 41 85 
70 6 53 75 61 24 63 3 80 79 8 9 32 22 65 92 48 8 12 57 30 80 95 90 16 68 21 99 23 69 92 1 8 81 24 44 51 0 10 95 90 6 50 34 88 49 85 24 43 10 5 29 77 26 49 51 54 46 55 92 54 19 97 35 81 89 9 55 62 79 20 37 7 70 17 64 23 17 56 38 45 90 22 15 65 10 3 40 63 71 64 74 37 66 33 14 42 10 89 98 11 5 88 9 86 2 52 1 84 90 57 87 16 2 54 4 60 40 71 36 28 87 30 41 53 53 46 15 80 10 16 95 19 61 72 82 96 2 84 11 54 81 37 2 18 61 50 74 8 8 47 
14 98 16 5 72 39 6 43 12 33 99 25 8 50 46 6 30 71 75 99 60 94 69 45 31 66 57 92 98 19 28 63 79 1 50 37 68 10 0 75 80 62 33 51 38 87 63 10 18 52 17 61 78 17 44 46 48 54 17 88 74 8 25 79 89 25 25 35 25 94 82 62 51 41 77 13 90 98 39 48 69 94 40 93 64 59 76 28 69 4 9 31 77 17 88 74 40 42 82 26 39 65 23 28 68 79 57 11 71 89 35 85 98 34 49 73 74 79 40 26 83 65 66 87 3 40 3 36 56 35 31 83 64 50 18 98 71 79 75 88 34 30 20 43 19 38 42 95 47 88 32 
36 7 75 57 94 66 30 21 47 84 21 11 72 40 70 79 87 34 90 14 1 54 59 79 70 88 49 73 41 80 65 44 78 90 85 63 84 71 6 0 36 74 85 2 58 10 60 59 33 2 22 65 63 63 86 65 29 47 67 54 4 1 88 8 26 44 3 78 60 59 18 57 8 26 73 99 5 69 75 62 73 64 11 30 84 59 20 29 22 18 31 20 88 39 28 32 76 84 25 74 30 8 69 76 2 57 8 44 30 86 70 97 22 52 64 24 64 40 9 95 17 31 24 52 42 85 68 91 80 46 66 32 69 70 56 79 10 26 19 81 73 38 85 60 31 98 49 75 93 52 41 
84 99 89 76 97 60 38 73 54 94 23 21 38 41 61 58 70 65 72 1 65 61 81 80 58 92 39 2 79 28 87 73 39 1 98 82 36 80 52 20 0 16 49 68 86 94 54 42 13 98 47 5 7 91 6 56 7 65 56 72 63 51 86 7 49 15 84 27 15 25 53 35 94 49 26 49 6 7 35 16 44 73 58 90 92 13 7 30 67 98 26 85 49 35 61 61 52 44 97 60 59 3 78 75 10 81 30 90 19 92 21 34 72 75 10 73 50 84 9 71 40 70 35 86 17 65 75 51 69 17 86 71 71 2 5 47 75 75 82 89 39 10 49 66 71 64 36 93 95 87 24 
88 81 98 79 83 62 56 78 20 56 2 37 19 57 82 76 13 88 99 5 10 84 8 20 85 85 22 84 3 38 54 51 12 49 59 75 4 94 18 26 88 0 43 41 7 83 66 51 59 79 96 26 90 77 79 34 67 29 82 83 83 24 93 56 12 32 18 55 99 66 72 51 53 6 11 13 53 78 6 72 25 35 91 18 64 30 34 1 3 13 47 47 39 37 84 80 28 7 88 27 20 96 4 48 1 87 94 93 14 95 44 56 61 69 89 94 87 21 12 49 44 81 63 55 81 93 99 15 60 18 82 40 40 23 10 11 59 72 16 82 72 81 18 56 56 76 95 65 87 57 99 
77 22 92 60 32 62 54 20 73 48 31 53 91 28 61 80 26 97 38 97 85 65 63 78 75 68 47 17 98 6 91 35 65 7 70 98 60 30 21 39 38 39 0 16 26 89 23 20 81 96 72 63 44 48 36 89 93 54 57 88 5 52 96 27 11 38 32 1 78 61 35 70 34 84 31 30 32 16 26 18 59 47 6 77 64 34 38 22 31 94 31 71 3 29 98 82 58 81 41 85 16 62 86 98 20 9 80 56 9 47 78 13 14 81 65 57 63 3 90 77 52 95 76 65 75 73 32 23 76 76 89 88 6 82 92 31 97 14 20 87 85 18 13 77 89 82 86 78 47 81 39 
91 28 93 52 98 16 39 30 69 10 83 77 12 3 49 21 97 64 75 30 75 52 48 64 19 61 71 41 92 24 8 1 69 62 30 68 34 5 40 67 74 48 82 0 69 94 39 77 25 60 75 28 13 25 8 61 27 88 44 86 41 78 8 9 2 43 60 37 88 58 54 4 9 1 97 66 8 62 24 34 95 52 84 34 46 17 27 5 69 53 41 46 47 85 2 43 14 11 51 12 13 44 62 49 63 41 13 1 42 72 39 2 16 90 92 6 87 33 67 56 65 67 3 7 4 73 7 95 73 56 70 31 41 37 80 86 29 32 6 26 9 50 58 80 60 36 48 9 36 2 15 
74 58 76 6 10 92 22 71 27 54 70 58 87 44 44 54 4 47 74 31 66 2 98 85 91 31 92 82 63 43 32 77 23 62 55 19 63 60 7 69 75 26 65 20 0 35 77 76 76 54 76 41 44 51 71 70 58 21 32 48 81 10 58 76 18 52 13 48 77 43 95 42 62 26 5 67 6 43 59 96 52 99 96 32 2 73 98 63 98 44 16 18 2 56 76 20 52 91 51 64 36 34 77 87 92 7 80 24 72 20 9 59 35 26 81 67 42 13 80 87 45 54 1 29 3 68 3 33 15 63 99 93 63 29 72 12 95 76 62 1 95 69 64 77 41 49 44 13 14 22 34 
71 58 61 95 75 39 66 24 94 16 99 12 36 3 78 71 40 70 71 8 94 58 38 33 99 79 72 56 47 73 48 74 95 87 87 42 13 79 83 37 1 21 41 43 95 0 61 94 20 22 65 33 56 65 2 92 71 90 99 90 69 21 21 68 32 23 25 28 22 82 40 94 25 25 8 83 87 56 36 19 63 85 66 44 68 70 28 88 17 3 71 49 20 19 68 8 59 11 16 46 7 39 35 50 54 2 52 95 21 14 10 11 1 69 9 65 19 60 87 63 65 3 42 69 10 16 56 6 89 24 75 75 79 93 27 83 67 52 71 50 78 50 40 1 99 99 50 35 97 32 79 
75 49 87 11 33 58 62 36 68 87 25 5 82 9 81 32 33 7 75 88 50 2 58 6 35 71 72 55 82 70 38 21 14 95 60 82 96 34 2 5 98 91 33 81 29 4 0 34 17 31 81 90 39 90 54 54 66 61 49 12 92 38 55 78 24 50 97 35 1 58 14 27 27 10 73 17 92 17 52 74 95 15 72 79 59 66 4 62 24 36 5 59 3 24 82 19 8 64 84 78 81 55 15 53 64 20 11 89 1 12 31 7 34 92 3 52 93 96 38 73 12 47 9 28 14 42 96 30 59 87 79 95 42 64 35 34 41 35 7 8 96 77 39 60 50 17 12 52 34 64 28 
63 51 42 93 12 11 30 14 2 29 48 54 55 45 25 33 11 23 10 19 81 75 91 29 62 61 59 20 16 39 90 85 92 49 68 86 1 61 34 6 47 33 12 64 20 97 31 0 62 69 89 92 37 29 40 20 72 31 91 20 30 63 10 73 29 85 5 87 3 61 29 38 17 90 8 20 53 31 90 35 84 71 21 81 34 31 8 2 4 58 20 35 37 12 10 29 26 49 34 85 99 82 5 23 62 69 66 29 91 13 81 52 86 13 41 91 78 42 59 79 13 9 79 24 12 94 63 41 32 87 11 60 20 90 14 27 87 53 50 93 1 48 52 57 82 48 2 30 59 83 34 
48 47 39 29 5 42 67 4 60 89 54 34 81 7 86 48 5 83 39 54 7 13 54 66 25 99 51 24 8 64 48 5 13 41 68 91 34 41 83 2 81 44 65 36 29 16 40 61 0 50 43 83 30 29 91 58 1 86 20 9 20 81 82 46 50 58 51 97 65 89 16 49 52 44 99 29 83 19 36 42 1 16 34 43 1 4 39 67 49 46 75 99 50 5 39 53 38 37 1 70 88 70 48 99 7 7 18 88 30 70 86 83 42 25 67 94 50 99 75 35 49 77 82 74 36 40 84 65 83 56 40 91 52 76 58 30 7 5 10 18 57 55 49 14 67 97 23 18 37 88 44 
11 41 59 89 66 76 36 67 16 85 48 32 48 62 69 46 8 58 53 79 24 39 20 62 89 88 73 59 26 47 52 14 95 4 46 84 6 23 13 39 42 25 74 24 46 32 51 54 26 0 16 99 93 28 3 97 59 43 23 48 15 86 54 96 56 23 58 33 27 61 3 75 80 27 53 28 69 80 31 25 34 73 3 40 11 84 17 3 5 66 18 29 46 29 85 85 84 61 42 83 68 30 56 7 15 1 92 46 26 75 71 46 16 7 37 38 83 63 32 41 65 44 41 35 40 89 56 45 23 63 24 68 31 52 79 37 40 76 77 8 88 37 3 25 95 13 31 76 31 88 17 
82 74 72 38 57 18 67 18 59 59 64 22 27 25 98 71 71 19 78 19 50 10 17 4 10 10 82 53 75 82 22 33 28 7 11 12 54 57 5 82 6 61 21 1 42 32 38 68 93 61 0 35 71 53 46 13 10 93 18 50 97 66 41 28 66 47 87 41 49 27 51 79 9 18 24 24 72 74 24 98 3 91 74 97 99 59 97 20 74 50 76 50 54 6 66 52 91 6 41 30 46 75 56 75 22 90 95 16 1 81 2 61 59 78 78 95 88 98 74 19 18 77 80 35 89 11 33 32 11 88 91 83 63 26 79 48 7 50 19 75 32 67 27 70 99 5 79 64 59 48 65 
92 90 42 34 82 55 70 75 71 38 89 17 40 23 44 62 1 85 62 65 50 26 29 11 87 63 1 48 33 24 84 88 74 47 59 38 49 97 87 14 73 98 4 54 2 56 39 16 38 21 14 0 19 73 45 75 92 86 26 37 65 35 80 82 12 30 25 92 72 88 77 76 44 19 43 11 60 87 15 67 24 86 14 90 16 28 62 66 91 84 21 50 88 73 15 15 69 89 67 8 69 3 52 10 25 58 78 73 55 8 90 55 80 7 3 15 36 57 70 57 64 44 8 49 99 57 95 29 3 25 10 23 59 55 45 75 88 32 24 85 35 75 9 25 97 1 21 74 99 2 84 
68 21 15 42 70 5 14 70 5 10 56 8 77 23 39 85 9 88 75 42 17 19 48 7 90 24 73 54 74 27 18 96 85 54 56 82 34 51 63 32 77 35 39 44 39 43 20 7 1 71 53 22 0 16 36 98 5 8 32 53 18 79 59 13 43 61 57 74 76 46 3 9 26 25 12 14 75 14 87 48 13 4 14 41 38 27 55 32 65 72 37 90 34 13 57 30 16 53 20 11 93 23 55 57 35 81 79 60 99 91 55 19 53 15 94 48 84 66 19 75 28 22 9 23 81 12 7 25 8 14 21 26 40 30 77 40 6 41 67 14 77 17 57 30 96 91 24 92 73 56 8 
6 7 47 80 10 27 26 52 54 72 11 51 44 74 85 46 5 58 7 64 48 30 10 80 44 53 51 75 99 1 27 93 45 55 81 29 61 78 94 58 71 64 62 86 90 78 51 1 51 54 50 12 16 0 33 84 39 88 64 22 43 51 78 18 82 15 5 39 33 72 95 83 50 3 85 14 11 69 19 20 66 25 97 46 76 33 6 16 96 7 42 42 38 29 98 65 56 4 4 79 65 86 52 26 69 10 80 90 32 43 43 88 59 87 25 55 32 86 97 38 13 34 36 34 3 10 90 23 5 38 54 82 16 99 73 58 84 59 54 51 24 14 74 58 55 44 83 32 38 34 61 
73 72 98 21 98 32 29 75 11 81 66 95 86 19 70 90 65 84 20 86 42 15 94 24 72 73 31 84 99 44 52 44 72 88 91 49 83 16 46 9 65 31 22 86 9 57 19 81 8 76 99 90 24 52 0 37 85 51 5 24 17 74 26 27 66 27 14 42 19 42 98 91 92 61 40 88 66 44 73 62 69 96 3 7 63 10 59 92 16 96 46 27 55 21 27 73 78 95 80 1 33 23 49 26 74 58 63 97 80 12 7 46 28 36 2 4 79 83 85 48 71 44 4 89 43 20 20 68 55 8 24 4 8 4 3 3 74 49 94 27 7 22 43 49 68 16 59 3 58 45 67 
77 34 91 29 15 26 2 7 90 42 60 32 34 15 95 10 78 43 87 12 35 42 84 5 93 62 49 91 80 77 90 82 95 35 49 12 13 65 94 56 41 53 51 42 97 7 38 57 59 97 27 9 84 66 23 0 45 1 79 20 78 44 4 8 16 93 2 20 86 81 94 18 31 97 72 35 91 76 90 75 90 6 39 71 4 88 3 53 95 62 85 41 83 39 81 28 13 75 9 54 65 96 62 39 81 24 2 73 55 51 38 80 24 20 18 75 33 98 17 25 44 29 5 38 18 94 51 41 45 38 2 18 70 23 14 62 84 25 27 20 55 81 55 94 58 66 96 5 38 16 91 
57 57 86 54 95 17 48 11 27 88 51 31 24 57 53 91 99 55 83 83 25 42 12 46 15 57 35 5 7 96 19 1 41 3 68 78 35 10 42 88 75 60 2 77 59 96 37 9 23 32 30 44 71 27 14 44 0 54 15 34 91 52 39 76 29 97 76 55 10 48 94 98 86 68 31 61 70 54 60 86 12 60 72 20 36 1 79 47 48 60 44 48 16 19 71 51 22 59 45 55 65 1 39 19 83 50 66 58 11 84 58 21 58 8 12 4 32 32 86 67 89 21 46 23 6 96 33 56 48 50 54 41 12 12 79 65 30 53 70 66 10 23 49 74 83 53 30 55 23 47 98 
97 74 49 85 77 96 71 3 28 9 61 42 67 26 71 52 59 3 83 3 84 75 24 99 78 81 57 86 16 45 34 52 58 4 52 96 57 57 50 53 24 79 9 41 57 3 33 32 29 22 12 79 98 98 2 64 26 0 32 62 56 13 14 6 27 94 14 85 31 44 9 84 94 55 49 38 46 72 96 26 28 31 85 42 57 95 23 44 71 83 10 1 8 71 22 51 97 25 81 11 18 38 83 38 25 57 36 48 59 2 64 14 1 2 11 34 43 1 16 8 99 14 10 47 4 86 75 12 92 35 1 74 58 28 90 24 99 51 94 78 41 45 44 34 55 64 70 76 42 26 90 
82 20 90 6 88 60 32 34 44 31 6 86 22 90 81 36 86 84 52 7 7 83 96 26 87 11 15 96 86 65 22 83 47 23 12 22 43 6 96 29 93 51 18 21 36 5 50 91 61 8 85 72 81 99 96 99 41 48 0 67 34 95 54 69 41 94 64 63 35 41 50 20 79 62 62 54 86 45 55 74 73 18 66 16 90 20 97 54 22 52 47 29 69 50 30 86 38 54 73 40 59 68 59 67 77 58 90 68 60 44 44 73 43 86 61 7 33 7 70 17 80 98 49 78 25 14 36 51 49 47 33 55 28 1 39 13 82 74 26 31 42 38 66 49 41 64 53 22 65 94 72 
39 90 90 69 78 11 59 93 4 75 25 92 94 63 94 17 49 92 97 49 38 99 69 95 83 90 93 41 4 95 10 13 10 4 21 94 50 66 69 11 64 25 1 12 88 46 6 91 44 70 58 26 51 4 11 52 90 15 9 0 45 58 21 4 78 97 85 6 63 7 85 81 57 12 74 66 53 39 99 34 69 73 81 11 47 35 21 71 76 42 40 23 94 48 96 53 76 64 91 42 15 95 23 95 2 92 75 16 84 96 36 71 7 39 60 76 93 45 4 71 40 63 2 74 77 94 93 33 73 92 40 79 14 30 10 29 70 13 24 49 31 71 24 55 77 50 28 28 50 97 80 
6 52 53 17 81 37 40 85 86 47 63 84 89 37 17 43 86 47 55 21 87 88 64 62 15 2 40 55 4 1 19 61 21 93 67 70 9 3 41 11 18 6 19 96 1 35 96 88 7 8 38 90 95 79 82 44 65 3 92 48 0 67 18 12 22 20 4 31 57 57 80 66 16 48 45 50 17 4 51 15 15 57 15 54 76 70 55 91 53 65 90 77 60 2 82 16 70 13 63 39 21 65 61 99 80 8 21 35 66 45 24 63 9 35 42 14 42 68 47 47 98 38 29 88 44 22 35 38 57 79 31 62 12 27 48 48 56 24 3 41 27 68 26 8 13 23 80 57 97 73 19 
57 1 31 99 3 59 72 51 40 16 66 24 35 60 80 93 6 91 41 46 72 85 86 97 5 26 56 53 98 28 70 43 68 11 60 9 70 62 89 83 51 2 55 93 54 31 79 43 43 2 33 40 19 30 85 89 71 35 2 55 55 0 46 33 90 16 48 10 89 13 46 91 70 67 86 8 71 17 7 55 1 62 52 70 67 52 5 53 69 6 83 91 74 84 35 60 68 29 20 86 79 64 61 24 19 98 97 26 78 3 38 16 6 74 39 85 3 59 15 31 46 78 56 71 33 97 48 24 71 9 37 7 33 21 37 68 92 54 46 53 6 27 23 38 56 30 94 37 49 94 74 
60 62 98 37 1 65 87 69 49 69 88 39 20 82 49 4 84 80 42 18 11 22 68 2 12 60 84 91 13 26 60 61 11 81 51 9 78 62 20 83 31 89 11 20 8 98 27 78 32 2 97 43 16 39 52 64 79 35 90 36 51 30 0 63 57 11 57 83 7 75 85 46 4 41 67 36 77 18 8 41 12 55 38 75 50 63 76 57 96 24 89 26 94 59 15 59 94 73 73 17 46 58 36 3 93 31 60 81 17 17 14 37 14 11 45 98 87 78 26 15 79 93 83 26 35 15 80 84 86 72 8 12 97 25 11 87 85 21 60 25 61 50 74 14 78 35 54 63 86 16 28 
15 67 44 89 62 71 34 44 75 38 51 48 23 58 88 2 41 78 46 63 24 75 14 32 7 99 90 34 87 12 46 34 95 74 77 30 49 4 74 38 93 10 48 27 99 88 81 32 73 3 17 86 13 88 10 84 9 94 84 61 83 64 79 0 38 30 73 14 15 27 83 78 45 75 15 69 75 27 18 52 94 64 64 73 30 43 49 8 40 95 8 28 47 68 13 87 44 65 40 82 65 88 68 76 78 49 77 54 36 22 15 13 86 63 38 32 35 84 21 83 31 41 70 15 25 85 13 41 5 20 47 68 41 62 14 13 1 12 80 44 54 28 85 11 18 13 80 84 52 39 61 
19 90 64 72 32 81 21 27 47 75 31 59 20 80 21 16 66 17 25 92 43 35 65 60 55 24 75 98 42 16 75 80 14 96 3 56 75 24 11 72 14 68 9 61 90 69 91 27 83 90 13 18 74 60 87 70 61 25 32 57 30 34 73 42 0 11 26 44 90 25 82 95 82 41 52 2 97 72 91 11 56 81 30 9 33 76 32 17 18 18 39 10 95 63 29 47 23 84 9 4 25 35 53 24 76 49 57 33 77 74 67 3 3 29 87 64 37 46 54 12 55 99 32 81 83 38 20 4 1 53 28 48 68 61 89 75 39 68 68 85 43 97 88 51 75 24 65 55 73 47 19 
3 62 10 67 10 92 35 31 29 99 6 27 46 73 44 66 22 3 10 37 66 88 32 95 64 14 35 7 85 28 78 70 44 33 23 87 48 47 76 60 27 6 67 92 18 10 99 76 3 41 69 20 70 80 90 50 61 71 37 35 17 33 82 61 40 0 55 41 49 57 37 35 84 92 85 92 48 37 84 33 80 28 30 26 8 81 40 44 82 60 39 99 43 15 79 79 7 88 29 14 89 77 53 90 98 79 9 20 30 28 26 36 80 44 45 68 72 4 65 13 95 63 96 79 56 78 17 45 11 54 2 84 43 31 70 20 24 20 92 36 56 90 58 33 78 20 36 78 57 65 45 
82 37 26 60 65 29 82 63 59 64 5 70 13 61 28 75 86 70 18 4 15 17 4 10 62 96 91 16 56 34 24 96 38 15 99 36 46 54 23 64 70 32 71 62 35 34 72 96 64 53 84 56 14 70 56 97 46 6 86 72 98 5 30 70 82 72 0 15 92 60 4 22 93 11 90 87 54 28 18 41 59 27 70 51 8 58 71 77 49 67 63 35 81 4 48 84 3 25 34 11 46 32 32 67 83 28 36 58 84 85 30 24 29 15 48 13 27 88 61 39 29 79 88 35 55 2 23 41 50 78 68 49 78 53 37 16 14 31 52 48 86 88 46 23 98 32 18 47 72 10 26 
58 14 76 21 72 67 74 43 92 50 63 25 43 24 34 70 94 34 82 51 25 73 30 1 31 42 22 15 71 76 58 15 24 58 96 69 60 64 46 58 8 43 50 58 73 72 74 92 57 98 55 43 61 84 85 61 84 81 88 71 79 8 38 63 78 47 33 0 86 65 85 85 47 13 53 84 84 8 39 69 8 47 38 83 59 66 86 14 64 63 38 88 15 68 76 83 43 94 59 95 56 31 82 14 42 21 73 3 4 55 27 50 10 95 74 49 54 51 77 84 19 88 55 62 47 1 33 56 44 47 32 13 22 7 72 27 29 71 9 91 26 12 3 96 12 92 12 5 11 92 75 
77 75 67 53 73 38 86 21 54 54 84 93 73 41 29 51 31 15 29 16 30 85 35 10 40 40 20 39 23 69 99 46 69 5 12 20 9 20 77 15 38 62 23 8 40 36 59 91 54 2 27 51 42 38 73 35 95 73 79 12 87 45 39 33 11 37 80 25 0 20 6 68 35 57 23 33 56 27 39 25 21 71 59 75 83 72 45 53 96 85 55 94 85 92 97 83 68 70 51 75 67 56 35 2 48 45 69 37 8 13 35 49 50 6 80 35 49 94 90 59 93 15 32 96 67 71 37 62 49 46 9 68 44 39 33 31 14 52 82 10 33 68 4 99 30 35 11 42 29 23 97 
8 33 61 98 23 37 63 18 37 75 10 1 36 7 37 85 87 57 30 68 60 38 74 64 3 98 14 98 36 72 69 23 13 17 18 87 31 40 7 66 73 15 31 62 82 13 25 10 69 80 20 99 80 60 36 49 36 50 38 53 66 5 54 39 83 24 98 96 96 0 47 2 33 46 82 31 50 42 46 93 24 39 4 51 67 45 9 48 4 72 11 7 5 14 49 86 64 62 66 15 20 95 36 53 48 85 53 83 44 2 84 5 44 51 18 62 18 30 74 53 54 38 67 17 2 34 27 73 81 83 73 61 21 22 89 25 81 62 27 87 41 7 70 73 33 56 56 71 79 35 18 
22 36 66 95 81 30 19 40 56 61 92 39 94 85 43 34 98 91 83 87 70 30 98 83 19 3 48 11 71 8 39 1 66 46 41 73 77 8 10 39 98 31 68 95 26 88 44 90 37 54 52 61 48 36 20 82 50 40 11 50 7 5 99 90 9 90 35 17 88 24 0 5 6 35 50 34 28 31 59 61 88 31 78 18 2 12 28 50 96 54 29 88 57 20 95 65 56 17 9 74 37 94 79 63 44 79 22 23 58 14 99 90 99 99 84 84 92 36 90 28 64 83 48 21 71 63 30 34 66 22 1 69 36 77 17 64 41 67 79 78 35 94 56 15 49 95 74 23 65 74 28 
34 51 56 37 56 59 49 30 2 13 82 47 33 7 95 12 39 22 8 5 70 9 45 15 72 67 10 31 97 17 37 72 22 63 36 48 61 78 76 35 11 54 88 46 32 87 53 10 68 39 53 95 98 38 25 95 34 1 16 93 46 64 9 68 8 58 20 52 68 64 64 0 80 99 41 98 49 84 25 76 85 11 87 9 20 16 50 96 21 70 96 73 35 98 74 10 33 47 90 10 28 53 48 71 24 4 28 32 27 49 17 49 79 55 65 58 57 33 49 24 29 97 63 60 38 14 16 4 79 13 94 74 59 58 16 45 64 94 97 99 9 98 52 32 88 74 56 48 36 8 53 
35 45 19 5 81 63 30 60 78 91 67 99 66 55 95 35 54 8 51 2 26 9 4 57 66 19 94 10 28 73 4 30 46 41 91 24 9 3 37 80 61 97 78 86 65 83 11 27 36 73 68 71 43 80 63 97 1 27 39 73 92 77 97 89 70 19 28 11 80 5 8 76 0 23 52 63 39 85 54 7 97 53 88 22 90 15 69 33 31 53 58 31 79 40 37 83 46 62 88 91 6 72 44 56 63 21 9 60 61 50 78 58 17 63 94 91 92 45 51 9 78 41 38 28 99 75 25 15 1 68 33 21 61 57 1 41 98 95 6 20 79 60 12 84 69 7 24 98 7 81 56 
38 96 79 22 69 20 10 58 65 93 81 43 51 34 81 79 15 90 31 90 75 85 50 97 76 75 17 45 79 83 48 81 34 93 27 58 35 5 64 41 82 62 69 1 70 62 31 73 67 6 32 51 47 50 29 93 47 47 48 84 17 63 86 56 58 58 6 35 8 81 45 2 56 0 4 26 78 86 12 35 52 90 81 25 26 71 10 54 26 57 84 71 26 12 89 64 77 90 16 55 7 15 61 95 2 26 50 86 64 77 78 88 81 94 42 47 31 20 52 3 28 38 8 5 10 16 83 76 5 41 1 92 38 59 16 22 41 86 73 84 98 27 35 23 72 73 55 96 88 31 96 
73 48 47 9 31 48 58 69 55 11 72 3 72 39 85 15 94 94 98 41 66 77 50 37 53 51 51 37 3 64 49 87 85 78 34 4 30 26 87 4 98 48 49 54 66 13 77 42 55 76 46 14 71 13 66 94 95 1 26 55 27 68 13 9 13 25 74 71 96 79 3 38 53 34 0 13 54 8 33 75 72 95 30 92 12 44 70 44 2 36 92 33 12 21 34 24 58 42 84 50 41 29 61 74 49 43 34 26 50 56 15 61 19 32 70 9 1 34 6 12 58 83 63 25 91 16 22 20 17 64 84 83 85 86 43 28 43 27 21 41 46 14 36 15 76 99 37 89 81 28 56 
29 15 71 34 82 74 71 22 76 37 58 86 41 71 1 10 80 43 90 13 98 86 8 72 77 52 18 82 53 60 93 51 12 12 28 73 38 74 97 15 63 41 28 75 39 51 53 8 97 15 98 60 33 53 43 78 31 92 66 6 63 14 27 42 80 10 23 45 35 96 22 92 9 78 40 0 11 3 15 8 72 16 81 56 61 85 29 58 46 43 7 55 31 4 18 21 9 79 18 90 21 96 96 75 18 9 48 45 49 82 12 7 43 68 26 52 56 6 21 84 17 98 96 53 79 18 87 39 60 40 94 92 63 47 3 71 48 64 20 74 90 60 45 50 13 29 8 13 4 24 58 
91 74 65 28 11 99 68 23 54 18 39 87 19 55 29 55 12 39 49 45 69 54 74 36 80 20 22 2 92 33 52 19 69 2 58 54 59 34 7 39 31 83 95 42 66 45 49 68 10 38 64 55 86 74 1 64 60 69 27 77 52 45 96 5 92 15 52 55 75 51 60 43 52 71 31 77 0 34 64 63 81 72 97 90 93 4 89 20 38 18 96 77 44 28 84 59 81 19 19 74 72 5 55 69 25 66 15 33 24 25 34 61 71 91 71 91 20 34 40 63 11 64 76 9 76 96 18 25 52 74 18 54 49 7 3 98 12 54 44 79 70 49 47 22 51 39 21 12 46 17 66 
11 9 92 69 89 1 50 31 83 57 2 37 8 24 8 77 25 41 78 58 88 61 99 79 90 44 3 49 49 12 83 49 16 50 69 4 60 11 86 74 43 17 32 90 60 7 7 83 74 20 23 18 32 55 27 36 15 97 21 62 28 55 94 72 83 31 14 33 15 31 22 72 40 69 44 13 31 0 47 60 42 4 31 21 4 85 79 1 96 40 51 70 18 45 69 40 54 73 44 68 89 32 34 86 95 49 13 65 90 58 3 73 83 54 51 51 31 3 32 53 60 74 69 11 35 97 45 15 62 89 49 79 18 87 2 51 67 39 63 79 55 49 28 94 54 35 66 81 93 87 23 
41 33 17 60 94 10 35 22 84 98 21 5 10 14 64 87 91 21 38 40 99 52 1 86 70 40 87 46 95 83 20 11 2 73 95 28 46 49 39 57 70 2 38 21 68 27 39 86 92 59 68 99 71 76 82 4 38 82 67 3 27 80 62 76 59 90 80 92 9 62 64 58 53 24 13 16 45 29 0 80 75 69 85 71 90 15 76 97 66 86 18 80 10 28 70 17 69 39 67 49 4 32 70 82 51 91 68 96 92 9 10 59 19 32 54 50 66 83 23 87 48 35 86 66 69 45 50 87 50 12 73 52 46 38 57 84 11 93 31 82 56 53 99 86 70 25 55 1 37 53 87 
45 5 60 21 28 84 32 94 85 45 84 62 18 11 45 82 97 17 89 92 81 80 91 11 79 80 83 68 78 72 27 87 72 45 64 11 6 21 2 13 69 39 78 60 26 86 32 76 72 13 17 44 8 80 97 38 3 49 75 52 16 80 87 22 58 41 23 44 3 69 53 38 28 96 33 15 94 37 3 0 78 50 47 96 31 13 28 27 15 53 11 11 19 89 72 91 45 62 42 19 3 24 79 34 84 97 22 68 73 88 19 41 1 97 32 98 82 43 46 25 46 13 3 68 48 86 53 19 37 86 92 86 51 85 30 61 81 59 68 34 42 10 31 28 47 84 30 84 17 77 86 
16 19 43 3 38 11 39 98 96 16 44 26 76 33 33 30 42 16 22 19 32 18 63 94 2 76 15 93 85 79 14 49 96 61 29 99 33 60 36 27 89 18 18 74 23 37 71 98 21 77 2 63 34 47 1 81 37 84 4 81 94 77 90 58 5 94 55 13 68 44 83 91 59 27 20 65 72 83 95 56 0 7 85 8 92 6 30 98 93 92 3 91 11 8 88 4 26 72 16 91 14 49 72 68 15 18 46 70 57 99 25 93 19 59 46 16 76 54 29 81 61 97 38 23 70 6 15 76 55 79 1 62 25 10 18 9 63 46 7 47 28 44 6 35 84 51 60 99 97 64 39 
90 87 62 72 26 12 67 45 77 23 36 91 2 76 39 83 23 64 51 19 51 98 30 27 84 71 19 58 50 45 73 98 12 56 3 85 32 73 52 60 87 24 45 87 48 72 5 78 87 51 46 40 81 49 47 91 72 48 47 47 8 7 24 91 48 71 24 81 51 30 38 5 15 79 3 43 25 61 81 95 75 0 77 91 13 53 18 4 82 24 54 8 3 9 97 55 2 96 90 2 75 84 62 23 36 31 49 21 36 15 98 87 15 59 98 54 7 72 28 63 75 51 95 49 27 77 66 17 97 25 81 58 4 53 78 14 58 19 12 92 51 85 42 74 60 52 24 49 80 6 4 
31 63 90 7 11 58 34 82 16 3 80 57 22 70 18 59 2 73 85 82 65 59 33 22 46 91 44 15 48 95 29 87 96 94 91 65 59 82 91 15 86 96 79 61 60 97 85 11 53 83 21 30 36 89 60 10 33 36 86 78 10 44 58 47 56 46 1 62 42 13 52 25 7 1 8 5 3 17 5 54 56 70 0 65 8 14 25 46 52 33 74 87 45 47 73 38 81 84 4 20 2 13 71 49 13 94 74 83 8 80 25 73 92 75 21 14 86 18 18 91 76 7 42 13 18 67 14 47 12 49 52 69 88 40 57 94 95 26 54 43 47 10 44 73 16 25 84 71 79 11 26 
55 34 60 88 51 85 8 14 27 42 23 57 44 52 56 15 17 20 78 24 95 37 99 14 94 4 49 71 12 31 72 30 15 15 79 22 33 18 14 54 72 77 56 61 38 81 4 59 33 35 71 9 74 65 8 67 45 90 97 40 6 81 49 30 97 92 16 32 20 85 58 25 26 60 37 81 78 57 44 9 8 89 93 0 54 34 38 99 84 20 49 12 51 70 18 8 51 47 47 16 31 70 36 95 93 86 9 29 82 80 13 67 18 42 48 81 97 58 58 52 49 4 64 9 19 1 66 83 1 45 50 88 94 79 42 50 11 15 79 56 76 74 72 35 24 57 59 2 90 53 90 
24 86 56 70 16 84 8 84 74 84 26 80 16 63 98 83 7 40 34 24 17 48 74 15 39 13 40 90 39 47 60 7 72 14 93 85 24 61 89 81 76 38 68 12 92 90 56 38 73 71 94 68 14 93 69 70 27 72 82 46 59 65 49 86 13 2 16 23 65 14 14 62 90 63 74 20 77 82 79 29 32 89 26 21 0 60 62 22 94 35 45 75 5 6 59 66 60 47 25 8 95 67 83 75 62 25 27 81 59 36 3 73 15 67 38 78 12 55 2 24 77 73 46 78 26 75 45 32 78 99 26 7 21 9 32 48 31 90 45 54 75 23 22 84 7 77 7 1 73 44 89 
65 32 53 52 1 96 75 73 12 91 14 97 5 70 42 32 72 87 38 88 76 16 54 9 97 33 88 29 81 29 62 60 59 17 72 77 59 21 85 11 31 76 43 24 79 75 23 83 86 18 15 84 69 69 28 31 99 70 94 82 24 66 23 36 80 6 33 12 89 2 19 61 65 42 79 38 70 73 86 24 23 4 48 61 34 0 33 96 35 92 85 77 74 61 97 66 94 74 8 17 37 76 81 59 39 72 4 17 20 43 71 22 7 44 68 89 90 35 29 82 6 69 30 1 89 93 91 32 12 19 5 91 53 33 7 48 60 62 91 68 80 97 48 94 59 62 8 61 7 87 70 
43 41 61 60 38 84 85 67 56 71 16 95 39 49 28 9 97 31 67 86 15 16 65 76 29 35 66 12 20 25 78 64 30 92 57 29 53 9 13 45 40 39 91 89 82 54 95 5 34 42 45 94 80 17 51 59 78 39 59 52 47 39 23 17 76 25 72 10 26 79 57 32 75 83 10 49 31 92 58 37 88 71 67 45 80 1 0 6 49 45 93 61 37 5 68 22 90 90 52 54 44 66 90 59 16 6 84 27 51 33 82 83 22 83 48 39 56 73 76 77 93 88 64 77 51 63 30 46 40 89 1 32 91 34 18 45 71 43 22 12 37 63 57 74 64 65 4 40 33 90 63 
86 75 56 32 38 58 63 80 83 10 42 62 86 64 58 73 34 84 42 31 64 76 24 2 9 41 44 91 65 78 68 28 81 3 2 42 78 24 27 49 45 50 48 87 7 30 53 13 61 57 75 57 79 79 24 92 44 3 68 35 52 80 18 19 61 74 59 17 1 10 17 79 88 67 92 91 96 21 83 48 60 85 61 26 65 15 49 0 37 57 69 36 66 88 25 32 1 76 77 76 24 12 81 78 45 7 83 89 26 44 10 51 91 86 65 83 52 22 13 51 66 33 57 87 37 84 47 1 79 67 48 25 41 23 97 35 59 20 99 86 77 36 48 84 35 74 23 24 21 43 65 
74 8 8 70 21 47 16 26 79 56 69 84 33 15 46 99 86 15 38 82 8 89 53 41 36 61 74 7 92 32 77 77 65 69 44 48 55 85 11 95 66 39 51 37 47 69 82 55 69 87 71 52 44 14 1 17 16 77 9 79 18 8 7 71 66 51 91 60 63 30 45 46 74 17 61 92 81 58 56 47 59 44 76 72 70 5 75 38 0 26 73 58 80 80 88 88 78 47 83 17 13 67 95 31 2 91 13 70 70 95 77 39 35 24 53 80 7 95 50 34 45 38 9 12 80 79 85 85 78 51 77 75 75 84 34 32 71 93 84 20 38 77 73 74 87 66 24 18 77 45 28 
70 21 55 22 28 2 23 71 45 27 15 25 65 97 69 98 76 15 23 11 90 9 17 71 48 5 83 88 72 32 87 47 91 35 27 20 14 12 7 80 95 13 31 20 12 40 93 87 22 57 8 51 65 20 36 41 7 20 29 42 22 57 60 54 55 72 84 26 34 4 3 3 47 49 45 11 18 26 75 21 13 3 10 54 98 66 33 72 68 0 31 6 39 44 22 36 65 84 84 20 18 44 35 26 60 22 75 27 24 10 19 42 89 26 61 84 58 24 37 84 32 24 3 14 88 65 62 59 20 35 16 39 77 53 4 5 84 55 72 75 75 32 99 68 81 92 25 71 22 5 33 
48 49 39 12 25 63 72 7 13 3 80 41 50 94 63 44 96 52 30 4 43 2 2 53 79 62 3 80 93 14 80 13 24 95 49 42 76 56 94 78 34 5 76 43 94 52 54 11 3 82 89 18 88 62 80 42 12 51 64 56 88 88 14 29 30 79 9 99 37 58 41 62 23 92 68 18 55 17 39 41 67 57 95 64 77 7 27 18 39 22 0 54 98 57 2 61 24 87 20 44 99 3 55 69 50 54 5 32 22 76 90 75 4 86 64 12 68 73 38 35 34 23 63 62 63 41 85 89 31 92 35 39 58 79 32 28 5 6 5 29 31 98 51 15 68 64 65 37 5 86 55 
5 61 12 71 7 18 88 32 55 44 60 71 57 64 25 74 70 13 13 90 53 58 8 53 83 41 77 73 11 44 60 62 86 96 29 45 2 19 52 27 45 55 16 35 41 93 20 32 51 48 48 73 36 13 84 48 56 4 93 36 77 82 19 60 27 24 56 42 12 83 71 57 23 74 25 87 55 2 83 4 70 19 86 37 15 44 77 45 92 74 58 0 36 9 45 7 2 2 79 23 81 70 15 54 85 91 33 98 27 34 28 79 73 89 73 87 18 2 92 59 46 31 30 20 43 77 92 68 49 67 81 28 23 92 31 97 49 18 49 98 36 52 19 23 39 88 84 9 88 11 67 
10 45 27 66 56 95 4 68 28 92 98 51 13 3 19 71 15 62 82 45 78 14 3 1 85 60 92 18 71 59 37 78 80 44 99 89 48 76 47 69 87 7 81 64 48 68 12 11 55 37 48 28 73 59 77 90 83 10 48 57 61 66 59 73 80 69 65 31 37 57 35 12 47 84 43 3 57 30 17 18 82 80 15 40 82 70 72 68 24 40 98 31 0 33 26 53 64 37 18 85 30 76 71 63 79 19 21 6 51 38 50 83 5 43 64 99 5 10 85 11 65 79 68 38 71 85 36 37 16 5 63 3 22 23 49 82 86 40 44 18 65 82 79 69 13 10 37 13 4 77 73 
68 79 97 18 54 30 17 49 86 49 29 36 52 77 48 72 54 60 54 17 98 88 93 45 9 94 30 60 85 63 42 6 47 60 33 3 73 76 64 18 15 97 19 86 98 16 77 77 83 87 69 81 58 53 50 6 33 6 89 40 25 98 55 38 79 85 12 47 6 29 50 18 83 4 59 99 87 25 56 72 5 60 19 60 85 31 56 32 24 20 24 33 15 0 54 81 91 55 43 67 18 29 50 36 22 62 98 53 40 89 58 46 16 51 42 55 14 37 63 88 84 66 73 85 48 61 13 44 82 36 69 7 97 54 22 90 97 59 66 92 48 52 55 95 80 98 68 71 37 41 98 
38 79 70 63 72 31 70 40 23 48 68 12 90 29 12 42 30 44 63 41 13 22 45 65 36 17 12 56 7 99 94 32 45 57 3 5 44 11 41 94 40 75 39 74 42 10 58 36 31 69 71 31 18 83 61 92 85 38 24 4 3 18 64 59 61 93 48 76 75 83 64 9 40 12 79 79 93 12 55 80 36 3 78 50 3 8 20 52 9 21 30 86 53 42 0 47 18 81 77 13 21 77 34 89 49 80 48 43 18 1 51 96 34 50 68 23 19 81 16 17 54 43 55 67 46 76 67 96 93 92 89 13 77 9 76 3 99 82 89 56 68 21 6 59 88 97 81 80 97 97 98 
59 82 63 61 82 68 21 56 87 35 87 77 12 19 60 72 41 92 40 64 70 18 70 31 67 17 35 90 31 31 13 4 85 67 44 6 4 35 97 67 7 7 52 15 64 41 50 1 39 64 78 49 69 6 86 66 94 93 10 5 67 53 28 88 77 10 59 49 30 46 23 24 40 92 2 44 65 49 71 53 49 90 53 29 74 5 71 21 90 97 29 84 74 32 83 0 74 38 69 1 59 36 19 62 88 65 66 30 13 28 50 59 31 6 4 28 22 78 30 80 88 20 26 81 79 63 42 11 86 60 37 86 26 2 14 21 21 44 45 63 96 98 91 75 20 96 60 29 37 21 96 
41 78 14 77 39 86 37 99 81 54 53 93 3 15 15 76 55 1 55 59 77 3 99 12 67 60 52 39 48 72 36 88 33 37 75 43 16 16 27 24 46 48 8 25 24 74 73 95 98 91 70 27 44 20 99 17 22 41 44 55 20 44 3 33 13 54 36 28 88 27 8 82 28 59 3 72 80 98 72 29 44 24 68 63 62 63 50 97 86 25 69 2 24 93 98 63 0 71 34 34 76 97 10 86 53 61 63 21 93 94 38 89 83 6 97 37 45 36 16 8 68 67 97 99 80 28 78 60 98 97 26 67 61 81 1 89 71 23 62 42 87 94 8 31 63 87 48 22 53 50 28 
67 29 73 80 10 2 98 69 91 45 75 41 60 94 99 77 45 29 52 37 27 97 47 2 82 58 98 3 72 28 65 82 83 98 48 32 77 27 93 1 30 92 87 57 47 90 67 8 13 14 56 73 50 40 95 12 63 17 53 62 78 53 92 52 14 14 40 24 37 25 3 58 34 96 70 87 82 25 24 2 33 98 81 40 1 53 10 29 88 56 78 26 51 98 49 30 68 0 58 62 73 77 46 65 3 41 66 40 89 4 26 17 48 93 62 88 6 58 40 94 10 1 99 22 18 26 6 43 87 54 60 39 7 96 77 44 62 61 63 29 30 47 79 99 60 90 11 86 16 81 3 
80 33 33 9 31 46 3 50 21 41 6 31 68 99 38 35 23 72 31 64 96 89 85 43 89 5 56 56 76 92 94 49 65 84 29 59 74 68 13 8 68 27 54 77 37 18 2 20 47 96 41 9 66 20 32 10 5 5 81 59 80 82 89 79 89 28 59 98 43 69 46 71 58 52 16 39 87 9 46 20 98 58 84 60 87 84 43 97 79 23 84 81 62 72 82 23 73 4 0 58 13 89 60 55 4 99 90 96 12 76 97 46 59 68 23 52 64 10 44 24 81 43 60 8 29 79 11 56 42 71 44 48 74 35 75 50 43 8 98 45 70 67 49 19 54 13 5 3 24 72 3 
57 16 57 15 96 7 31 37 47 66 38 2 34 95 67 99 8 41 58 22 79 76 84 68 70 99 5 59 30 3 47 51 57 58 32 96 92 40 14 38 35 87 31 90 69 7 3 56 4 31 10 63 88 25 98 19 8 16 74 22 6 87 65 83 19 25 60 42 11 4 98 9 64 93 54 68 47 6 66 74 16 57 46 69 60 75 83 40 74 49 97 32 28 67 11 58 35 82 77 0 6 33 95 85 1 31 18 10 90 78 4 37 55 47 94 68 97 72 98 60 69 60 5 30 37 79 57 32 18 29 5 23 16 83 64 46 1 88 40 7 44 13 70 99 2 41 32 89 41 22 7 
5 58 44 51 80 51 20 9 63 31 20 33 19 13 46 72 81 56 59 81 55 74 92 23 91 89 1 19 86 57 76 84 28 96 71 25 78 76 96 32 96 75 16 22 29 86 55 23 67 15 69 28 68 90 71 62 73 95 21 70 63 86 1 35 80 56 96 27 28 11 46 89 50 62 34 75 23 73 94 82 39 25 66 3 69 52 43 68 18 93 41 3 83 7 86 61 98 87 96 81 0 15 88 50 54 95 91 81 73 50 40 31 21 85 63 23 36 8 22 94 29 36 89 58 44 63 97 76 16 75 26 78 21 98 21 4 38 25 87 14 34 18 15 96 31 77 68 90 31 25 96 
25 47 18 18 10 30 35 49 19 87 49 77 18 19 47 86 41 1 86 30 29 46 19 62 33 21 1 92 42 24 90 87 13 32 5 47 4 73 62 10 62 22 38 5 96 94 45 87 81 65 43 25 90 52 2 48 99 7 4 78 34 70 29 23 37 95 57 30 93 24 30 20 78 67 1 49 11 6 51 77 28 70 53 25 55 13 53 86 14 51 70 46 13 74 29 26 43 2 69 77 63 0 81 71 47 55 91 75 79 36 75 59 36 88 27 67 70 73 4 21 43 68 43 56 41 89 95 20 27 99 23 90 89 2 22 79 99 97 66 44 28 39 80 6 3 79 11 40 37 27 17 
83 82 63 74 84 99 83 32 23 75 86 96 79 50 76 15 22 33 58 41 87 22 47 1 49 65 18 3 2 59 82 88 2 65 27 1 75 90 41 81 37 98 46 3 93 47 54 75 48 17 39 23 43 22 4 18 8 48 67 13 9 2 33 49 44 91 17 22 21 7 85 85 63 16 75 93 30 79 82 93 38 29 69 35 90 86 98 51 14 74 10 2 71 31 50 32 1 48 63 99 14 10 0 88 32 2 9 61 59 23 34 27 4 68 64 2 92 32 61 24 7 53 34 83 48 53 8 78 70 38 98 63 18 72 59 80 48 48 71 98 37 77 68 80 8 20 52 6 39 72 8 
9 85 38 53 92 32 69 53 36 33 90 40 93 75 74 84 49 39 31 61 47 66 92 14 96 98 44 96 10 13 29 1 74 12 28 95 44 28 1 21 67 98 3 3 93 52 4 22 65 6 6 81 55 67 48 70 3 40 31 23 96 29 76 62 41 64 92 11 5 18 24 65 42 55 3 29 38 47 72 75 44 99 48 88 13 47 3 5 18 44 6 41 42 44 88 98 21 88 75 49 71 28 38 0 85 76 23 44 75 58 42 31 50 29 5 68 10 35 65 18 24 82 19 30 60 78 97 5 94 34 68 94 16 51 83 13 2 38 99 54 8 59 49 20 43 14 47 59 20 64 85 
16 81 90 66 11 50 5 33 85 25 78 85 78 14 4 9 82 25 34 57 41 28 7 84 28 69 88 73 62 11 42 45 95 78 30 18 38 88 38 29 77 5 48 54 58 66 54 53 76 26 21 3 34 10 55 44 59 22 73 26 10 27 32 55 38 10 63 26 56 65 15 70 77 70 98 44 99 63 59 45 11 21 27 4 47 90 79 1 74 31 63 10 66 96 44 3 6 18 42 35 48 10 36 8 0 12 66 97 29 72 76 24 62 12 68 56 32 41 31 7 58 66 34 12 29 27 47 91 52 61 77 44 29 55 26 68 81 60 38 69 98 9 18 69 1 59 94 92 74 75 50 
29 21 70 30 33 74 53 95 46 63 4 9 72 95 56 36 75 20 38 2 16 54 15 85 71 30 54 60 35 75 39 95 90 70 95 50 82 21 95 41 28 99 59 87 62 65 11 97 23 79 55 29 86 16 85 76 43 55 92 11 26 96 28 21 25 30 12 44 52 6 36 35 76 51 62 48 85 86 51 60 69 36 40 22 93 94 65 78 12 48 84 45 24 96 41 46 58 96 6 76 27 10 25 96 55 0 69 82 20 97 42 40 39 28 37 95 9 80 75 75 53 2 5 87 13 70 17 48 24 58 55 36 33 94 26 60 22 47 60 46 37 48 75 51 33 2 42 65 95 45 94 
13 11 69 62 65 44 20 18 78 64 83 21 59 11 79 13 80 36 38 7 96 60 44 4 77 34 27 31 76 68 33 76 75 51 69 53 42 80 60 96 6 16 10 63 24 13 84 24 80 29 70 80 74 60 10 70 59 72 16 12 43 25 63 66 83 63 59 38 32 30 41 86 72 99 54 64 95 30 47 32 30 49 40 8 40 81 90 50 83 18 52 97 22 99 26 82 54 39 74 66 91 46 50 35 22 70 0 30 49 78 47 25 48 55 34 4 90 68 27 85 16 58 68 56 75 89 71 68 33 79 54 26 68 45 25 3 57 19 93 71 25 44 62 35 33 45 8 55 23 75 99 
65 69 28 81 81 43 63 63 37 99 94 97 43 80 51 9 94 42 90 5 89 83 22 45 58 66 60 55 51 64 18 41 65 65 10 89 7 96 82 62 16 36 61 44 82 93 90 79 17 70 43 12 92 44 10 19 88 17 15 86 34 9 46 30 96 95 92 41 41 89 20 12 93 74 64 68 79 33 38 18 56 27 94 3 41 22 84 3 88 65 39 51 2 93 59 91 31 74 24 87 80 55 80 10 42 51 41 0 86 77 31 95 46 91 40 92 56 98 1 96 92 43 64 98 43 93 54 10 86 53 90 51 29 2 53 4 5 19 23 21 15 18 39 6 26 69 53 34 57 47 74 
8 82 4 54 54 6 65 42 62 29 16 43 13 69 95 25 36 74 44 10 78 30 54 48 64 27 72 73 25 33 46 43 9 16 77 10 29 12 77 35 39 89 68 59 25 90 33 22 27 11 57 10 66 44 1 41 75 36 80 32 86 61 51 78 88 52 89 70 16 80 25 43 61 81 31 45 1 38 31 15 92 13 29 2 33 28 49 14 22 38 60 27 64 89 99 65 49 66 45 34 19 23 32 21 28 30 59 32 0 63 33 89 77 37 92 93 97 56 85 58 26 38 26 17 20 72 6 94 72 40 1 18 7 78 19 15 24 26 91 59 56 73 72 73 61 61 17 36 89 84 48 
39 13 25 44 62 15 8 43 43 89 15 88 57 34 52 52 18 6 51 80 42 42 71 68 99 38 9 11 66 44 96 91 17 73 73 3 43 70 17 5 95 24 13 38 42 67 75 82 97 8 14 84 66 31 43 87 37 94 25 8 45 6 1 69 50 91 30 28 53 87 50 3 28 65 43 84 89 46 89 90 96 74 13 11 82 41 26 21 20 12 50 10 51 72 92 18 53 20 50 27 89 55 62 19 71 62 7 96 35 0 97 59 71 59 26 70 46 16 40 75 30 46 33 59 5 72 50 90 70 15 12 28 47 26 24 82 92 12 10 4 90 70 49 31 79 26 32 62 88 7 45 
91 36 71 50 61 7 24 78 50 2 74 46 57 82 54 66 8 44 54 2 40 59 56 19 8 34 21 65 44 61 9 17 93 43 20 96 9 80 46 56 25 88 57 17 34 48 82 78 41 32 73 42 64 53 45 2 7 97 82 21 97 45 49 24 73 31 1 45 50 75 20 53 97 95 23 11 65 15 61 72 72 99 32 10 96 54 61 18 78 69 51 24 66 59 40 61 29 79 6 87 8 41 80 83 18 84 80 28 4 98 0 48 32 97 9 60 91 55 94 84 96 46 28 77 92 10 73 25 32 58 45 90 64 89 88 64 47 55 33 9 36 4 18 6 15 38 49 29 59 16 30 
39 2 42 3 15 13 85 83 84 32 74 58 33 49 99 55 74 29 78 59 30 56 27 4 35 44 40 37 12 21 63 8 40 98 42 77 76 91 25 29 14 12 34 13 80 42 94 43 35 22 20 31 32 49 20 40 13 47 79 29 86 52 67 98 76 9 88 81 45 32 24 40 20 87 24 40 25 20 47 32 73 9 85 97 45 79 67 91 7 81 67 57 50 43 22 59 64 79 94 57 1 33 11 79 72 23 26 73 35 11 68 0 39 23 19 63 36 30 53 38 91 48 37 4 81 69 69 76 28 47 87 89 24 29 81 97 78 33 11 62 94 96 75 96 38 94 36 27 97 86 15 
45 63 18 12 36 89 16 72 62 34 83 66 95 97 4 9 94 82 47 31 12 80 70 65 34 86 10 80 4 52 25 35 72 36 55 79 26 66 62 46 90 96 41 41 57 40 29 13 29 89 29 24 20 98 60 46 73 81 61 66 34 27 79 83 96 42 82 25 84 5 27 39 7 84 32 29 17 1 52 72 51 19 5 30 11 66 99 84 85 55 49 94 90 44 95 46 12 81 46 15 39 57 20 39 80 51 46 38 85 76 11 92 0 72 22 31 73 54 61 16 84 53 3 24 39 25 61 79 1 39 96 13 29 82 31 59 57 95 58 80 22 29 77 16 56 40 89 29 88 84 39 
15 75 15 7 34 93 68 49 44 91 61 55 75 44 35 54 52 11 25 46 84 12 61 98 27 62 46 61 96 50 55 54 83 31 57 97 28 7 93 16 29 84 58 67 64 72 81 12 74 9 74 66 30 20 50 25 70 56 73 85 25 13 1 80 75 70 97 57 55 4 43 41 5 83 48 70 19 92 91 25 39 38 42 36 90 61 70 20 73 13 27 78 15 85 74 51 45 58 28 58 41 45 39 93 99 70 55 51 59 7 4 32 92 0 52 86 99 48 48 6 48 81 26 96 39 60 30 17 70 99 66 18 66 85 10 91 82 8 47 60 90 45 31 77 63 83 10 92 72 47 91 
2 18 67 90 67 18 28 16 88 61 91 13 26 8 36 63 53 27 33 44 65 48 84 46 18 87 96 19 91 26 70 68 60 69 58 94 91 25 60 62 49 99 45 22 53 89 45 58 85 1 70 6 95 59 58 82 2 80 48 36 26 3 26 3 89 42 73 65 12 84 4 69 36 71 22 17 76 57 74 96 21 99 65 85 77 31 88 25 82 53 12 73 73 51 29 15 6 33 11 20 44 91 41 11 38 36 99 21 75 11 35 73 63 20 0 66 27 92 99 87 28 55 4 26 79 64 84 29 71 32 63 39 94 77 85 28 45 73 29 57 22 67 75 96 37 26 98 62 35 89 31 
54 56 59 32 69 98 81 42 26 84 70 37 35 94 39 26 46 67 5 43 70 12 15 91 77 66 2 85 23 52 10 31 27 74 4 99 36 86 38 17 65 39 95 18 2 57 68 55 74 22 97 13 7 25 5 9 42 80 4 31 96 39 51 62 46 70 92 25 60 52 73 89 44 39 31 29 64 58 59 3 69 4 14 96 50 37 24 71 80 12 52 45 99 5 14 31 99 99 60 5 10 71 25 92 99 41 47 6 43 50 43 63 74 45 41 0 6 81 42 50 43 59 82 71 52 2 94 85 12 80 75 39 41 32 55 11 8 52 54 92 72 52 29 34 81 6 31 75 18 2 34 
19 77 64 43 17 75 78 60 60 6 74 27 89 56 81 57 9 32 22 77 77 71 49 83 44 90 77 27 1 56 95 71 71 32 56 24 55 26 37 79 14 64 61 54 76 61 2 54 47 77 8 33 89 63 24 90 46 55 30 40 97 95 68 49 99 33 54 47 33 61 24 49 52 87 4 76 54 10 14 73 2 59 17 23 82 39 36 9 70 28 17 65 16 7 20 2 99 14 62 43 89 43 1 29 61 71 72 7 42 63 76 35 32 31 67 91 0 83 33 27 61 81 99 61 34 46 77 47 70 6 66 87 29 33 25 90 32 80 64 87 94 33 63 63 83 13 53 89 92 80 73 
4 71 21 66 37 88 2 70 63 28 34 5 21 29 66 66 26 43 50 64 22 68 80 58 70 67 40 74 9 24 37 43 68 1 91 81 14 96 45 51 27 78 8 24 70 96 46 95 91 97 93 54 21 8 60 9 48 51 92 24 33 8 34 64 41 19 5 72 76 95 30 27 71 2 77 25 78 25 69 31 36 91 16 40 1 66 21 12 32 68 21 90 7 32 85 22 31 13 80 18 92 1 42 21 78 72 45 15 84 12 19 85 65 58 16 8 17 0 1 98 68 76 45 20 3 4 42 54 68 85 39 90 87 20 63 58 50 57 70 19 44 40 59 38 95 24 41 82 30 99 77 
50 11 97 79 44 62 57 86 74 50 55 84 86 83 24 70 33 54 48 50 64 34 74 47 41 78 37 3 20 67 76 9 1 49 17 80 63 35 92 37 24 32 45 76 9 81 70 40 73 57 93 7 1 96 75 93 6 5 3 82 12 74 12 2 12 29 39 51 70 43 4 89 21 1 52 97 31 99 42 58 65 17 87 79 53 88 59 67 48 84 54 39 14 27 46 57 3 53 45 26 74 20 81 36 54 95 80 16 2 56 98 72 17 3 30 46 44 95 0 15 64 12 76 72 63 72 12 70 79 50 85 38 89 26 68 58 81 76 81 24 84 90 34 15 88 81 20 37 97 64 77 
85 36 91 40 90 76 76 21 20 8 78 89 64 48 98 18 1 14 30 8 10 73 88 79 30 94 2 47 70 20 70 22 25 94 43 36 88 95 78 91 30 81 3 5 30 10 66 87 76 5 81 20 56 47 98 23 14 6 95 20 87 24 71 24 71 91 14 55 58 21 42 14 64 3 38 35 86 19 25 72 15 93 32 88 76 19 20 27 29 26 47 87 30 58 75 57 1 69 11 54 73 85 27 88 16 43 99 18 20 38 90 6 57 39 5 20 40 28 7 0 56 94 98 20 89 1 3 45 8 69 34 48 67 58 18 3 15 36 19 64 2 36 66 66 94 96 48 52 29 79 94 
3 72 44 31 8 76 15 11 43 90 28 80 73 82 79 92 30 95 8 55 18 94 4 22 30 57 34 4 31 40 13 40 29 16 23 21 65 46 18 37 87 2 73 99 20 77 70 46 15 50 58 50 12 73 7 43 80 68 52 81 96 93 44 33 69 14 42 28 44 28 35 73 97 13 10 28 71 15 49 2 89 23 73 76 22 97 90 48 71 83 64 93 17 75 3 46 94 62 12 94 15 21 62 97 44 66 10 38 32 29 41 44 31 41 17 13 15 24 1 87 0 87 17 51 46 58 53 54 50 91 94 72 76 42 29 31 38 18 75 36 36 31 72 9 28 14 10 16 76 37 19 
57 21 17 30 83 90 94 28 14 90 45 79 67 70 21 38 22 3 24 29 4 97 3 80 1 88 77 31 15 3 37 49 7 15 85 14 79 33 97 41 66 10 84 7 74 1 84 26 63 67 90 97 36 76 57 19 38 13 77 5 36 41 6 18 96 46 4 52 58 21 79 72 66 41 68 80 63 91 3 90 43 61 74 44 99 60 42 84 61 25 34 33 9 9 40 1 92 11 62 46 75 9 85 4 5 26 10 95 18 98 44 45 13 4 46 24 29 58 46 16 67 0 10 55 43 54 48 85 34 61 33 76 60 93 68 91 18 10 12 8 13 83 32 89 2 24 15 40 20 46 72 
92 32 67 3 44 61 31 41 86 61 54 84 4 15 74 86 80 50 48 59 99 83 47 3 16 9 5 47 66 49 20 70 52 50 69 39 25 41 46 92 5 79 88 62 61 6 50 30 31 21 86 42 25 80 74 22 81 25 30 23 10 30 6 37 2 91 71 60 22 86 48 84 98 96 13 51 9 83 13 70 65 44 89 15 14 45 79 83 30 38 48 88 90 28 24 62 77 45 49 75 90 54 68 31 58 68 64 80 58 5 97 19 48 78 20 80 66 35 43 42 89 92 0 67 58 11 42 63 18 88 36 22 24 44 33 50 77 24 58 61 2 94 73 36 33 74 41 35 68 15 17 
50 33 75 27 43 81 59 11 28 56 6 39 55 31 6 92 73 48 68 28 4 21 29 38 91 20 20 93 3 54 25 44 97 91 10 22 86 67 29 49 50 37 35 20 77 56 76 56 79 98 24 37 20 35 98 97 72 4 45 99 51 98 21 43 67 87 45 33 33 23 16 20 37 78 38 75 98 74 31 83 2 72 33 53 93 16 31 3 82 65 26 27 80 99 33 86 38 21 85 33 76 95 75 36 83 39 82 64 75 77 6 5 65 35 98 90 76 94 92 86 69 64 94 0 31 19 23 97 57 83 67 91 81 31 4 25 6 46 31 74 42 73 39 21 37 3 84 6 87 33 6 
34 36 99 10 68 29 78 53 13 79 45 86 10 6 87 48 88 6 40 89 42 62 97 46 55 96 60 2 90 26 43 50 43 50 64 20 68 10 23 99 56 84 51 52 26 50 57 49 1 52 34 4 36 71 58 55 13 8 32 62 15 95 1 69 91 53 58 9 28 85 32 78 60 22 67 51 85 92 68 2 62 81 3 35 52 17 96 54 5 59 43 38 16 52 38 73 31 28 93 5 76 8 4 35 32 45 86 40 57 37 65 87 51 8 32 77 98 56 41 67 35 1 45 54 0 73 58 48 82 96 34 37 49 40 68 30 63 9 5 23 30 61 79 15 36 95 36 47 20 42 86 
32 26 43 67 3 35 38 31 63 37 33 86 32 23 50 76 42 19 94 93 19 62 90 35 18 51 35 47 46 5 48 42 26 53 81 93 70 34 12 51 3 12 3 95 11 52 89 53 82 50 48 8 14 83 1 89 79 49 83 32 40 35 34 95 42 37 78 15 69 89 50 66 79 59 42 31 49 53 69 68 53 85 94 92 95 94 41 93 45 50 39 22 69 8 43 2 21 3 76 58 39 6 64 87 83 21 1 31 32 40 2 68 49 65 41 35 47 44 62 85 79 97 34 95 35 0 17 81 73 11 21 58 18 79 50 29 26 46 70 17 68 80 32 51 91 63 26 25 17 23 33 
85 70 96 76 17 46 25 3 90 70 86 3 10 66 79 30 30 95 72 78 21 20 42 62 28 78 51 23 57 6 9 17 67 7 58 69 23 98 26 43 81 28 45 8 87 7 68 20 80 53 34 31 7 92 69 3 30 10 91 81 7 44 67 71 5 74 35 34 42 77 30 64 76 44 22 30 73 80 81 96 94 52 54 12 9 10 70 9 73 33 20 38 5 42 41 65 74 64 64 68 82 73 37 96 38 27 71 46 32 12 98 88 32 27 6 66 45 5 79 96 50 71 54 27 26 86 0 1 76 23 20 11 10 80 2 63 36 92 74 91 36 81 17 74 49 86 98 20 89 80 25 
85 41 8 75 95 87 96 52 13 52 3 38 73 69 97 2 74 69 28 32 86 51 84 39 88 74 92 33 10 85 17 28 71 76 36 24 40 24 2 97 54 16 46 97 97 69 79 25 56 45 96 66 57 88 66 43 26 65 64 24 23 66 38 13 67 5 29 62 43 70 1 2 20 32 75 25 90 65 40 78 40 71 93 20 71 32 82 32 94 84 57 68 26 12 24 76 51 61 23 9 14 68 87 14 8 79 93 52 10 88 27 34 2 92 62 48 96 5 78 17 9 2 42 43 27 35 99 0 28 23 66 42 24 86 62 26 17 92 69 5 55 72 10 66 83 92 21 40 30 13 80 
49 5 39 94 26 73 23 24 40 27 78 19 21 44 87 79 64 4 83 92 23 61 75 8 20 38 81 76 24 75 74 94 63 89 56 4 25 57 4 15 65 1 9 44 2 79 24 13 33 53 54 30 98 77 48 87 11 41 80 32 27 69 50 44 96 40 71 4 90 75 98 20 66 50 53 33 60 12 47 52 40 4 33 66 33 85 85 98 6 57 20 99 32 66 80 92 23 80 36 3 43 29 54 45 46 72 52 74 18 17 42 88 54 7 84 32 22 4 52 96 39 41 51 71 26 56 99 50 0 23 28 48 24 24 18 88 18 91 5 78 78 40 25 4 5 91 32 14 28 50 43 
60 13 6 6 37 95 58 42 28 17 67 8 8 94 3 88 18 40 12 97 78 69 86 3 4 52 44 68 80 47 44 69 1 25 55 78 11 64 45 55 38 91 46 80 68 76 16 93 14 56 54 79 57 77 70 52 31 72 66 40 56 59 60 59 84 77 87 8 77 33 41 56 42 46 37 49 18 27 80 87 43 99 62 69 61 67 60 26 1 37 80 53 17 52 44 47 66 20 16 17 40 32 73 3 14 66 19 33 3 72 19 63 21 6 67 38 74 30 24 70 9 99 84 81 38 85 53 95 11 0 69 73 20 96 55 69 73 85 10 58 40 21 32 87 90 97 87 5 80 80 84 
43 76 32 33 97 79 53 6 12 58 3 8 19 94 39 48 97 61 62 81 96 10 76 49 69 45 78 24 43 46 2 7 53 59 81 58 51 7 54 89 16 28 20 65 54 13 6 98 13 77 24 47 96 25 8 75 73 93 51 4 39 63 35 85 41 99 40 4 45 62 95 10 96 94 47 76 10 48 63 23 61 24 57 26 56 18 38 13 27 60 17 24 87 92 60 48 15 17 78 94 75 52 57 98 94 23 96 29 12 42 69 76 69 43 37 26 39 51 16 17 51 85 39 65 77 99 19 18 68 70 0 20 26 65 51 74 26 88 52 2 21 87 71 62 16 39 85 64 74 17 4 
35 87 73 32 16 47 53 33 97 30 44 96 74 21 88 85 29 72 15 42 58 51 64 33 65 46 36 20 45 65 32 8 64 5 24 35 13 8 23 62 50 52 86 4 49 20 31 2 78 66 2 8 7 43 60 46 52 89 73 69 92 38 45 26 51 98 18 47 94 85 2 21 87 77 70 24 31 1 84 61 38 75 99 7 84 41 56 28 33 93 11 33 88 75 73 62 10 41 64 59 31 26 76 19 11 69 79 60 59 26 1 10 17 79 71 53 18 78 37 93 50 48 9 59 17 11 82 33 27 64 78 0 57 40 81 40 46 29 65 91 29 71 16 23 91 33 49 46 51 45 12 
81 3 27 55 85 10 92 46 52 71 48 33 46 96 15 26 86 38 41 30 8 84 4 39 49 72 82 78 92 39 65 79 60 27 7 20 2 11 61 90 22 79 11 71 53 67 1 65 40 28 47 6 95 37 42 31 57 55 67 26 54 99 12 28 44 8 62 91 20 42 10 98 5 45 37 73 92 69 86 26 31 70 59 82 83 17 66 68 9 81 95 46 17 96 70 19 78 15 44 65 40 4 13 12 2 97 83 37 90 84 91 57 94 67 19 39 18 20 69 40 12 89 43 16 28 64 81 38 6 24 42 17 0 26 92 7 40 62 46 34 85 67 75 72 6 98 48 75 58 68 20 
35 63 86 46 7 55 91 44 45 23 33 74 19 63 36 23 90 57 82 16 48 85 57 81 97 76 18 98 85 7 10 47 8 63 95 73 81 28 31 36 85 69 25 33 8 73 96 92 99 29 35 27 26 38 94 66 5 57 86 23 81 9 49 79 65 3 28 64 22 50 5 59 58 44 21 47 83 65 96 14 62 65 15 81 67 61 1 35 3 16 86 96 46 82 6 75 36 38 77 94 3 92 98 9 22 7 85 45 32 49 44 71 41 81 90 74 5 31 3 71 54 79 38 10 6 57 7 58 80 96 87 62 82 0 3 76 27 40 48 25 20 81 78 88 12 99 70 72 55 75 5 
63 7 51 23 10 16 97 9 19 78 89 54 51 23 92 62 55 85 86 84 4 28 53 15 25 33 52 51 59 50 25 5 54 99 32 54 48 66 24 48 2 98 56 98 3 20 54 66 23 35 76 83 22 38 41 52 85 4 25 42 17 8 21 28 16 5 23 52 89 97 96 96 17 78 28 23 34 45 64 65 58 54 61 49 77 5 39 91 20 33 48 7 96 53 38 62 30 83 7 61 85 31 12 77 71 92 29 15 46 97 52 22 57 47 42 14 79 49 86 98 96 8 25 14 15 31 60 9 47 69 14 14 89 26 0 71 42 89 93 7 69 23 12 22 71 81 61 67 38 60 3 
51 39 76 11 40 66 73 2 8 25 99 11 37 95 61 48 9 75 36 8 84 14 14 1 70 56 95 10 75 74 48 29 4 4 70 13 22 39 35 78 50 8 31 57 71 4 73 86 15 4 17 58 5 23 56 7 49 81 57 4 57 71 80 72 81 67 78 60 49 55 6 31 76 79 18 38 15 99 64 52 95 87 74 68 8 99 19 47 23 94 39 4 77 32 42 85 56 96 62 31 55 61 74 38 48 64 95 94 86 94 98 36 15 17 41 70 46 13 11 22 25 21 46 24 58 31 85 45 8 22 15 1 26 7 75 0 25 61 65 75 83 77 67 57 83 23 17 66 46 91 89 
2 40 76 30 46 46 27 45 27 26 34 82 52 29 77 33 33 7 98 62 85 6 96 73 88 2 14 40 81 5 16 62 20 76 63 2 87 51 42 43 21 12 19 96 55 39 91 78 39 7 51 25 93 20 26 28 66 45 94 60 32 36 47 79 63 81 21 44 56 61 80 22 71 10 31 89 2 36 36 42 99 83 26 30 96 84 29 86 28 41 82 7 24 59 18 1 18 61 69 86 24 77 16 80 34 72 7 55 3 75 33 72 82 41 63 2 34 65 63 56 7 38 99 48 31 95 84 38 88 49 3 51 49 67 57 34 0 94 55 14 75 6 35 72 34 53 83 25 33 4 54 
33 64 99 75 68 62 17 21 36 51 14 63 14 30 44 28 95 77 90 80 55 4 32 52 45 94 3 84 12 43 87 38 12 67 19 42 64 28 46 62 97 87 70 86 94 4 83 34 62 10 3 39 54 16 19 53 46 31 5 37 3 5 54 65 29 1 72 70 61 5 18 68 82 20 38 28 99 71 21 61 16 71 54 89 56 22 63 26 63 20 26 35 7 2 77 96 41 26 55 55 71 67 3 45 12 82 47 21 80 32 79 64 49 91 90 4 29 78 67 37 33 79 36 24 69 69 78 8 89 1 83 93 6 31 46 14 33 0 33 29 51 85 9 42 83 5 97 38 79 90 45 
24 74 89 57 11 39 78 68 12 45 80 9 47 17 81 87 31 75 11 75 84 17 56 12 69 29 99 67 96 63 61 5 14 64 2 89 57 99 25 42 58 74 54 32 85 75 61 19 50 4 55 41 88 92 65 26 60 82 47 45 81 49 12 25 61 85 22 29 82 41 42 84 71 22 39 20 11 45 99 46 31 28 74 91 59 15 11 34 56 58 57 18 55 69 70 24 95 49 91 79 79 64 12 96 2 55 10 97 28 63 18 76 51 1 95 20 42 65 73 84 76 51 16 43 97 72 34 98 95 82 86 95 96 51 9 62 44 59 0 43 3 68 79 78 91 21 68 12 66 19 55 
44 63 5 38 35 10 72 7 10 7 39 63 65 19 34 54 20 69 69 76 16 72 68 48 77 29 11 36 7 29 39 93 46 76 76 32 54 27 86 28 72 31 88 30 26 40 76 11 16 61 58 73 81 52 56 58 8 44 76 36 95 20 31 41 79 38 15 3 29 90 97 6 60 29 72 39 93 29 12 38 20 55 52 47 69 5 67 41 20 13 13 52 33 68 46 56 93 19 84 94 94 6 91 68 42 85 28 79 7 84 84 78 35 5 67 23 64 54 48 54 9 92 42 49 43 31 73 95 4 28 94 8 91 29 23 14 42 31 54 0 17 72 22 2 6 28 44 77 87 65 15 
82 11 79 16 32 62 72 98 8 3 87 39 98 34 88 9 68 76 11 81 26 26 64 78 37 96 57 17 88 74 22 23 37 6 26 65 98 32 45 10 91 38 81 99 37 68 63 77 18 48 36 51 56 85 38 43 31 43 15 81 45 30 23 57 51 38 17 63 84 45 80 17 75 38 51 59 16 27 71 89 35 31 58 18 34 59 46 18 40 15 35 16 78 22 84 67 29 46 60 44 90 10 19 19 33 23 22 81 29 27 69 71 63 87 44 10 12 14 71 9 83 17 85 82 14 78 70 8 92 31 71 73 23 85 14 97 78 19 70 44 0 41 50 59 48 3 97 60 41 28 57 
95 30 6 78 52 95 71 7 20 36 46 43 96 76 6 59 64 79 21 33 50 81 98 13 59 40 84 65 5 52 66 71 65 79 50 10 38 88 76 19 93 75 16 95 6 69 2 8 96 59 83 22 63 63 91 94 16 34 50 47 72 81 22 55 46 53 86 91 61 70 39 89 15 23 28 63 44 77 49 55 56 6 81 47 77 34 35 33 38 54 94 5 82 89 85 71 4 60 94 23 4 89 81 39 28 8 31 76 2 78 19 51 50 86 33 8 33 64 95 86 58 61 96 77 99 57 20 45 84 79 78 23 52 46 67 28 18 87 5 58 53 0 68 7 90 84 73 1 26 76 38 
92 31 56 34 95 46 22 8 69 12 23 39 25 65 70 28 50 9 97 21 20 11 74 20 93 72 45 8 63 35 63 99 43 66 13 62 75 69 34 74 24 81 88 64 2 67 91 32 71 95 42 3 31 72 87 90 20 81 86 51 1 62 43 26 92 23 83 66 70 12 4 36 12 79 70 45 17 93 5 8 80 24 12 5 8 90 77 74 92 11 28 40 50 24 80 76 58 3 23 78 51 88 56 65 6 75 26 70 70 41 29 22 59 29 15 57 9 89 68 88 9 98 11 74 58 84 35 45 30 35 32 47 67 51 91 68 84 34 33 94 21 76 0 63 20 54 61 62 21 1 13 
47 77 72 4 57 81 3 24 57 14 29 7 71 17 94 68 20 77 26 87 3 76 92 10 60 82 58 13 56 77 83 7 39 59 22 22 52 59 77 83 96 87 45 9 23 15 80 67 14 76 49 14 60 88 77 41 55 15 75 57 73 70 6 17 7 5 59 43 48 78 70 70 56 37 66 4 19 6 77 24 27 4 66 93 98 30 49 23 56 24 36 74 97 76 6 45 21 3 32 74 88 5 67 26 96 58 32 99 3 21 7 27 15 94 32 47 83 9 19 53 19 83 37 59 35 57 33 81 31 30 76 84 79 94 51 70 6 87 21 73 81 35 26 0 7 85 27 38 44 56 62 
17 38 21 26 45 37 58 86 62 16 45 42 11 66 44 2 86 91 84 90 10 7 7 74 49 13 30 30 13 94 3 33 27 98 32 19 19 3 7 26 80 87 73 95 16 20 34 16 93 22 30 18 89 12 68 39 13 31 94 36 39 19 37 76 69 10 61 79 66 83 48 34 32 91 12 86 64 87 82 46 70 10 63 64 92 98 39 14 61 87 45 90 57 31 4 49 46 17 46 79 4 53 95 61 57 83 39 85 94 36 24 74 25 50 85 1 87 28 51 16 92 45 30 4 6 4 24 38 63 71 86 55 98 68 80 46 20 25 93 34 93 3 60 55 0 93 19 49 39 73 87 
66 79 70 20 19 89 71 69 30 2 57 33 52 41 14 17 61 1 81 19 81 25 90 2 29 38 25 93 85 42 73 43 78 95 1 68 84 77 11 60 48 11 41 28 89 11 49 37 1 59 1 62 88 28 70 78 73 14 56 8 61 59 9 41 16 89 3 13 33 78 74 40 17 31 73 55 24 43 40 73 9 38 67 5 74 91 15 5 93 96 89 59 31 95 72 13 22 73 98 34 15 25 39 68 61 82 51 19 26 28 84 91 97 44 13 97 42 32 69 40 77 71 57 63 74 50 80 99 85 80 25 49 48 88 83 75 4 81 70 61 42 4 1 47 41 0 60 8 75 55 31 
28 27 59 84 96 90 91 13 12 81 15 73 36 28 80 1 58 75 15 82 27 35 15 33 3 78 84 6 45 5 37 65 10 14 43 27 95 85 79 16 57 16 3 35 2 19 83 3 86 68 16 99 76 75 27 2 10 2 24 59 57 16 1 26 50 40 63 74 84 53 94 79 95 50 49 41 38 97 95 77 15 26 14 38 68 50 55 54 96 80 25 39 4 60 93 78 13 53 93 25 69 56 20 4 58 33 1 33 35 54 48 15 94 59 69 17 21 89 23 59 15 50 34 10 17 16 99 4 81 67 55 70 76 18 16 82 58 42 14 58 27 33 74 76 59 40 0 57 29 24 82 
46 77 3 96 10 23 92 79 89 10 54 23 19 43 93 47 46 14 82 54 76 50 91 2 42 27 70 94 34 19 30 26 38 97 32 71 8 1 74 26 83 84 65 14 13 82 85 54 99 24 39 88 17 73 83 8 74 13 87 13 37 37 78 3 82 79 63 99 56 2 73 72 2 20 43 52 10 54 82 32 54 25 28 62 16 78 96 34 56 19 74 99 45 12 57 66 92 71 82 35 82 46 65 63 64 61 2 79 50 60 60 1 5 64 45 51 44 46 84 71 20 19 14 21 17 48 63 14 86 28 38 8 27 31 51 89 58 46 69 7 68 96 94 92 63 84 94 0 90 29 93 
17 4 77 67 44 73 31 86 69 63 55 72 95 92 16 32 53 14 30 14 9 74 27 57 50 74 41 70 4 59 83 96 10 36 95 73 97 65 83 83 9 86 65 79 71 55 76 24 25 35 39 51 73 59 88 21 7 83 50 77 29 28 89 53 65 88 1 24 77 67 73 22 30 70 6 49 34 43 79 8 36 72 43 59 20 64 88 15 1 67 89 88 60 80 28 33 27 15 85 46 59 79 65 16 11 67 13 19 10 24 77 49 33 29 64 60 63 45 47 40 96 28 26 87 46 66 56 31 77 23 84 53 17 13 67 73 84 25 26 98 39 97 99 4 68 91 73 73 0 50 92 
85 28 28 3 23 34 9 23 85 82 41 38 42 16 10 23 45 13 9 22 80 81 92 29 51 59 11 15 11 86 51 3 69 94 8 76 14 3 77 4 37 65 95 54 4 86 78 84 82 15 61 50 17 50 24 72 18 69 99 96 3 99 35 64 40 61 17 60 95 76 24 87 5 16 94 33 54 78 95 8 2 74 97 44 93 90 40 26 1 16 34 64 4 25 53 77 16 27 3 19 80 71 73 31 77 86 3 72 21 57 17 14 89 96 77 63 77 83 51 52 10 5 51 61 17 29 14 46 49 28 91 48 16 13 60 12 98 86 45 2 66 71 16 4 12 77 45 30 66 0 87 
55 78 60 5 84 78 53 96 70 47 87 88 46 65 6 6 40 36 66 41 54 34 85 58 60 67 51 92 17 88 26 87 16 56 59 27 14 49 68 52 85 50 94 29 5 48 35 23 20 9 30 86 8 16 59 28 24 34 43 38 38 3 69 33 6 48 61 28 23 20 31 54 59 8 67 72 66 7 90 18 2 98 76 48 46 72 39 92 17 86 37 49 69 51 86 60 3 59 57 44 13 58 14 29 97 27 95 25 86 5 1 84 68 65 35 43 7 60 9 91 89 8 8 20 22 3 82 83 82 7 64 17 94 81 95 51 67 98 24 16 22 79 28 84 67 15 16 75 38 13 0 
