80 5 
0 95 16 79 51 9 38 95 24 23 97 81 87 97 56 34 48 14 67 18 4 65 59 83 84 55 95 91 20 94 91 88 83 33 97 43 77 73 6 35 48 81 82 19 82 9 55 68 15 85 37 5 52 98 50 66 99 33 2 44 39 45 84 55 69 55 85 59 63 90 40 44 99 96 10 9 7 66 54 13 96 23 38 59 99 9 84 55 6 49 37 95 29 66 44 11 83 68 90 50 22 73 61 93 97 33 45 83 43 34 78 34 59 21 63 25 90 15 19 33 78 23 16 97 25 97 32 81 68 75 20 95 68 50 33 48 16 92 82 77 41 15 27 7 46 68 52 58 85 13 51 5 43 57 39 21 79 3 77 46 36 
47 0 28 42 62 84 14 68 43 70 80 30 83 24 49 89 52 24 73 51 19 88 34 10 62 76 73 99 96 77 87 48 50 39 64 67 51 60 25 66 13 7 17 25 97 13 94 53 81 41 32 61 92 77 78 24 36 93 75 50 58 51 72 83 38 32 23 72 61 72 27 15 82 49 93 20 34 72 70 73 74 46 99 3 44 77 83 13 76 22 14 55 93 31 83 29 56 27 70 40 13 86 20 28 63 35 41 34 78 65 84 90 51 3 89 41 71 86 31 29 32 33 62 13 41 49 17 22 33 42 42 78 44 74 37 39 10 20 44 87 75 50 70 51 92 19 53 24 8 66 5 11 78 85 50 53 20 15 64 31 23 
87 52 0 30 59 52 58 39 7 79 28 6 36 37 13 28 69 63 93 47 61 45 20 73 12 38 27 71 67 26 98 72 68 93 48 68 98 44 26 80 65 55 1 92 29 63 74 95 15 11 27 73 66 15 18 18 85 50 68 52 48 31 19 82 58 5 22 36 34 27 77 70 26 10 30 87 88 36 6 50 60 41 80 6 39 67 63 94 87 29 92 93 15 73 85 63 43 98 95 71 57 18 21 72 88 15 65 52 73 74 15 29 86 4 22 85 49 22 89 18 63 66 2 57 94 67 21 56 85 51 78 49 66 24 59 10 58 35 59 97 69 67 61 75 69 39 98 88 74 2 60 2 85 18 83 30 37 65 72 67 86 
79 68 18 0 66 51 40 50 2 93 37 18 39 50 44 72 85 18 6 73 44 79 69 10 81 16 85 1 85 18 76 34 66 35 35 45 16 75 11 54 11 87 97 17 32 20 28 19 58 26 68 89 83 90 45 10 61 14 95 56 33 48 27 15 43 44 78 67 38 34 57 12 66 86 69 63 18 95 4 2 59 87 21 67 72 38 97 15 62 5 87 78 7 2 84 86 6 18 53 92 53 39 49 19 27 68 83 55 38 98 84 41 85 6 46 92 77 45 15 93 98 38 93 77 51 60 60 79 65 32 53 24 66 94 92 21 57 8 1 29 38 68 35 74 22 55 77 42 49 71 90 19 46 10 43 72 84 92 76 24 64 
76 38 12 73 0 94 20 45 31 2 38 13 5 67 9 48 29 20 37 86 61 35 18 70 26 29 99 92 65 7 44 18 97 27 85 69 25 43 65 36 90 43 94 73 86 32 17 13 16 75 87 87 79 15 99 68 81 10 47 55 79 24 53 10 35 90 25 9 60 54 40 55 78 98 82 76 38 54 74 70 56 24 60 62 28 77 69 10 18 20 62 19 64 82 99 24 96 91 41 64 43 23 75 95 71 32 32 8 20 74 20 33 26 4 71 33 79 66 50 88 59 72 78 95 24 84 76 49 69 44 87 80 54 59 91 74 16 39 51 2 52 5 96 45 5 40 16 30 34 69 29 91 1 92 59 77 26 26 11 98 84 
30 50 44 24 46 0 79 88 72 81 23 48 26 73 3 86 54 69 22 82 96 70 48 44 52 6 5 18 59 17 77 65 26 11 62 25 65 77 43 32 77 31 28 30 60 99 43 66 10 56 96 91 69 2 52 33 50 13 71 36 19 51 1 67 88 29 94 98 25 8 7 18 49 5 45 83 53 45 96 73 25 18 63 63 69 11 26 18 55 5 62 81 24 64 55 47 19 44 77 85 55 10 17 13 26 17 47 30 55 94 54 35 43 9 8 84 59 78 99 58 84 60 61 74 75 54 18 18 93 32 18 37 63 55 79 75 59 42 73 46 31 85 96 25 48 52 92 25 34 96 26 90 36 98 98 95 51 22 39 21 57 
1 82 84 97 17 70 0 94 17 28 33 96 97 82 64 96 77 68 34 38 53 10 10 77 80 22 93 55 35 32 8 93 88 43 98 18 63 83 70 79 38 3 36 15 14 96 49 23 61 10 20 48 27 10 74 90 29 15 28 69 54 41 25 50 95 17 69 70 62 5 57 80 26 57 23 76 54 25 53 56 47 98 84 7 76 4 28 82 9 46 49 85 13 58 27 10 52 78 22 8 10 77 6 88 50 20 62 63 24 70 22 89 12 50 86 33 57 19 3 38 69 62 1 13 48 40 19 73 12 79 86 56 27 38 88 32 99 69 86 8 82 63 44 13 65 76 13 34 50 15 53 77 76 58 47 52 2 71 41 98 92 
79 82 62 43 46 99 14 0 24 38 12 94 77 35 60 57 59 32 42 9 48 32 70 70 28 27 56 61 68 29 49 61 71 79 91 15 93 35 85 90 20 38 41 35 2 44 7 54 29 2 9 5 43 60 23 9 35 99 46 37 53 14 8 5 66 72 95 45 25 5 60 45 14 37 33 95 58 53 80 1 31 77 14 29 81 64 10 30 67 6 23 50 15 20 85 87 66 79 51 68 72 63 49 64 79 24 89 56 3 47 88 45 37 63 86 35 47 7 30 98 67 58 12 91 44 24 23 84 32 30 86 43 60 25 74 46 56 50 62 81 57 84 18 71 80 9 65 57 72 35 6 3 86 44 78 6 34 15 8 95 29 
44 66 72 86 45 45 20 76 0 52 58 57 96 7 6 36 4 38 13 71 8 39 99 62 65 59 92 60 46 89 51 66 71 7 90 51 15 78 35 36 5 72 90 52 24 26 26 64 99 47 5 10 89 55 31 43 58 28 63 27 41 64 38 84 9 9 2 2 81 4 1 66 64 41 75 28 81 42 4 69 94 22 91 84 32 25 21 68 78 62 73 58 59 63 20 51 87 2 6 54 99 97 78 12 80 96 19 73 6 32 91 45 66 48 86 43 27 10 32 79 76 95 9 98 95 49 96 89 80 54 49 86 41 9 48 49 20 96 27 7 51 77 50 62 16 90 1 13 49 92 75 70 37 90 35 69 13 98 48 82 88 
53 92 4 49 78 22 36 86 56 0 88 84 43 27 92 79 18 50 77 34 68 21 74 56 30 52 35 23 96 32 93 6 25 21 76 17 62 28 62 11 96 95 56 78 75 44 66 18 18 17 26 4 80 63 38 13 92 79 59 43 77 33 84 12 50 6 87 37 39 20 38 69 35 69 67 65 27 19 34 10 25 51 85 24 49 70 96 60 38 16 37 81 32 91 77 82 66 94 92 58 60 7 97 23 24 39 8 1 6 37 85 85 42 80 24 85 16 97 17 70 49 96 73 85 80 85 17 77 75 66 52 77 50 46 17 45 9 14 99 30 2 34 15 51 8 14 63 17 39 14 44 43 40 14 2 89 76 81 53 92 68 
59 10 41 46 1 16 75 82 25 75 0 64 9 33 97 95 78 82 42 39 83 61 68 78 56 62 84 58 5 54 31 45 42 61 95 79 97 51 46 8 20 61 4 45 82 93 8 51 33 77 27 94 30 20 99 31 54 81 98 81 56 89 23 97 51 41 80 90 39 65 98 86 83 97 65 86 11 2 14 5 74 97 70 91 35 16 48 89 77 18 43 53 9 43 61 25 49 60 57 52 23 2 25 61 4 84 23 13 20 82 97 45 85 78 59 21 44 30 48 51 99 23 34 26 19 11 87 21 15 13 12 92 60 96 56 13 55 33 86 96 21 95 77 16 72 28 18 65 75 76 20 80 22 40 5 48 10 57 27 64 55 
15 65 91 6 5 63 98 28 94 17 21 0 9 66 74 10 92 63 32 77 80 29 36 56 69 77 15 72 28 44 15 68 74 6 68 81 89 57 32 29 73 20 46 48 81 62 31 55 13 59 90 28 32 17 64 78 97 25 96 37 59 8 97 60 46 96 51 71 73 39 69 89 28 91 76 54 28 47 66 86 17 43 20 79 9 97 36 28 66 22 99 54 25 72 33 67 29 38 9 48 71 98 53 97 97 43 3 31 90 20 17 34 11 58 76 44 47 86 94 46 15 72 92 53 77 53 87 37 54 65 55 98 8 5 55 59 23 11 50 11 66 88 5 59 78 42 19 67 5 77 56 77 62 67 14 59 75 35 82 51 69 
3 99 98 24 46 18 67 57 48 31 57 15 0 67 31 30 94 78 66 38 40 58 79 95 11 15 33 76 7 33 42 87 96 40 53 48 11 23 49 78 12 42 33 91 73 89 81 16 46 54 42 59 98 28 15 15 85 19 33 18 51 83 41 56 55 63 30 8 1 83 52 15 94 89 59 19 47 63 30 19 56 96 14 17 85 23 30 92 92 60 87 90 99 61 16 87 48 58 88 73 98 49 25 18 42 47 61 9 68 8 23 44 89 32 53 85 4 14 75 38 78 62 65 83 67 84 15 24 87 18 99 60 67 23 25 45 34 13 31 16 30 52 47 49 56 86 42 40 70 58 58 84 37 67 61 24 60 98 20 1 87 
84 11 57 63 10 91 99 62 63 46 71 67 13 0 29 69 78 25 29 14 81 16 61 22 44 78 75 73 43 28 36 44 89 56 34 15 21 19 24 51 77 92 37 67 9 71 42 72 51 62 19 95 33 35 98 86 41 13 40 45 5 33 17 66 64 52 61 41 13 58 78 23 89 9 27 9 66 94 86 44 7 29 37 79 57 57 63 30 54 15 21 23 75 92 72 27 18 88 75 5 39 28 31 14 97 5 81 66 47 86 37 79 92 41 50 65 12 98 92 96 12 91 67 31 37 68 34 16 73 63 26 81 91 55 65 9 45 24 62 63 66 73 26 96 39 11 95 78 26 60 59 95 88 54 14 1 15 95 86 26 63 
94 32 41 51 38 61 72 75 90 85 76 16 10 98 0 82 16 93 13 67 53 80 65 26 60 92 16 20 30 6 29 23 43 59 17 82 52 34 93 51 84 9 11 10 58 94 51 66 59 16 65 14 79 31 50 75 7 21 92 22 2 89 44 51 90 60 36 5 80 64 78 74 67 24 47 36 33 32 49 70 7 94 82 3 34 79 7 56 20 4 12 22 80 71 46 15 41 11 20 10 56 38 36 14 6 31 3 78 9 9 47 64 26 1 51 37 37 6 89 1 54 36 22 98 23 1 19 67 6 57 38 56 30 91 31 32 74 92 58 47 23 98 90 87 31 12 90 43 18 10 37 83 85 38 32 86 96 15 95 70 19 
62 25 56 1 66 57 46 88 97 83 2 13 30 8 55 0 98 72 92 72 88 81 40 8 25 59 40 99 30 13 97 9 54 99 19 71 51 81 88 51 48 51 60 67 94 98 58 99 52 83 29 3 64 7 11 50 55 56 17 51 35 40 84 39 9 16 53 98 38 27 47 90 1 12 77 65 13 57 55 47 87 20 92 36 22 15 93 53 54 60 3 61 43 94 43 22 63 15 4 23 93 75 6 90 59 57 45 95 6 3 41 98 46 69 30 92 20 45 39 35 96 57 94 1 62 54 55 29 75 25 20 91 87 62 4 99 39 19 47 43 63 79 44 87 96 33 51 65 5 22 75 56 50 19 46 2 60 36 37 50 91 
49 20 42 93 1 95 32 62 15 67 22 16 19 4 74 18 0 25 76 50 40 28 73 35 82 52 95 33 9 73 79 27 80 58 95 39 80 57 13 46 53 79 73 1 48 89 40 80 1 4 41 86 53 41 56 22 57 33 13 69 40 32 20 20 74 4 73 8 19 65 43 64 15 62 28 6 78 39 53 51 14 11 58 63 43 17 33 28 34 90 4 48 98 50 63 34 75 25 87 73 41 18 40 75 35 60 57 49 70 59 20 92 93 73 76 53 53 8 57 19 14 92 78 52 78 90 20 43 76 62 94 65 28 13 96 41 47 71 27 63 7 95 49 98 80 68 37 49 48 97 10 53 97 26 63 86 66 74 62 34 29 
62 49 54 96 17 63 6 99 82 90 41 62 46 89 28 66 79 0 68 87 91 96 90 99 95 98 96 70 56 79 43 13 28 58 46 6 22 57 54 46 26 90 66 64 29 65 83 70 5 73 41 90 22 16 3 5 62 40 4 76 82 22 74 80 9 59 4 24 47 32 92 78 12 13 51 66 83 16 12 80 19 47 47 37 6 2 70 71 2 13 56 36 48 9 73 10 37 36 88 6 56 37 58 45 19 53 7 64 69 81 55 98 73 15 92 59 43 49 77 48 85 19 98 20 23 32 36 72 73 51 22 38 18 40 39 95 85 36 32 95 7 37 57 39 8 82 61 5 66 36 84 89 8 1 70 33 90 45 79 5 66 
33 73 68 60 11 96 93 14 18 64 84 22 68 4 93 78 8 88 0 5 89 62 45 69 6 26 91 43 74 7 94 57 63 96 20 26 31 87 52 66 94 43 39 41 10 31 62 26 22 9 7 32 16 51 19 93 42 97 41 94 46 78 14 31 63 30 60 64 39 34 78 51 90 90 53 24 31 84 61 25 69 51 42 90 36 67 78 53 5 80 85 95 72 91 5 32 85 78 39 46 75 90 16 78 32 12 5 1 96 77 72 64 33 18 7 50 11 23 44 48 92 7 41 52 7 47 60 93 40 79 28 33 70 70 73 19 59 40 14 32 14 10 9 48 26 59 61 88 43 19 27 74 83 79 52 44 36 63 57 66 5 
61 93 89 72 5 78 80 47 76 99 17 65 97 26 75 30 45 20 75 0 87 89 80 1 53 86 98 68 91 59 2 41 1 63 90 36 41 86 64 82 17 59 90 15 17 29 23 57 22 17 34 35 84 16 97 91 43 53 88 73 46 8 13 50 25 49 14 5 68 40 94 4 34 83 20 60 48 95 10 4 21 42 2 32 43 1 79 53 57 78 66 78 98 31 29 32 35 9 93 4 23 98 23 66 65 86 64 77 67 40 90 83 68 58 63 36 97 68 23 91 97 61 24 62 56 10 92 55 58 73 57 27 54 44 15 91 24 20 56 57 82 62 46 61 10 85 27 30 71 47 9 62 97 4 23 75 55 52 71 96 85 
34 1 46 96 85 50 19 98 16 46 14 4 81 11 93 90 74 44 26 66 0 91 3 82 91 99 98 89 21 8 16 49 92 30 86 60 41 32 59 17 35 82 7 21 90 62 12 87 48 43 82 12 21 33 63 53 2 65 75 36 40 73 71 87 21 31 84 55 85 71 56 3 31 98 65 18 92 75 1 29 54 7 43 54 31 46 43 92 33 40 2 90 38 29 10 33 5 57 12 74 34 69 64 97 84 82 57 69 97 22 72 58 13 18 99 11 19 79 73 98 76 28 10 18 18 16 66 90 32 27 28 11 22 76 26 20 51 7 64 45 21 34 49 83 28 76 25 38 10 29 42 30 47 46 63 98 21 81 92 9 62 
13 54 98 20 15 59 30 28 44 66 46 66 82 91 60 18 29 66 20 53 24 0 25 73 59 82 4 88 71 96 19 38 6 45 56 76 76 76 90 99 92 47 10 13 92 29 9 8 46 40 55 33 51 34 12 21 33 89 60 84 15 57 24 99 9 20 87 40 52 32 18 20 4 62 79 6 49 1 58 44 27 55 2 25 93 72 1 8 86 22 21 59 68 81 11 84 13 32 54 2 76 52 63 1 43 55 33 27 42 20 96 34 18 90 41 27 57 58 50 93 6 80 20 62 2 68 40 7 89 89 17 96 28 48 53 20 61 35 62 31 10 15 89 28 27 56 3 17 70 61 47 47 84 88 63 14 91 7 51 14 89 
68 61 28 5 15 34 93 79 25 7 41 32 70 7 6 84 61 9 16 35 54 57 0 12 90 56 20 86 56 74 52 40 13 40 51 77 46 43 13 95 93 45 33 17 74 72 71 7 46 37 93 59 86 19 23 80 18 45 56 33 3 1 13 71 69 27 9 5 69 5 62 14 77 46 95 84 3 85 52 48 2 10 57 25 62 13 35 33 75 76 41 45 89 98 24 54 9 4 4 57 15 5 60 40 37 56 95 13 20 26 53 45 71 11 45 99 27 20 86 23 67 55 86 25 94 22 76 31 46 41 12 69 57 40 62 32 80 1 87 83 78 86 70 9 94 95 5 16 92 12 25 95 11 50 96 63 87 51 96 72 89 
87 86 8 9 37 33 31 51 15 22 3 33 20 66 82 57 7 89 87 91 23 35 39 0 87 66 97 9 26 71 73 5 49 76 35 67 30 84 79 14 44 58 23 50 28 2 40 83 58 52 4 41 86 26 9 24 3 66 18 12 74 77 93 69 77 77 9 79 35 87 71 31 14 2 16 46 34 64 37 65 17 23 19 98 80 9 41 85 30 8 61 40 93 13 40 78 52 48 84 62 37 70 70 31 62 22 2 49 7 82 9 17 61 76 96 89 50 54 67 13 31 4 11 27 39 49 99 90 45 88 20 27 1 77 51 46 13 50 14 74 5 33 28 95 16 5 59 71 18 44 4 1 48 19 79 3 15 39 65 73 83 
34 89 16 34 83 80 17 56 96 77 48 73 58 21 21 26 54 28 60 37 50 55 12 23 0 64 89 57 96 15 54 5 61 1 70 89 91 88 20 66 9 25 60 49 91 74 4 37 23 32 1 71 67 99 45 66 30 1 18 14 46 29 17 96 98 88 23 54 76 81 40 40 73 99 89 73 51 20 63 45 28 57 1 2 5 82 64 10 96 33 5 33 6 70 36 30 27 93 76 96 17 96 83 5 78 74 74 68 87 29 21 14 20 46 65 40 81 45 25 66 63 88 34 74 64 72 59 29 49 62 28 40 27 92 40 37 31 33 74 76 45 28 54 65 15 84 88 43 32 56 96 79 51 24 72 47 87 17 60 61 1 
90 80 93 99 91 33 15 58 75 28 81 93 51 73 23 85 90 55 22 65 83 22 31 94 18 0 53 80 59 71 57 19 40 88 25 10 78 87 71 6 66 20 42 11 90 92 29 48 75 25 36 8 49 67 76 72 9 84 66 36 73 40 83 28 15 2 91 64 44 98 64 10 29 90 39 15 23 39 67 52 47 3 5 31 59 75 34 12 41 12 87 6 11 85 82 47 36 6 78 55 46 67 8 93 93 10 1 7 53 37 30 41 91 99 50 67 25 66 78 12 69 77 94 71 27 33 60 87 4 23 83 46 87 51 31 17 37 40 14 84 22 58 25 49 73 24 17 66 7 56 40 5 46 57 74 3 47 73 31 11 6 
13 47 69 71 49 7 82 78 27 25 3 95 74 91 78 56 43 40 23 22 75 23 86 74 42 56 0 80 8 43 17 2 92 35 22 99 13 37 13 93 50 82 92 33 2 95 85 48 40 1 23 53 96 64 19 9 34 21 71 25 25 43 32 55 53 76 81 43 37 77 97 65 32 1 60 43 15 7 21 39 3 37 6 26 52 35 97 38 20 59 63 97 46 64 53 17 20 61 7 67 84 95 98 32 76 41 40 86 67 46 85 66 63 76 65 83 67 51 69 13 41 14 88 82 45 43 62 5 69 82 82 80 89 12 81 68 60 66 44 40 3 85 31 72 25 77 98 99 33 80 60 66 69 47 72 47 42 67 97 71 74 
86 38 1 82 37 65 93 84 17 26 39 97 65 4 79 17 80 69 25 78 77 84 40 26 77 5 1 0 4 10 51 67 39 76 80 4 7 5 83 54 62 76 28 7 69 41 50 64 35 25 16 84 61 97 97 79 11 14 57 19 25 53 18 67 20 77 50 64 41 67 43 70 69 29 87 47 56 1 38 96 62 75 43 81 5 5 73 96 3 43 18 56 97 27 35 62 72 10 32 27 69 4 19 38 66 36 84 99 46 6 25 35 24 19 66 70 48 82 48 61 3 91 79 81 84 3 44 14 59 42 42 67 2 76 49 83 59 65 81 41 40 46 50 20 72 84 14 90 35 31 17 75 90 90 40 51 38 6 31 44 12 
25 39 4 57 15 96 22 94 25 42 73 21 77 44 90 61 8 76 15 53 25 59 12 68 40 88 22 46 0 69 69 19 72 15 27 49 56 73 88 37 49 74 37 43 89 84 79 98 58 77 79 66 39 16 43 19 76 90 81 94 93 14 27 55 27 25 37 28 62 37 66 36 97 28 50 9 25 47 46 37 45 53 34 69 95 61 78 36 42 29 34 17 55 95 27 22 4 6 45 25 87 39 62 72 22 14 33 76 57 88 60 65 96 22 46 39 43 22 5 3 17 10 66 47 58 85 79 61 81 57 10 89 25 45 1 46 83 50 1 2 47 18 34 67 62 43 70 91 75 19 97 60 4 75 80 85 59 26 16 61 36 
68 33 28 76 80 68 45 46 31 68 65 67 62 53 84 59 16 2 40 67 77 53 64 29 19 92 92 96 47 0 88 23 18 4 95 20 91 3 44 84 60 37 92 3 69 14 85 15 8 56 76 84 87 49 11 41 93 95 48 66 69 3 94 47 13 35 2 12 46 3 92 78 71 80 99 69 77 58 84 74 40 47 63 33 93 51 33 32 72 35 4 13 78 8 8 35 97 61 70 57 73 18 73 96 29 74 18 80 50 93 59 77 53 86 70 80 94 74 74 46 89 56 48 49 80 48 89 40 22 63 48 33 80 3 87 83 82 98 32 99 70 56 36 36 78 39 27 56 52 24 96 8 93 76 28 17 11 15 5 83 83 
15 27 32 86 61 61 65 61 99 19 66 43 79 63 44 56 27 37 39 1 30 75 95 61 49 75 41 6 69 32 0 41 69 57 17 18 99 78 5 65 55 2 2 34 70 1 7 98 99 83 94 40 26 35 86 2 4 40 59 21 80 18 40 68 26 99 59 90 83 92 82 22 12 24 24 18 17 73 37 47 20 33 92 69 27 24 41 86 80 10 10 30 66 48 12 49 67 97 85 72 49 18 22 28 3 99 21 96 83 33 84 8 60 21 80 27 97 52 52 81 71 4 33 53 86 19 34 81 57 43 67 81 73 27 11 76 47 2 16 66 71 61 39 13 58 58 41 9 7 50 18 34 96 37 75 24 19 27 16 76 14 
83 90 40 44 48 6 38 86 53 97 12 72 94 36 26 69 76 9 50 3 25 35 4 76 5 55 89 98 67 96 83 0 31 49 7 5 47 55 16 5 67 99 79 23 39 47 1 25 95 77 93 79 76 51 75 72 22 28 58 86 9 8 61 37 33 8 50 76 77 29 7 53 95 18 19 48 38 29 38 46 51 26 39 13 96 69 93 96 71 31 23 50 29 83 30 55 44 77 20 20 14 89 30 64 26 79 80 58 35 33 14 60 22 43 74 9 82 25 19 87 40 60 74 43 99 81 90 6 94 49 21 57 16 48 13 29 92 16 63 13 36 79 89 48 47 58 94 88 32 23 90 11 25 64 41 57 54 40 9 60 1 
43 18 32 85 57 77 46 62 79 40 43 88 55 92 96 44 15 96 37 7 99 85 93 96 66 16 23 15 62 78 45 30 0 96 92 78 60 85 86 89 12 46 19 70 42 59 71 15 63 33 94 65 26 20 6 26 38 44 45 97 92 7 79 12 22 49 25 92 5 76 63 30 90 18 17 61 74 66 99 40 24 70 86 81 10 22 71 62 77 65 37 29 79 92 44 56 63 30 14 58 14 45 58 74 52 38 72 3 16 73 95 34 29 83 21 87 35 69 13 75 58 72 47 25 81 75 81 6 35 60 54 9 93 41 43 77 60 80 20 67 44 95 92 62 45 11 49 13 3 61 36 89 99 71 57 5 72 13 41 99 54 
82 27 58 18 90 78 85 83 92 56 82 58 45 62 68 71 47 79 4 78 2 68 41 37 84 14 78 66 88 53 28 53 40 0 94 41 68 14 89 40 57 90 15 8 62 35 50 26 18 62 32 14 51 25 20 6 19 67 49 51 44 32 49 23 68 13 65 59 57 41 14 22 78 5 39 46 72 33 17 22 29 84 51 82 36 43 34 18 98 76 19 63 71 59 80 31 21 89 76 48 99 17 42 8 49 73 60 86 67 19 24 19 34 14 96 46 81 66 58 36 34 63 15 65 20 94 46 18 93 87 12 45 89 45 46 25 27 51 57 29 31 94 37 10 29 63 10 61 92 15 25 32 27 67 76 44 17 32 7 65 16 
16 34 32 71 3 70 77 62 51 5 13 84 94 22 11 84 99 85 50 42 58 73 21 41 94 26 36 69 83 75 13 13 88 22 0 86 67 51 58 27 44 26 56 18 68 17 43 64 10 69 15 65 48 17 32 58 18 21 25 86 59 54 46 64 59 91 11 91 39 64 52 89 36 94 34 15 72 28 78 94 1 22 95 68 82 20 50 99 56 46 37 20 20 1 42 20 62 61 53 55 79 15 16 91 65 47 22 50 58 50 53 41 16 15 94 85 58 83 6 44 16 62 1 16 70 68 96 61 33 13 73 31 80 96 63 74 76 79 12 68 53 48 21 4 64 2 46 31 47 78 82 22 65 7 67 49 55 73 3 69 96 
38 64 20 11 97 75 80 90 34 6 6 48 30 77 71 25 39 70 89 67 50 99 25 68 33 9 6 86 5 88 52 29 61 30 55 0 42 73 34 87 87 53 36 22 43 37 53 28 78 27 50 66 21 84 99 31 48 99 9 18 89 97 67 42 22 23 57 29 54 81 63 7 80 44 92 80 62 30 64 20 12 42 51 36 4 94 49 3 57 83 61 17 13 79 30 59 36 6 6 56 38 48 94 77 63 88 44 38 28 88 35 70 41 20 91 24 93 59 28 86 52 86 58 96 17 3 73 56 12 49 75 92 75 62 13 22 65 33 68 11 26 15 83 47 76 46 55 74 88 53 13 13 17 99 1 21 94 73 3 92 99 
16 91 26 43 46 40 89 6 13 12 44 9 6 4 73 84 7 9 58 76 10 38 54 2 18 11 4 43 45 2 39 44 94 21 26 96 0 72 11 94 38 89 93 13 70 31 12 31 22 80 98 45 6 61 91 15 74 36 64 48 38 14 19 12 28 75 91 77 73 20 76 95 54 70 31 43 29 27 55 35 77 31 66 74 90 58 61 11 39 82 99 18 96 85 64 85 6 5 33 79 89 91 72 44 8 84 58 33 59 29 98 78 25 69 83 93 87 91 30 97 36 49 50 89 83 99 17 35 86 30 96 59 86 13 19 60 36 42 72 37 52 10 28 24 44 40 98 1 48 41 5 88 17 13 59 39 47 24 83 98 9 
27 36 24 91 46 20 56 58 42 99 80 44 56 77 30 15 17 78 70 22 99 33 85 55 84 61 63 71 86 35 28 48 7 79 5 63 33 0 45 52 92 23 51 21 52 19 49 39 49 76 27 62 92 13 28 81 30 74 29 55 97 87 70 25 34 99 69 55 57 12 80 56 8 91 21 38 2 1 67 18 92 3 12 7 24 76 63 38 9 78 85 34 33 93 54 11 64 70 6 13 76 69 62 33 8 68 60 26 33 64 45 84 98 63 25 76 67 87 78 11 82 58 83 91 85 49 83 14 89 66 1 6 42 72 74 73 24 3 90 53 12 45 6 72 85 5 20 12 32 43 67 47 13 61 62 13 44 93 86 14 71 
72 91 41 76 83 45 75 1 77 81 94 87 86 32 35 23 1 40 70 49 16 9 2 84 9 67 95 96 42 61 51 88 69 52 28 89 16 20 0 71 50 52 51 50 92 42 46 86 5 58 23 81 6 23 82 27 64 26 44 57 12 36 42 68 18 4 45 1 85 42 74 76 68 2 59 91 8 31 11 58 16 73 77 55 67 39 87 27 37 91 86 50 6 15 23 89 81 10 13 71 73 81 16 7 91 25 14 36 99 64 48 55 33 10 9 19 43 80 69 97 64 77 89 15 62 12 45 75 31 38 48 57 55 72 54 29 29 13 31 49 41 21 89 64 16 35 48 18 81 24 62 77 41 84 69 65 37 20 36 11 41 
9 96 78 80 22 26 28 89 76 13 11 85 57 49 78 96 13 74 54 34 26 80 68 62 15 48 95 29 49 85 59 79 89 93 78 10 45 84 82 0 97 56 6 59 16 25 7 80 41 7 61 3 55 59 75 26 36 74 44 38 21 97 2 68 11 92 86 39 15 29 86 16 34 55 49 45 68 90 79 58 77 59 36 88 18 1 33 77 73 73 90 74 75 61 10 78 81 13 35 60 43 81 93 84 9 50 95 8 9 19 3 42 76 64 94 66 37 51 10 27 84 79 86 51 19 96 98 90 22 86 77 77 57 8 81 7 21 85 11 44 4 67 1 34 6 63 67 31 51 96 3 43 70 36 69 94 85 10 30 58 74 
59 82 61 95 62 22 88 28 29 2 90 75 21 91 47 93 51 36 72 18 87 18 24 86 65 69 4 14 52 64 49 36 47 99 36 69 90 43 91 69 0 15 25 22 20 5 93 91 65 74 53 94 32 28 87 87 76 90 53 40 94 30 57 39 41 35 64 2 49 93 79 19 64 87 60 75 86 7 85 73 95 42 92 49 13 61 96 96 61 15 3 20 96 62 80 49 89 93 98 13 50 46 76 26 21 10 81 53 85 53 74 65 85 58 7 28 4 65 69 60 94 46 23 91 2 44 75 71 51 54 63 71 81 75 51 67 53 13 25 22 77 11 90 71 69 41 16 80 16 90 31 56 89 68 82 1 58 27 34 1 34 
47 83 51 41 68 68 21 69 50 27 21 88 8 92 26 50 79 49 65 1 33 31 74 2 36 37 62 6 55 75 26 56 14 63 77 33 78 49 44 83 49 0 52 5 31 42 28 34 33 21 53 31 2 65 17 23 98 20 68 1 49 1 67 95 84 96 65 79 20 48 87 2 41 79 48 33 43 39 98 5 26 48 83 40 83 41 37 59 46 32 26 92 42 33 33 54 90 3 71 31 97 51 2 69 45 2 67 10 33 22 9 22 77 26 75 87 17 74 66 30 60 1 89 43 24 68 79 19 64 79 10 89 38 26 61 78 89 28 80 94 49 97 47 7 99 30 38 1 63 31 50 70 84 67 5 92 53 62 13 87 49 
20 2 53 70 51 84 84 8 3 70 18 57 54 22 23 85 4 58 36 41 1 63 22 21 22 92 66 90 88 23 4 24 35 48 92 68 21 99 11 12 22 1 0 52 40 2 85 23 74 39 30 41 4 44 89 26 14 79 52 46 88 72 10 76 61 84 45 53 18 1 40 32 77 40 85 71 87 15 87 29 95 17 60 12 74 43 62 53 51 87 24 29 86 38 7 40 65 37 8 52 88 50 49 56 53 72 8 50 78 69 12 8 84 5 44 91 79 42 68 84 67 41 63 43 81 95 2 89 52 61 84 26 62 63 38 40 61 30 58 48 31 44 80 46 6 44 56 78 86 61 38 48 68 73 10 52 28 72 51 56 19 
83 33 81 51 83 81 14 86 19 29 76 70 74 1 99 77 44 78 60 1 30 71 54 19 4 4 47 25 80 84 44 38 80 36 37 30 78 28 59 71 61 8 41 0 70 55 63 21 33 84 30 37 67 12 17 44 32 73 62 42 74 40 18 12 32 87 14 39 66 42 57 70 64 4 26 59 93 69 72 26 89 18 7 95 66 33 71 41 38 53 27 72 13 86 42 85 6 72 94 73 15 65 13 21 12 6 79 94 71 92 59 22 21 89 18 80 17 83 38 92 37 61 58 27 45 30 57 56 25 9 6 98 29 94 33 11 11 19 25 71 4 53 27 56 65 93 92 2 81 55 52 32 39 35 16 75 63 91 46 53 33 
56 41 93 96 98 28 99 88 5 91 73 63 45 12 11 65 99 29 47 32 40 71 51 94 44 87 57 73 12 13 43 44 89 20 70 21 44 90 26 18 28 67 97 82 0 82 1 12 64 42 76 34 5 47 25 21 90 78 53 35 9 43 21 98 94 15 97 96 63 77 33 42 75 34 73 91 22 1 10 43 67 93 15 32 94 17 84 23 34 44 64 66 19 11 75 71 63 83 87 97 64 36 80 25 1 72 83 93 61 18 19 26 88 50 57 24 20 79 81 98 19 62 25 18 55 67 54 68 69 96 58 8 70 78 41 54 91 7 29 69 9 84 7 18 74 84 65 55 95 93 36 97 16 95 2 95 21 63 56 94 39 
48 91 28 38 80 86 50 10 54 65 60 58 6 72 69 64 70 42 79 24 32 94 4 78 60 59 18 37 24 73 69 10 20 10 62 34 61 65 74 71 75 38 19 15 79 0 74 80 91 48 33 47 91 69 48 15 15 11 72 73 12 28 19 32 41 29 94 5 59 17 51 65 78 85 79 43 40 98 97 72 16 53 71 1 60 6 55 12 31 96 71 61 84 85 13 83 54 94 30 46 80 72 30 39 95 26 15 51 31 84 93 15 60 77 11 10 37 39 85 69 12 69 42 34 89 62 35 14 25 5 14 7 85 20 37 47 9 96 31 81 42 63 8 46 33 32 81 20 62 38 45 50 56 57 13 82 73 41 38 98 93 
47 11 8 49 65 98 43 86 17 22 10 18 78 95 22 60 19 48 73 25 51 45 57 47 30 6 24 2 43 96 2 51 95 97 42 15 74 71 71 60 48 15 44 7 47 89 0 72 79 35 41 84 63 74 69 96 96 15 93 91 98 95 46 1 88 48 57 50 98 36 87 83 43 9 6 89 1 7 15 13 19 1 14 31 15 36 44 76 51 27 33 94 97 9 32 38 5 56 86 66 38 54 47 30 18 68 6 3 71 62 19 46 42 85 17 99 56 18 23 72 12 70 68 93 69 76 98 27 59 11 61 4 59 59 87 39 35 33 40 4 31 17 31 61 57 36 76 57 81 1 48 69 22 1 97 75 34 95 30 76 5 
20 34 3 7 90 78 73 66 63 18 77 60 27 8 27 90 58 68 2 35 33 46 52 67 29 39 38 35 89 84 93 17 37 50 16 69 91 10 18 85 13 60 7 69 69 19 8 0 80 5 83 82 69 37 24 29 2 35 32 27 1 17 44 34 45 9 44 83 24 80 53 30 61 74 56 8 54 55 93 75 61 33 51 47 11 39 23 18 63 32 33 8 27 99 64 4 61 8 82 43 15 22 48 81 65 58 54 47 46 75 88 61 11 99 65 69 32 70 69 92 56 74 59 51 14 70 87 93 16 6 18 26 44 76 39 97 40 13 41 48 58 17 38 62 77 93 16 56 39 79 19 99 4 46 79 53 2 95 5 52 72 
24 18 93 49 38 83 53 68 65 66 37 56 94 41 98 37 23 38 52 27 11 88 10 25 42 35 53 17 89 31 32 99 91 33 23 73 41 39 74 10 89 59 50 8 1 5 57 37 0 59 62 31 64 33 49 7 28 48 76 1 87 58 72 99 32 82 72 36 20 52 60 2 82 17 44 58 39 65 36 98 71 80 33 89 47 44 1 22 73 55 20 72 22 20 31 60 64 14 51 4 99 29 48 14 32 12 78 67 59 71 92 2 33 54 91 49 20 71 39 24 26 67 14 9 48 27 7 72 97 36 20 70 1 55 62 1 34 35 73 15 18 74 57 23 93 65 59 14 19 82 34 20 86 80 57 23 23 9 89 28 66 
87 39 92 66 36 95 99 75 7 93 78 21 89 66 51 46 72 10 42 55 9 63 38 24 7 52 84 22 47 68 12 66 35 27 63 55 23 53 27 19 21 67 93 32 23 6 71 72 67 0 84 90 94 41 9 65 62 86 1 7 95 53 69 14 95 58 40 64 73 38 48 74 93 89 18 13 95 72 38 69 60 85 3 10 91 20 56 70 94 77 4 18 55 4 72 55 18 9 25 69 23 61 26 68 34 16 95 23 90 62 88 41 44 17 33 52 69 8 59 53 75 35 94 60 59 18 64 6 46 12 18 69 51 72 68 3 98 72 59 73 72 38 59 42 65 14 27 3 87 49 26 24 98 25 90 83 64 53 24 35 54 
67 97 82 57 61 14 81 54 57 22 43 80 25 84 68 19 71 25 75 21 78 40 85 88 32 20 84 39 61 34 68 93 9 49 18 56 13 27 56 58 26 1 37 56 72 92 84 53 79 2 0 68 84 30 16 27 5 46 19 39 7 95 41 2 34 50 41 11 48 11 11 12 15 8 8 98 60 88 68 2 91 73 69 70 28 27 21 6 19 59 75 96 18 4 78 68 29 15 14 13 53 17 74 35 40 75 56 10 80 52 38 93 44 94 11 97 69 63 86 10 87 10 94 43 96 9 83 12 82 11 71 88 67 35 7 72 8 88 93 71 12 38 99 31 41 12 37 7 33 3 16 27 45 4 88 74 96 71 17 7 49 
32 26 56 77 46 14 31 52 45 71 80 69 20 2 81 24 20 48 21 65 51 91 50 21 71 73 90 76 11 35 23 65 85 83 76 76 71 99 46 20 22 71 47 20 11 27 41 58 45 40 91 0 70 59 91 73 97 31 92 9 58 37 50 35 73 80 52 41 78 78 19 97 83 81 19 66 54 52 5 86 79 17 11 96 50 33 84 87 88 16 9 16 2 22 62 80 28 96 13 29 25 87 67 75 19 73 28 83 51 36 38 77 84 90 53 50 35 49 46 70 68 49 29 27 34 48 84 60 5 33 91 26 15 33 90 7 8 94 93 74 32 73 58 79 38 81 79 91 96 19 30 34 88 15 54 48 66 68 90 38 58 
26 88 93 78 71 77 87 63 43 30 64 5 46 85 77 37 95 35 74 44 91 4 1 78 34 39 36 81 38 39 91 86 62 61 48 72 85 25 59 26 39 6 8 15 33 73 66 88 35 4 47 44 0 42 76 96 33 88 11 5 22 16 76 86 83 12 82 51 98 20 74 26 93 20 20 15 11 40 7 8 11 74 7 63 11 80 53 9 51 30 78 68 56 96 90 24 95 20 58 99 6 93 88 60 52 97 87 63 41 84 48 65 88 54 46 22 35 19 9 36 67 75 63 60 34 42 13 20 75 21 28 6 79 7 75 71 60 46 29 48 70 97 87 92 11 35 18 86 35 24 74 5 44 77 11 50 75 4 8 8 11 
79 23 37 48 33 44 43 46 48 61 22 30 29 72 56 99 95 50 47 55 86 71 25 23 73 85 12 73 82 1 46 14 40 27 69 63 32 71 62 17 58 98 80 15 23 38 13 46 86 37 50 74 44 0 30 97 96 6 77 9 95 5 57 73 6 19 78 53 36 26 50 94 12 74 13 99 8 33 26 67 82 75 5 41 28 52 35 63 95 79 21 11 26 90 84 36 12 95 5 8 6 80 20 46 56 43 6 1 21 40 89 71 84 48 38 56 64 51 68 46 9 56 12 14 98 90 76 9 92 64 96 12 21 22 3 35 66 63 11 93 79 21 64 12 59 3 34 78 47 17 20 79 61 41 81 1 38 41 70 54 15 
54 42 65 42 34 43 27 61 16 42 85 33 84 83 34 99 88 79 77 1 42 88 29 50 47 56 68 87 62 47 97 6 92 65 14 10 26 49 81 24 94 77 32 64 45 76 13 31 94 33 10 18 62 75 0 15 61 11 98 25 4 68 31 20 50 30 40 65 77 53 3 98 13 47 82 78 12 86 82 54 92 8 73 79 92 85 72 2 91 83 87 94 90 91 82 23 69 21 87 54 72 1 59 5 11 88 17 88 65 99 31 36 89 34 18 91 93 69 6 57 81 35 73 27 13 44 74 18 39 52 31 18 56 31 80 71 63 54 34 23 84 3 51 5 88 29 88 8 40 63 22 12 91 72 5 51 53 21 32 59 81 
43 48 31 94 34 9 55 46 57 25 59 90 8 27 11 8 11 23 35 39 53 60 29 41 31 29 10 40 92 24 94 65 64 34 41 47 23 33 95 87 28 53 77 36 30 16 85 74 87 21 41 47 20 77 76 0 91 32 68 58 17 68 38 42 43 83 51 61 21 26 55 22 84 94 77 57 96 47 20 81 77 90 30 70 18 5 94 37 88 43 8 13 10 3 29 94 5 48 58 26 69 8 37 66 15 31 61 11 11 45 86 46 22 56 68 75 25 54 67 88 51 66 48 45 55 73 78 10 66 42 52 52 67 53 24 48 80 98 50 9 93 78 17 50 31 52 43 37 98 5 38 20 51 2 21 74 90 83 33 22 33 
92 26 20 98 3 19 94 63 80 29 52 74 57 50 1 53 95 40 83 27 76 84 72 60 14 78 21 87 28 41 98 33 6 40 64 87 56 56 23 92 95 53 7 61 25 59 6 41 64 45 92 34 90 15 70 73 0 99 78 76 40 4 60 33 51 62 6 75 35 85 60 47 73 68 19 59 90 57 26 49 83 52 21 84 39 64 95 61 84 42 89 45 48 11 54 87 38 38 16 74 91 81 65 78 33 49 81 6 21 80 68 64 90 57 43 19 95 33 71 27 9 62 6 56 57 91 55 78 17 2 24 11 1 38 87 26 62 29 14 87 66 80 66 60 51 81 73 99 51 39 12 95 94 54 15 64 70 92 56 78 13 
16 88 30 28 29 4 24 60 97 90 65 81 46 66 66 79 99 83 30 45 16 27 80 66 65 54 66 98 90 12 30 88 40 45 81 43 57 90 11 91 36 15 50 90 43 83 71 80 71 63 4 13 77 5 91 49 87 0 15 6 20 2 75 88 63 9 71 57 9 79 48 26 54 84 78 5 79 72 21 43 60 10 29 38 84 13 61 36 51 94 57 25 32 38 58 27 18 28 57 42 8 42 30 16 55 35 56 88 83 11 84 49 6 67 14 95 80 21 92 43 41 49 99 53 78 46 48 31 40 68 52 18 69 56 69 51 11 77 59 75 64 94 9 37 1 25 7 88 72 98 32 34 4 2 70 3 3 71 8 20 21 
22 36 22 65 79 2 82 3 61 65 68 16 93 71 53 1 39 21 63 51 85 72 68 25 89 22 80 8 30 75 23 69 18 1 66 27 75 79 21 34 79 38 97 23 27 81 54 31 83 76 64 88 70 5 41 53 8 60 0 54 63 9 83 70 1 56 18 13 60 72 30 71 80 51 24 37 43 80 87 6 50 99 90 83 58 38 98 53 13 9 99 27 10 36 78 62 33 93 67 53 66 87 79 12 9 91 77 68 72 22 62 83 97 63 67 30 89 28 99 82 78 89 63 39 59 52 81 78 71 56 41 86 74 63 97 97 77 76 76 21 84 90 50 43 75 91 90 83 10 10 56 79 38 45 17 70 57 42 24 46 64 
52 28 86 83 75 11 2 29 42 93 58 1 12 71 36 95 31 39 25 42 83 91 48 49 21 18 25 53 95 82 42 63 87 6 34 38 19 4 72 14 9 96 23 14 24 32 39 5 49 97 74 11 75 61 59 39 35 3 87 0 57 65 56 94 13 23 27 5 38 38 54 78 2 83 51 17 22 46 40 63 91 87 62 76 9 60 89 4 4 81 7 20 31 45 92 75 43 68 3 66 57 58 42 84 66 62 55 69 27 3 81 64 32 64 22 21 31 92 94 63 47 52 98 49 88 74 35 23 71 75 79 34 70 3 24 68 84 81 77 19 20 83 17 8 64 77 95 34 30 77 65 54 22 65 59 6 34 67 95 82 10 
68 92 85 67 99 18 60 81 62 8 32 80 52 11 71 93 27 22 51 90 43 67 43 58 44 21 8 33 73 62 8 44 84 89 65 2 91 35 89 86 29 81 9 72 93 49 71 92 77 10 69 10 29 97 62 81 5 6 8 20 0 93 19 83 17 4 75 57 13 14 40 38 38 77 29 10 74 23 27 47 47 46 27 32 36 43 32 76 43 37 70 90 92 55 59 76 66 62 49 85 79 47 91 64 2 37 53 26 32 20 8 26 22 22 90 54 45 44 53 71 82 12 84 77 47 99 80 94 25 14 67 91 58 56 35 20 32 56 25 9 47 6 13 49 63 44 72 66 64 56 16 5 70 24 96 57 44 8 73 43 27 
87 6 16 73 91 22 53 73 4 44 39 53 93 63 16 54 70 96 66 44 63 89 82 73 84 26 59 40 31 70 17 86 94 72 32 81 5 66 83 87 12 10 20 85 82 63 97 57 33 87 12 34 92 25 17 50 83 72 71 39 33 0 98 1 4 68 1 34 62 20 68 36 52 42 19 40 70 58 76 72 11 5 39 77 49 99 45 46 92 41 73 3 39 84 68 78 75 81 3 40 10 48 76 4 18 58 49 12 61 99 36 50 34 55 70 41 43 48 99 5 1 7 43 59 20 20 43 33 30 78 56 37 66 28 83 3 16 68 56 88 71 97 13 63 83 64 25 35 56 87 24 84 71 49 50 94 28 36 80 62 20 
18 69 9 2 92 39 75 71 31 47 63 9 47 27 33 59 37 34 77 97 35 76 38 28 76 47 36 50 36 19 53 49 5 88 54 96 87 99 4 57 62 42 23 96 33 19 16 58 96 77 57 6 3 63 48 74 22 1 98 81 42 34 0 69 5 78 40 97 95 2 11 28 1 65 3 81 43 51 9 85 73 72 34 33 32 27 19 27 18 11 29 9 82 69 70 79 40 84 97 43 32 17 26 15 31 2 53 10 46 96 95 96 76 17 77 75 28 49 18 84 67 34 91 68 85 6 26 41 16 45 2 21 13 27 23 16 70 27 57 3 39 55 80 38 81 55 53 15 4 6 81 19 87 46 60 27 4 31 13 72 76 
91 9 24 3 41 42 78 68 72 69 97 64 69 17 74 18 14 69 15 46 41 37 89 46 92 73 32 37 19 35 82 79 54 12 3 14 92 84 90 46 9 34 87 95 48 52 35 2 29 50 82 54 16 27 11 3 72 34 3 5 99 42 19 0 19 97 80 84 38 7 25 28 79 42 96 30 6 53 47 57 37 56 26 10 6 57 5 55 26 45 64 99 73 65 62 86 47 96 25 17 38 14 63 23 56 38 76 84 24 55 27 38 17 88 99 14 15 53 15 49 26 78 53 96 57 1 17 34 11 94 38 1 84 75 96 14 60 17 55 74 96 6 80 70 48 91 98 29 49 23 65 5 15 59 30 11 18 94 54 55 27 
46 38 2 23 47 54 1 52 37 25 9 5 32 9 27 72 89 58 68 31 48 43 43 79 80 7 99 44 59 42 28 46 90 60 89 4 65 65 96 47 33 53 72 73 35 75 25 40 61 1 69 13 90 84 8 26 40 27 62 55 62 6 57 5 0 75 35 79 52 94 33 39 5 21 85 5 18 34 35 76 21 37 34 41 81 64 85 23 35 25 72 56 92 74 97 1 72 38 62 60 4 27 52 14 11 59 44 66 8 89 75 55 59 27 94 65 74 94 65 67 61 47 1 49 4 22 89 45 99 63 21 9 1 85 57 33 1 97 82 38 74 1 59 36 5 6 31 30 70 66 65 61 30 29 69 53 82 71 86 21 93 
51 18 41 94 16 97 48 24 52 46 3 69 46 5 2 13 60 69 2 77 87 2 69 86 60 76 68 44 33 89 79 86 68 78 11 15 47 14 67 14 52 66 31 89 51 3 72 15 19 36 25 12 67 17 68 37 3 1 61 39 39 5 67 8 10 0 69 84 72 47 2 46 66 30 39 93 25 14 18 26 40 53 73 5 68 36 25 56 44 56 25 4 82 79 88 38 26 14 98 84 82 72 17 81 18 8 85 85 65 91 63 70 99 1 30 85 21 12 91 97 35 35 87 52 68 66 24 2 97 94 1 73 76 6 54 96 2 92 31 79 59 57 20 42 16 39 69 57 49 53 66 24 29 70 38 63 14 55 40 2 7 
9 24 54 22 33 69 94 25 64 94 33 76 22 33 49 98 17 30 75 14 4 66 86 24 86 27 79 10 22 54 3 53 59 33 88 17 25 84 42 87 12 48 28 38 6 39 5 3 36 85 6 82 50 42 53 99 10 92 87 53 10 46 96 7 19 39 0 89 64 81 48 52 97 27 59 45 65 12 34 50 89 67 77 95 55 13 93 6 85 27 66 27 29 23 82 26 58 66 28 85 6 51 27 21 35 76 53 88 78 78 16 40 20 73 63 34 8 79 9 48 37 96 36 21 22 69 72 76 31 58 53 31 89 74 73 32 41 46 71 14 24 73 47 83 58 4 60 67 99 64 56 53 60 77 90 69 70 31 67 28 91 
77 75 34 38 63 93 43 98 54 60 24 83 84 3 51 3 70 80 25 85 58 32 83 43 21 11 27 17 66 78 99 36 87 52 32 13 75 54 53 42 87 62 43 74 90 18 19 87 14 12 54 58 82 93 15 43 14 10 49 98 79 96 76 4 99 42 3 0 23 36 31 6 22 17 13 66 91 74 15 35 12 44 2 84 92 60 14 83 29 15 11 93 82 89 92 91 95 23 4 77 55 91 16 17 21 77 6 83 39 72 90 71 33 63 29 44 9 41 16 66 54 11 4 76 18 15 76 19 73 87 69 96 62 39 52 33 74 27 17 12 60 58 20 6 1 42 66 20 94 32 32 66 31 9 33 44 95 94 55 70 63 
33 74 11 69 21 82 61 16 53 7 51 87 8 41 10 83 78 10 35 8 53 63 4 73 25 52 70 98 86 84 31 15 8 95 83 72 95 64 20 30 58 61 73 23 47 72 50 30 62 48 78 54 52 39 82 49 99 63 88 59 13 86 50 89 27 53 89 41 0 91 41 60 81 98 48 15 19 26 46 66 45 82 71 52 34 94 84 42 45 90 11 40 73 19 32 71 62 25 27 33 25 95 92 64 19 19 28 4 10 12 2 92 40 40 34 77 72 98 77 41 96 63 62 35 34 36 98 78 3 56 54 44 56 47 72 18 25 72 60 81 7 30 27 9 37 86 62 69 55 56 26 28 83 53 69 4 33 27 39 84 23 
27 15 2 62 64 27 35 55 16 74 20 81 65 23 39 85 87 49 78 16 6 62 88 67 35 35 71 58 41 99 9 54 63 87 91 92 40 10 99 63 81 38 53 64 65 97 45 61 33 51 30 90 4 92 48 57 24 17 64 38 13 42 98 13 37 30 38 55 59 0 21 62 38 47 97 19 87 19 49 70 10 12 88 80 1 9 25 41 99 50 6 73 62 85 32 23 37 3 79 45 77 53 91 72 61 77 19 75 48 82 66 95 29 9 64 93 92 45 4 44 54 57 84 91 43 8 94 19 27 54 63 85 27 15 48 69 66 16 3 26 5 15 37 66 92 81 39 26 32 84 59 58 45 48 28 74 7 64 47 87 91 
75 98 39 68 63 46 42 1 80 20 48 72 74 83 5 70 39 12 92 66 7 54 62 87 38 78 68 29 11 88 84 30 66 40 6 82 20 49 45 44 36 58 15 20 19 16 87 75 75 48 63 58 34 86 95 41 60 45 50 16 14 36 65 69 91 95 61 89 4 18 0 56 15 31 66 83 29 23 40 82 88 52 18 14 5 54 46 57 34 81 73 77 77 58 23 47 44 1 16 39 88 1 25 75 21 8 80 19 51 31 32 14 66 60 84 80 27 62 79 13 41 20 36 73 34 82 36 78 15 14 32 1 2 24 92 50 28 69 73 81 37 36 46 9 48 38 20 5 97 44 16 76 12 68 56 5 56 11 56 26 96 
87 41 86 66 19 64 56 68 3 92 18 27 58 72 50 2 43 17 35 62 16 35 5 96 19 18 45 66 35 10 43 31 56 6 33 90 85 17 4 26 83 78 10 28 77 7 83 1 29 19 89 11 62 23 81 70 13 52 18 34 55 68 25 55 21 46 11 70 65 15 13 0 93 34 85 46 45 25 8 14 53 50 75 75 64 28 44 74 76 33 65 97 13 36 98 63 49 67 10 62 2 67 5 95 6 93 92 3 32 96 32 60 92 15 96 84 90 8 91 88 98 46 38 59 66 10 90 66 43 51 9 13 43 55 92 84 2 72 12 1 50 71 23 45 57 98 94 60 4 22 9 64 53 20 19 79 49 46 18 43 64 
63 38 33 27 11 11 92 11 88 57 78 58 30 4 46 12 7 47 94 49 47 3 81 53 7 44 89 79 15 52 92 92 61 69 5 12 89 9 62 75 51 45 80 48 26 84 85 78 61 70 97 36 37 19 4 60 19 57 14 51 73 60 66 20 41 4 49 28 49 77 76 19 0 57 25 66 54 34 8 6 23 64 55 11 62 52 26 29 40 19 22 35 88 67 24 28 10 68 59 18 91 72 62 70 15 99 19 73 79 31 8 74 91 82 1 69 71 57 79 65 51 95 34 99 70 44 72 55 52 87 71 65 60 21 71 83 62 87 29 54 53 86 64 66 25 39 81 4 7 40 34 29 70 52 53 30 82 87 39 61 53 
86 95 32 69 96 46 66 11 52 1 53 19 17 92 82 81 40 54 69 38 53 91 32 78 57 99 60 9 24 16 28 4 76 44 82 23 36 50 85 20 89 93 66 32 1 25 13 27 28 35 48 50 59 69 99 93 15 8 39 5 77 65 23 68 32 12 35 72 48 60 83 10 56 0 91 32 45 66 71 36 22 74 71 28 66 3 88 6 90 56 14 80 38 30 70 22 26 32 65 24 8 82 34 39 90 49 1 7 44 88 56 35 51 11 81 13 56 32 55 43 84 52 9 39 74 60 85 92 63 9 28 18 14 9 19 16 37 51 33 41 14 78 67 44 5 25 12 74 90 46 20 95 92 49 80 76 91 52 95 27 35 
28 73 35 41 25 35 9 58 22 8 79 18 12 46 24 34 20 23 92 69 40 49 65 10 92 86 86 10 16 21 64 16 46 32 92 88 42 34 25 17 63 30 91 70 65 72 52 85 85 40 80 47 79 13 17 10 16 51 70 53 75 15 49 90 44 73 6 28 7 43 84 48 38 9 0 68 64 26 39 34 79 68 42 88 99 81 26 14 3 93 15 17 36 21 24 90 53 64 68 70 16 49 54 88 14 8 12 86 59 42 29 85 37 73 45 77 44 43 59 14 95 30 63 11 62 37 29 19 44 75 77 57 86 29 73 7 88 94 57 9 54 82 54 22 95 54 36 39 79 45 31 5 17 64 30 94 96 52 62 61 77 
98 34 12 84 97 88 93 3 74 74 94 98 94 19 30 54 51 85 17 82 91 65 31 47 73 32 80 95 77 5 40 65 10 82 87 64 89 89 45 52 19 94 68 45 57 77 36 22 71 62 59 9 23 15 49 72 12 49 74 47 64 15 83 73 17 18 64 32 92 99 15 36 5 81 23 0 33 76 32 9 46 56 82 32 13 48 60 88 75 51 53 16 91 11 14 75 58 71 41 95 82 47 48 53 40 91 75 80 41 36 78 36 52 22 22 7 61 11 28 4 98 64 3 20 66 28 54 38 21 70 69 56 49 39 65 13 45 28 5 80 57 76 61 45 72 26 55 62 45 73 22 82 2 93 35 29 11 65 86 77 95 
34 75 13 88 13 84 88 31 13 1 26 83 14 8 27 22 50 60 81 56 94 2 21 39 73 83 75 57 65 50 7 86 73 42 42 27 74 18 12 74 77 25 42 75 84 40 73 6 69 27 38 48 66 33 49 42 45 33 17 24 69 24 66 68 57 92 50 92 7 43 26 45 66 5 68 66 0 3 12 69 41 71 23 76 38 1 45 18 61 61 86 59 56 47 10 70 33 14 44 54 53 18 47 96 10 2 26 1 97 93 10 55 57 38 84 7 86 43 72 21 78 45 95 51 24 26 3 41 46 45 20 64 15 34 47 18 31 34 7 61 57 24 21 14 23 26 86 79 53 82 48 73 90 54 4 75 58 74 55 52 22 
54 73 71 55 93 43 35 31 72 76 17 35 3 59 3 40 91 91 99 24 26 99 53 87 22 83 41 2 83 33 98 78 91 25 31 96 54 47 49 7 33 90 50 3 3 82 22 9 29 49 39 4 6 86 39 52 30 21 68 53 62 50 80 25 56 9 75 12 59 4 39 65 41 18 52 8 4 0 25 72 90 23 37 49 72 63 68 53 56 67 97 67 91 7 75 20 95 27 21 53 90 27 6 37 16 93 40 68 13 94 88 17 84 99 64 24 98 68 78 8 83 86 54 83 82 52 84 86 12 36 74 85 31 45 18 39 31 6 48 20 14 71 16 7 78 64 51 69 71 12 16 92 73 72 39 67 61 19 48 39 75 
25 57 10 87 31 24 44 78 87 30 49 9 81 53 37 43 98 87 21 95 82 78 22 6 57 17 27 70 95 40 1 40 32 35 47 88 27 88 55 26 42 22 95 70 4 82 48 22 21 79 49 49 46 2 77 75 88 46 71 77 22 65 34 15 60 22 41 60 38 37 76 53 69 36 53 20 70 37 0 61 74 11 71 88 89 54 5 19 3 33 9 16 42 98 52 47 91 87 43 88 58 87 70 82 16 60 37 19 83 99 35 8 10 90 77 34 95 54 1 8 10 13 38 34 55 27 45 47 93 27 95 23 12 60 36 17 20 17 24 40 14 6 40 12 81 21 99 21 33 14 40 79 2 89 81 94 8 85 45 19 41 
7 74 40 76 65 36 98 33 62 11 80 35 7 43 1 2 66 7 7 13 55 53 84 16 20 24 5 89 28 54 17 39 59 95 81 86 25 43 94 81 5 82 44 79 8 4 15 23 17 24 36 64 41 96 15 6 81 27 25 73 88 62 91 91 51 16 12 85 20 21 93 85 90 24 63 91 34 20 42 0 29 20 57 40 21 56 6 9 19 18 26 41 39 80 40 67 66 66 34 17 32 98 19 38 64 38 37 11 61 5 5 22 29 6 66 94 75 88 77 20 96 85 36 30 3 44 61 75 72 72 55 13 51 32 62 16 22 54 61 40 60 59 58 82 60 5 96 9 50 86 72 31 4 22 11 4 96 12 2 70 1 
15 53 42 57 24 72 86 56 61 34 31 84 21 1 27 62 67 33 47 31 88 85 28 67 52 64 68 6 88 76 30 55 92 19 61 99 31 66 51 21 31 16 96 2 24 78 12 65 84 39 9 26 13 81 3 62 83 14 5 73 36 66 83 96 17 6 81 26 84 6 34 25 4 27 29 59 1 19 90 43 0 61 67 42 94 29 30 30 17 56 75 95 78 25 42 93 51 64 67 87 15 62 43 47 69 51 6 77 75 64 36 75 60 57 2 45 96 96 88 94 49 86 99 6 87 76 38 47 77 26 71 8 50 73 4 24 14 8 66 95 57 75 70 93 63 62 58 3 14 97 8 8 10 95 96 31 19 10 24 65 95 
35 47 15 73 68 89 63 24 39 19 98 5 70 99 56 14 18 5 94 73 82 4 60 54 95 55 68 16 7 6 23 90 76 7 51 97 62 7 47 82 36 68 66 82 34 83 44 40 71 78 44 73 77 16 74 39 20 48 37 66 30 27 72 54 27 74 61 6 21 43 84 9 23 73 69 24 29 92 10 47 39 0 66 72 87 11 16 63 59 30 81 24 31 87 9 45 10 21 2 58 58 20 60 40 67 40 12 10 2 56 56 63 27 20 3 77 32 16 46 56 67 69 28 4 60 36 86 14 75 2 38 49 43 89 61 26 72 58 45 31 4 26 8 62 84 8 47 8 21 12 47 77 64 85 27 69 46 80 53 57 33 
58 68 35 26 89 61 96 21 34 29 25 53 26 89 80 98 61 8 39 20 80 37 67 56 78 41 26 23 14 37 10 69 70 52 83 75 45 80 89 75 72 80 51 66 50 2 10 48 53 97 96 86 21 86 34 96 61 63 20 46 76 74 37 49 92 68 27 88 83 75 67 89 12 1 25 84 7 48 67 50 26 87 0 28 80 6 94 5 67 20 50 87 16 99 56 8 24 83 22 36 90 46 26 19 64 94 75 28 92 93 25 74 99 86 35 3 27 12 26 27 40 47 38 63 19 63 29 19 31 48 10 69 33 6 73 87 78 39 51 77 79 38 49 41 9 26 19 93 2 97 5 22 5 81 73 27 31 44 90 45 24 
34 45 57 89 25 80 75 35 31 3 79 17 34 80 80 58 40 67 3 93 59 82 74 22 14 56 31 55 20 2 66 5 45 91 73 46 57 28 8 12 31 46 33 79 60 64 35 35 14 44 60 87 63 36 78 12 9 11 33 38 10 97 37 65 62 80 28 8 57 42 45 63 29 14 69 54 93 15 63 9 2 27 43 0 72 92 84 22 5 99 59 58 99 2 83 30 47 66 62 91 33 43 98 79 32 65 47 23 93 30 93 32 57 44 2 99 23 47 58 83 49 72 34 83 16 15 99 53 27 62 53 36 51 39 7 22 17 48 1 71 91 86 56 13 59 94 92 97 70 59 33 26 77 39 62 79 29 85 20 82 45 
66 99 59 94 35 97 50 14 28 94 3 85 98 34 99 30 84 75 12 18 16 88 12 91 66 45 36 34 26 57 5 78 2 62 17 99 85 5 49 73 68 35 48 41 66 81 16 20 39 62 53 49 38 3 38 92 81 11 62 83 10 21 26 19 83 30 38 92 62 33 19 72 30 48 52 30 16 28 3 23 81 73 59 81 0 8 76 22 82 31 19 70 64 15 70 37 41 53 89 75 62 19 48 42 16 49 28 63 17 28 18 79 46 48 84 22 11 33 8 16 26 98 70 29 55 63 93 67 27 21 45 36 6 92 39 52 94 11 58 79 10 65 15 94 92 46 26 84 37 6 39 40 19 33 17 22 48 52 67 1 8 
77 41 84 37 21 30 19 34 56 61 16 70 29 75 20 55 98 75 66 89 14 5 77 9 9 57 90 76 12 42 74 46 67 43 33 56 5 10 34 33 59 86 7 49 64 72 92 98 13 59 80 13 41 2 7 41 7 74 82 92 96 95 19 1 14 55 74 40 23 3 51 35 18 77 43 74 11 75 44 29 21 53 50 25 18 0 35 4 68 71 28 62 55 6 21 11 54 36 36 24 89 92 72 30 74 90 92 60 94 52 80 70 21 33 35 54 74 25 53 60 31 31 34 87 57 65 11 38 47 32 85 44 99 58 29 49 24 59 70 96 69 37 11 93 37 33 1 13 46 18 95 8 67 93 65 10 29 7 62 33 47 
68 90 83 35 27 48 33 33 60 91 90 90 83 6 8 51 82 74 5 10 51 42 29 19 11 68 3 50 98 5 94 55 89 33 72 98 50 37 8 88 88 68 65 73 94 44 31 77 75 59 10 74 40 71 35 45 98 45 67 79 73 96 58 54 68 79 56 25 77 92 82 83 80 65 22 32 55 39 36 68 6 32 43 95 61 69 0 51 18 63 63 93 86 80 63 40 2 40 93 61 83 16 31 95 48 22 81 82 72 93 82 80 49 24 42 97 42 24 90 55 31 56 68 18 80 62 41 41 1 82 48 85 56 73 89 59 26 27 59 19 13 82 75 47 22 88 75 80 42 54 83 97 11 67 31 12 20 41 89 3 8 
20 93 73 53 11 49 95 39 44 84 43 39 30 48 5 14 73 91 80 26 2 59 65 75 5 99 36 6 29 62 86 83 52 19 6 99 55 66 95 47 99 84 62 6 23 23 17 76 71 44 5 81 66 96 23 19 8 82 73 29 27 30 37 66 73 17 21 68 69 7 78 49 38 19 22 33 47 44 56 28 11 92 62 8 99 97 75 0 93 41 66 31 42 92 26 8 86 99 65 14 87 42 26 34 29 33 76 51 49 49 8 34 2 46 27 40 34 27 59 43 57 92 44 88 44 82 22 74 45 13 9 88 90 78 65 15 92 3 80 23 4 37 14 81 28 47 22 65 28 43 79 16 10 89 47 38 77 46 90 84 86 
10 42 72 65 64 90 35 35 88 45 99 87 35 23 65 52 33 98 95 96 12 57 77 91 83 10 71 22 74 41 90 42 39 63 51 13 64 2 94 91 22 40 29 28 68 23 40 68 42 40 49 96 87 99 90 99 7 32 80 86 45 50 73 57 36 25 37 52 82 87 74 40 93 89 90 57 54 98 51 9 80 51 26 17 26 81 80 15 0 97 51 92 48 41 4 56 72 47 27 27 83 17 38 23 39 95 73 57 57 65 65 11 28 3 8 28 11 7 49 46 98 70 49 88 81 13 95 79 18 25 8 75 61 23 53 28 73 16 54 30 1 51 4 35 42 56 70 85 54 18 57 10 30 76 30 84 67 41 41 67 80 
45 33 92 26 75 51 28 7 4 49 4 65 69 16 46 33 36 5 92 66 30 7 76 44 38 41 54 84 46 69 85 42 67 25 25 87 56 42 80 18 72 12 19 93 62 92 62 82 86 10 56 80 42 11 67 23 29 85 6 42 65 79 28 78 79 53 73 68 12 36 1 70 16 21 5 66 36 62 85 80 14 11 60 33 89 84 97 87 69 0 1 74 63 76 1 78 7 56 73 53 72 40 91 22 22 50 38 46 19 43 46 48 77 21 72 89 67 89 23 4 7 89 90 1 53 69 17 72 60 84 5 31 97 38 74 70 81 73 96 13 88 89 18 14 95 44 95 85 60 31 30 33 44 13 73 4 84 47 47 38 80 
78 79 46 17 20 47 32 10 84 1 80 46 56 2 54 32 31 64 81 47 87 16 60 49 54 17 33 50 87 59 56 83 63 69 24 10 58 62 36 12 97 82 91 83 68 63 58 89 4 94 18 9 40 74 74 69 82 8 60 88 5 6 81 99 27 57 84 59 88 2 44 79 86 19 67 74 72 97 20 87 51 8 85 49 55 80 83 80 70 87 0 62 22 45 92 2 11 62 63 50 66 39 95 82 17 80 47 93 89 44 23 54 73 81 59 13 83 44 59 63 86 54 81 49 25 59 59 46 11 35 45 44 48 76 90 93 73 81 89 71 81 16 11 81 18 21 45 5 88 23 12 81 82 15 10 88 68 14 4 81 92 
58 65 13 9 17 18 74 51 57 15 25 29 88 52 78 37 39 29 94 14 57 38 22 64 54 89 27 43 21 19 45 70 1 23 25 24 34 9 40 22 41 43 79 37 15 63 97 15 90 27 57 1 67 12 46 71 38 40 63 24 27 75 47 65 69 89 9 58 34 88 79 79 61 22 7 99 51 1 64 13 63 96 48 31 18 3 82 10 98 57 96 0 23 16 52 89 5 5 3 43 3 91 55 41 45 9 2 89 45 30 84 45 90 31 45 19 56 36 51 20 80 61 99 76 15 2 36 66 88 96 69 14 58 87 84 41 61 87 76 67 19 14 11 99 80 48 3 20 67 31 54 59 99 90 43 85 17 74 53 55 20 
18 73 95 86 57 66 40 55 33 98 45 98 18 91 38 52 26 93 38 9 2 36 74 17 34 18 41 37 59 29 6 81 38 24 62 62 93 70 10 33 43 52 65 43 96 87 52 59 95 82 57 15 87 34 51 85 22 61 90 65 24 90 17 36 76 86 5 28 76 57 20 83 72 77 45 96 51 50 86 98 51 90 73 66 26 73 18 83 10 6 70 96 0 4 43 9 58 95 43 4 29 87 77 86 4 20 66 23 30 22 53 71 88 38 26 60 29 74 82 68 50 23 81 41 83 83 54 38 77 55 59 57 80 17 99 90 23 37 72 41 63 85 10 75 94 2 34 64 50 99 73 45 73 86 65 44 47 73 98 78 95 
77 53 36 36 10 38 8 43 2 10 80 3 26 74 82 18 99 32 12 48 18 33 57 60 85 69 31 84 55 83 48 72 84 59 13 7 21 7 30 48 78 14 10 1 43 63 42 34 82 20 82 83 52 83 26 73 77 99 10 87 21 92 30 94 95 94 7 54 15 45 19 15 71 35 33 34 81 66 80 58 58 97 36 20 10 63 33 17 44 35 30 99 40 0 35 27 12 74 12 84 32 68 8 72 26 62 81 13 77 95 2 30 87 48 37 62 25 79 74 55 97 41 8 35 21 9 53 80 51 68 37 65 29 3 66 96 59 52 75 23 89 32 42 29 91 83 67 53 47 49 21 49 29 32 48 83 16 86 11 21 8 
58 22 65 64 61 86 20 39 33 81 56 49 57 40 27 86 37 39 90 91 8 68 89 17 57 97 63 67 11 10 39 48 21 45 41 40 45 51 5 29 86 10 41 51 23 72 58 4 5 82 39 81 58 55 98 5 70 36 8 8 39 7 18 57 45 98 56 62 24 82 80 10 10 51 20 10 75 3 97 91 59 97 59 47 83 64 75 63 25 55 51 45 41 34 0 16 95 20 90 37 96 23 42 27 10 5 59 55 15 97 99 54 42 7 88 95 45 58 25 79 33 84 73 75 1 75 93 75 16 69 50 97 93 67 25 8 39 56 11 85 63 14 45 78 84 79 97 12 21 45 79 67 86 43 82 96 19 47 84 43 93 
73 47 17 40 30 55 94 43 30 72 82 90 56 63 76 77 30 59 19 60 6 40 42 86 93 58 19 58 94 60 92 71 11 20 77 35 55 93 35 35 69 35 71 36 36 52 24 23 30 94 22 88 50 22 92 2 15 34 49 91 80 93 25 34 70 48 16 24 16 62 71 66 63 96 33 6 77 4 67 2 55 10 37 57 3 60 39 12 55 43 49 51 25 13 71 0 90 20 81 18 82 66 5 76 87 89 63 20 40 60 51 96 74 53 76 50 52 65 85 61 61 64 64 44 17 85 55 56 15 85 10 80 91 27 18 46 24 15 27 57 64 28 13 54 44 99 23 42 26 42 69 53 21 98 79 89 22 62 24 57 90 
22 52 95 65 6 59 6 73 76 31 11 66 75 37 94 51 32 37 74 58 99 71 87 40 59 39 58 54 28 96 48 85 98 94 97 61 94 59 82 88 29 42 23 49 44 99 16 36 36 71 3 60 14 25 62 16 41 83 67 49 78 32 5 49 53 81 76 65 36 58 98 14 13 69 48 38 4 28 51 46 48 36 98 98 35 3 18 91 78 64 66 10 3 68 50 64 0 88 82 24 44 1 3 95 62 64 40 44 11 44 18 74 54 60 66 40 64 93 33 78 39 77 91 39 16 88 22 13 42 80 50 90 66 18 30 93 31 5 17 85 24 22 94 16 75 72 89 90 43 35 62 17 19 8 66 10 26 25 78 4 9 
61 24 74 68 21 48 59 30 27 8 23 12 11 25 48 75 43 5 30 41 6 37 93 10 68 60 18 29 55 54 26 60 43 28 57 16 40 10 75 37 13 19 50 59 86 88 94 60 52 11 90 97 93 36 45 56 81 29 20 24 89 5 44 26 62 65 34 85 21 57 54 42 4 74 85 46 77 8 62 28 67 94 30 60 46 66 55 24 51 83 19 52 80 82 48 21 75 0 56 41 64 22 59 91 24 28 22 82 65 99 80 9 38 36 84 11 30 71 74 25 26 21 55 70 34 12 7 93 74 89 1 32 98 49 65 35 68 24 37 35 87 50 52 90 52 70 96 8 72 42 65 12 44 35 77 88 76 45 44 14 48 
5 25 9 2 19 9 47 11 10 83 88 46 19 91 45 8 53 1 98 2 85 78 37 54 51 3 64 52 58 74 23 20 72 56 56 31 28 87 15 36 77 15 32 42 22 88 23 51 40 94 76 94 10 86 63 83 33 77 63 72 6 66 68 47 20 55 14 86 46 14 96 59 32 54 46 28 33 3 68 83 59 57 54 9 97 5 19 99 47 57 90 61 11 20 24 9 31 23 0 9 44 28 92 14 75 18 70 10 76 38 7 78 44 13 30 73 87 89 71 89 87 58 26 19 32 54 29 94 28 84 8 56 36 60 40 65 27 4 39 71 43 66 15 97 98 11 88 98 27 93 77 52 81 15 78 47 66 17 58 52 82 
45 13 75 76 68 40 3 82 32 31 31 26 9 99 86 13 39 58 6 24 14 34 94 90 64 5 68 88 79 37 73 7 22 57 40 42 85 22 31 58 4 3 47 46 24 99 81 28 91 2 50 43 6 15 4 65 20 22 59 45 91 57 40 26 55 39 41 19 2 12 42 45 18 54 42 66 98 66 21 92 82 95 27 72 41 91 77 67 67 2 41 91 35 78 69 99 64 60 25 0 98 39 67 48 14 57 27 35 26 10 84 54 55 5 58 11 99 29 73 90 73 94 60 16 81 40 18 89 22 17 11 89 79 10 90 10 95 93 80 71 20 30 81 32 52 26 26 84 23 53 33 82 5 55 83 95 68 15 95 73 51 
39 86 11 98 91 72 52 3 59 77 5 94 21 96 72 80 18 92 66 23 98 24 5 51 95 22 36 87 93 60 88 36 54 99 61 2 62 32 73 28 56 97 63 79 23 68 37 1 92 75 81 51 99 99 63 94 24 51 39 39 3 55 73 22 36 98 66 68 7 1 11 3 97 81 78 31 25 17 9 12 78 71 12 4 18 77 38 68 62 40 8 67 78 88 60 68 54 64 76 59 0 68 27 98 78 23 99 50 98 61 41 69 75 13 85 83 40 96 37 51 37 54 33 89 99 95 82 72 33 70 94 17 53 91 11 36 31 31 66 67 87 42 50 74 47 28 79 59 62 16 15 96 49 50 38 75 29 13 51 59 24 
98 85 42 64 59 95 44 9 68 45 42 19 37 12 50 2 72 76 22 82 53 9 86 74 83 17 30 68 89 35 71 53 40 83 38 82 30 68 91 77 24 47 49 61 89 62 92 4 26 56 73 94 31 73 49 34 44 19 72 71 32 26 21 13 43 76 84 53 99 58 49 58 29 6 95 48 22 25 42 91 99 78 58 7 36 50 20 69 2 38 39 28 72 25 41 30 32 56 3 60 25 0 93 40 21 6 33 65 73 99 91 71 86 63 42 89 33 14 62 25 46 9 11 71 19 9 10 80 95 88 75 92 97 95 57 63 76 67 95 50 59 58 1 25 43 34 37 97 61 85 58 99 20 66 49 66 61 57 9 87 43 
17 14 82 8 8 41 23 73 1 3 41 41 59 74 29 50 98 21 76 47 40 21 74 83 31 18 10 91 19 31 72 56 73 27 19 72 2 93 38 55 58 68 63 46 39 38 98 4 33 59 45 44 93 33 12 74 61 44 41 71 85 39 52 63 17 51 45 64 64 25 6 86 65 13 42 43 39 58 10 55 18 79 35 80 62 89 87 63 57 17 30 18 42 79 25 3 38 78 7 65 76 29 0 17 72 46 98 9 21 32 15 24 50 75 82 21 65 24 49 62 92 68 64 77 15 2 14 90 52 91 81 84 87 18 45 87 47 46 93 66 83 81 13 38 58 27 51 82 38 99 57 86 95 1 80 33 88 48 22 53 54 
45 6 68 40 74 85 23 3 29 22 54 37 67 89 37 16 38 37 93 68 31 66 11 60 73 78 68 9 53 52 9 30 56 86 84 47 91 65 58 52 73 54 63 31 70 23 44 34 66 13 61 20 1 71 26 75 29 79 63 87 94 73 14 54 26 99 1 81 70 4 31 14 3 10 14 95 75 54 25 74 43 16 89 46 72 50 6 94 23 12 26 70 50 70 13 81 54 23 3 92 41 70 52 0 30 99 46 21 12 82 98 45 92 19 77 63 12 50 43 74 50 13 83 94 4 70 77 56 69 70 80 10 71 65 23 18 90 16 51 79 77 81 3 22 75 26 13 16 81 29 9 35 55 77 35 49 42 94 1 52 36 
78 31 29 48 48 76 42 47 9 42 50 79 71 21 13 79 91 30 57 85 4 37 39 63 39 40 59 33 2 90 47 49 87 58 9 73 90 41 7 85 8 57 84 49 77 46 63 67 87 10 68 87 55 36 34 80 19 68 98 22 67 7 84 87 97 36 3 96 1 84 65 48 62 30 41 33 47 17 52 43 63 36 3 85 22 25 7 1 90 66 21 47 74 43 52 87 63 66 14 63 43 45 62 97 0 15 3 17 79 4 73 7 53 73 93 27 95 77 79 58 56 73 56 13 42 46 87 57 51 56 49 53 10 59 97 9 83 94 35 33 38 59 24 80 75 48 82 84 35 90 72 26 72 62 70 63 18 70 21 11 75 
63 94 38 25 24 29 94 86 76 16 58 40 59 14 86 18 46 94 72 7 74 30 45 32 72 10 86 82 88 89 40 43 19 98 64 72 21 83 82 81 54 40 57 60 9 24 96 26 94 47 30 53 61 69 96 22 9 16 13 29 37 77 71 49 53 40 20 57 67 74 73 78 62 54 71 73 50 35 65 3 7 24 32 70 80 98 70 61 4 40 51 62 24 39 38 43 10 4 68 40 25 24 27 68 44 0 30 50 78 11 99 71 74 49 53 10 48 74 26 17 42 8 86 41 96 94 28 82 52 10 8 26 80 68 96 19 17 61 26 41 61 60 28 94 2 2 56 32 63 64 55 86 48 44 44 9 44 21 10 19 32 
46 72 23 84 28 10 89 18 56 77 58 53 87 30 86 26 36 68 38 13 85 21 10 23 10 38 29 95 45 92 87 73 52 24 43 83 60 3 43 68 10 93 24 74 13 9 54 6 77 68 91 91 92 74 64 43 53 9 80 37 87 29 78 98 22 11 80 87 77 76 96 11 57 85 22 24 77 51 78 18 20 32 89 4 85 4 67 68 65 98 44 75 9 49 31 37 39 74 93 24 93 39 73 63 99 53 0 25 65 87 50 34 46 97 39 44 12 91 64 67 74 34 93 42 30 25 22 8 67 43 12 33 85 1 39 93 87 1 86 41 23 61 39 5 33 61 14 63 84 50 68 6 65 96 18 62 20 8 21 7 28 
29 38 13 93 31 24 68 93 28 36 28 10 96 24 36 10 46 80 78 26 96 16 10 42 4 98 41 37 31 95 41 5 83 63 63 47 22 26 51 81 42 49 93 27 85 47 38 26 16 87 42 45 75 82 50 8 34 2 50 47 96 18 40 7 55 67 89 26 13 80 89 94 19 27 1 67 32 82 86 1 1 33 48 97 96 5 85 56 52 84 42 36 98 15 11 26 14 95 74 88 58 7 8 73 16 11 70 0 13 41 36 19 35 67 26 62 44 85 4 67 12 49 97 80 91 87 98 56 65 60 50 16 97 66 91 76 96 81 59 27 48 31 66 56 62 28 74 24 41 98 7 78 98 31 41 34 81 82 70 5 81 
6 16 3 47 87 90 17 72 79 33 63 66 6 40 85 4 62 25 63 12 2 75 83 72 71 26 47 96 81 81 69 73 95 3 14 84 15 83 14 50 49 27 51 71 67 33 2 60 3 75 19 50 54 15 45 9 3 14 18 81 26 4 61 5 82 65 86 55 68 35 59 10 70 38 79 25 85 70 49 69 74 50 61 61 66 27 97 67 33 28 25 69 37 81 4 17 77 20 34 70 19 89 9 47 15 26 11 95 0 12 42 25 92 40 10 67 64 94 8 58 21 8 22 20 46 78 2 76 56 37 26 62 27 2 33 66 55 81 77 98 88 66 4 7 4 6 33 73 77 16 52 29 33 82 43 7 75 87 7 56 67 
21 72 84 4 52 95 92 19 88 90 8 96 30 71 80 99 70 59 25 19 16 74 99 69 24 10 10 15 13 96 68 35 52 52 72 90 21 6 31 26 57 99 98 40 22 21 26 56 43 57 35 43 99 69 88 64 59 95 48 61 42 56 6 68 35 76 53 50 23 9 75 15 91 27 56 8 64 86 4 26 14 87 92 18 69 35 65 59 60 42 85 25 61 57 1 86 75 89 77 14 66 92 44 35 85 88 77 59 44 0 64 34 67 90 29 49 89 60 61 69 72 43 1 34 11 4 70 32 56 32 41 43 7 33 97 26 33 15 62 60 57 78 31 8 61 85 52 90 85 29 59 20 92 45 82 5 34 42 90 40 76 
26 74 19 71 71 47 10 84 32 15 91 8 86 65 53 36 4 49 30 90 33 39 36 7 81 83 11 77 70 1 13 93 41 2 6 43 92 51 4 89 6 47 40 29 60 24 37 38 96 82 23 12 91 41 82 86 66 75 15 8 92 22 96 20 60 54 71 21 90 23 59 39 43 49 68 70 15 68 90 53 71 45 43 81 45 11 71 26 39 7 75 29 72 89 92 74 83 55 4 63 10 63 45 71 67 43 81 40 5 26 0 30 56 7 63 2 71 40 49 39 17 48 23 87 32 68 57 29 82 96 86 94 9 16 83 15 67 49 10 10 46 52 19 62 38 11 15 81 73 53 75 80 45 59 97 75 82 12 73 22 65 
42 77 41 82 28 63 19 9 47 26 35 83 59 38 94 48 98 26 42 32 98 76 24 20 45 9 25 58 84 16 56 99 27 61 37 97 74 72 76 57 26 77 83 84 50 27 99 21 58 64 76 26 11 50 21 30 28 82 37 34 49 7 63 15 11 79 31 77 59 88 18 36 60 70 53 62 33 38 40 78 42 94 79 29 82 64 98 89 42 66 60 68 91 58 91 43 33 76 3 16 2 52 65 70 63 71 56 78 15 83 94 0 3 6 47 22 26 54 66 99 79 17 20 22 93 23 81 91 43 90 73 78 56 97 70 99 64 84 38 72 84 2 33 11 48 81 30 43 51 51 33 87 77 3 57 68 73 83 5 20 69 
70 72 35 30 81 92 6 20 69 63 57 17 92 73 27 95 55 68 10 92 35 18 80 57 5 41 60 10 62 86 84 80 55 79 8 58 83 95 81 5 74 4 95 20 47 74 5 59 6 56 36 29 54 84 31 82 23 73 17 22 35 73 24 97 20 3 24 54 69 42 47 90 97 63 91 36 83 74 27 84 54 4 19 64 54 63 74 91 57 88 47 74 53 11 18 47 85 5 15 98 27 13 70 70 15 15 34 39 22 16 77 9 0 14 98 75 79 50 26 54 99 51 53 95 83 33 48 17 70 32 10 55 30 50 59 63 15 87 94 62 25 54 91 2 67 46 8 19 52 86 82 1 8 76 75 10 1 81 5 89 89 
71 53 91 15 8 77 35 83 18 93 26 39 98 91 61 6 63 9 53 40 48 39 65 36 11 70 21 67 17 72 34 95 71 97 11 65 34 8 47 86 7 5 75 16 17 4 96 3 59 54 49 47 82 66 86 20 90 38 16 39 21 66 39 88 85 16 47 14 41 74 75 37 25 6 25 48 81 39 52 80 63 94 89 11 19 6 70 35 41 23 17 93 40 94 43 31 99 86 93 90 51 42 10 58 86 57 61 29 11 95 47 36 22 0 11 57 9 50 17 5 66 81 64 86 48 46 37 84 54 80 71 33 6 71 91 3 76 18 84 16 26 98 38 86 2 32 37 30 11 22 56 25 82 7 11 85 83 13 91 17 71 
87 82 66 42 15 58 35 75 55 57 8 71 97 75 46 54 59 30 71 58 10 56 95 3 28 87 15 90 20 52 79 36 15 86 49 28 95 15 29 41 80 51 63 28 49 87 90 94 81 3 10 39 44 10 22 93 10 78 85 68 98 79 57 72 87 47 7 7 5 78 75 3 97 97 11 95 88 60 47 55 64 64 41 63 62 98 14 7 91 83 27 37 66 26 68 49 36 68 64 77 70 30 81 30 80 89 64 97 9 56 98 19 35 42 0 80 67 42 7 65 47 62 81 13 20 48 84 63 18 30 71 70 98 53 81 77 26 40 53 38 57 27 89 19 62 5 13 20 10 75 6 38 93 36 23 97 24 29 30 40 69 
41 85 78 73 36 54 98 93 63 58 27 98 77 14 31 85 41 60 18 33 63 44 4 48 65 42 32 35 79 26 37 49 71 68 95 89 53 19 26 95 79 56 44 27 91 88 90 39 57 68 18 45 57 36 52 64 5 14 55 59 8 25 73 19 36 57 82 41 27 4 82 57 96 2 13 76 68 66 54 73 64 90 55 56 11 85 94 52 11 81 4 26 47 53 19 40 76 82 95 71 32 48 54 2 90 87 27 62 94 44 55 68 22 64 32 0 43 52 30 62 33 60 31 8 92 79 78 50 45 46 75 98 80 83 60 43 44 15 60 30 96 68 51 17 44 99 6 90 75 94 49 81 29 63 9 3 68 7 74 17 17 
94 45 27 21 42 12 61 24 27 30 90 91 69 47 98 67 84 3 90 78 29 75 87 23 45 70 79 29 46 20 74 28 33 21 38 21 18 19 81 36 73 46 79 8 38 24 59 21 51 33 18 14 67 76 51 34 33 8 41 43 18 69 16 85 24 73 56 19 5 79 12 84 49 4 9 33 34 33 1 39 77 48 88 64 35 68 39 45 59 83 31 66 62 56 47 92 62 53 11 74 44 75 27 96 79 27 44 76 42 18 69 98 54 25 34 68 0 59 71 71 27 55 12 4 12 59 12 67 97 85 53 94 37 86 36 18 21 39 2 9 50 12 47 16 44 39 63 59 87 33 48 50 84 28 32 76 56 84 54 92 93 
64 57 15 1 76 11 25 73 4 3 39 35 63 15 27 17 32 65 96 51 98 76 21 10 19 72 92 34 83 97 76 68 71 56 39 59 30 99 75 33 1 31 82 71 88 59 33 83 83 70 11 39 32 91 12 20 69 39 81 49 10 39 71 22 31 14 27 46 24 84 42 3 51 68 49 66 23 49 66 29 41 14 53 95 50 92 1 3 46 60 51 2 20 13 93 68 17 28 87 45 75 48 53 57 87 38 95 2 97 40 86 6 84 76 8 26 70 0 19 96 4 59 49 77 52 9 12 24 27 85 80 1 56 25 18 80 95 32 95 82 74 22 70 66 99 61 22 88 52 60 26 56 5 54 5 60 30 32 88 92 68 
36 6 30 36 39 47 51 42 22 43 93 26 78 96 19 60 34 41 73 33 72 1 69 14 73 12 38 4 1 90 74 56 5 32 44 19 12 40 19 37 44 78 3 3 43 74 8 51 27 48 78 60 89 67 59 4 80 97 45 79 69 4 74 61 17 78 38 88 96 74 58 55 98 15 26 67 22 80 57 16 52 34 5 7 73 93 53 12 17 68 19 91 37 77 59 42 42 32 83 7 3 64 71 52 53 75 56 58 55 31 94 47 14 76 19 5 74 93 0 87 35 7 20 98 62 42 89 28 13 66 76 3 62 38 51 58 77 91 59 44 17 1 94 22 66 66 90 96 7 82 90 26 39 32 77 53 6 15 5 50 49 
16 26 70 97 77 56 67 42 6 86 10 50 57 1 69 96 61 42 38 42 40 60 97 25 3 83 31 1 81 9 18 67 67 46 94 38 11 80 62 20 4 3 58 18 27 83 73 65 73 52 37 15 11 63 43 22 25 91 68 71 7 8 77 21 24 97 34 53 69 71 64 98 85 95 94 89 66 37 55 57 96 97 44 58 50 15 85 48 20 91 84 40 14 12 18 29 80 79 24 98 91 51 45 96 12 42 31 33 70 71 25 18 83 27 84 77 64 53 54 0 83 11 67 20 29 72 25 85 23 81 48 77 72 63 33 27 5 3 76 95 98 11 10 52 33 61 6 88 59 39 42 32 51 14 51 73 72 11 12 27 47 
99 46 68 6 70 51 70 42 47 1 83 43 48 71 65 30 65 66 74 12 63 91 26 74 54 33 68 48 90 54 28 72 68 78 99 22 41 43 96 31 79 47 15 33 10 10 70 63 29 10 41 22 33 7 84 57 12 22 37 42 36 33 42 78 76 20 35 63 75 80 94 52 77 76 63 68 27 89 3 17 72 32 8 58 5 5 84 3 12 60 75 89 73 2 1 67 5 93 3 80 54 82 68 50 1 52 19 25 65 92 79 75 18 77 48 97 1 51 18 91 0 44 46 10 80 13 11 28 48 88 38 37 71 98 64 59 83 13 66 16 70 74 74 39 66 87 69 58 74 86 85 62 78 24 29 90 7 75 13 13 54 
35 69 10 26 13 47 10 6 19 72 95 40 81 58 53 15 2 29 25 70 70 68 31 90 73 27 21 77 49 57 60 44 44 91 76 64 38 19 95 84 11 25 34 33 51 34 75 34 96 97 81 62 10 84 44 66 7 82 63 23 96 59 73 83 78 66 17 86 35 47 62 88 66 33 26 59 95 66 77 68 41 12 4 65 77 35 92 20 74 54 66 61 84 44 61 81 89 23 96 67 48 17 75 34 42 27 40 59 58 47 41 22 59 37 54 97 39 74 95 82 11 0 50 34 76 78 39 1 77 34 86 44 49 94 91 95 51 29 10 19 88 11 32 56 43 43 66 49 86 57 70 25 41 26 91 17 2 58 30 69 1 
52 5 78 90 5 19 51 60 71 37 64 9 2 48 2 57 1 88 39 91 7 45 40 90 10 38 28 60 12 81 40 40 28 16 10 32 92 67 87 26 4 36 87 17 25 50 44 10 50 39 15 57 85 53 76 38 24 64 11 4 80 1 49 21 86 12 71 28 61 42 66 97 88 12 32 73 52 9 63 41 55 99 14 52 87 41 12 92 32 82 51 9 89 85 88 24 54 41 67 22 95 7 97 8 61 90 15 82 63 52 15 14 90 54 87 51 85 78 92 64 49 16 0 65 11 99 71 73 78 82 71 22 67 64 34 29 6 23 96 98 84 72 67 79 18 78 64 48 99 53 8 95 98 80 99 25 99 65 86 6 87 
52 30 4 9 46 26 29 60 38 82 85 63 19 76 81 33 55 35 93 26 97 38 74 79 24 6 79 28 54 64 45 16 6 3 88 14 74 92 44 69 42 82 91 14 42 75 30 66 29 31 97 4 37 2 22 83 3 81 21 50 80 94 17 6 57 6 45 47 76 13 8 33 95 67 84 80 58 41 46 76 42 64 14 16 98 7 10 71 77 23 81 24 51 79 43 29 86 65 77 71 62 1 98 78 27 59 88 78 51 79 55 50 16 21 21 59 19 35 6 3 67 12 54 0 68 14 18 98 83 48 70 48 97 19 53 40 56 5 67 66 51 74 88 40 17 64 50 68 45 75 68 5 78 41 75 86 39 65 43 72 13 
89 10 38 32 74 6 63 47 24 33 97 20 48 16 32 11 95 78 43 96 96 4 1 24 61 10 92 40 66 58 74 52 74 56 74 75 76 26 88 50 51 8 95 32 90 26 38 26 94 69 45 86 36 51 83 79 47 33 10 9 70 23 16 64 54 37 77 9 53 82 25 52 30 94 53 28 11 39 35 93 51 19 8 94 62 87 24 79 61 42 31 46 14 89 50 20 78 61 15 82 31 12 93 78 77 68 46 24 29 80 80 24 86 49 16 98 61 31 38 91 79 56 21 12 0 91 34 79 65 11 35 63 62 58 47 43 95 58 63 45 31 13 31 33 12 62 29 8 1 71 46 49 93 27 97 21 41 52 2 64 51 
1 65 5 36 47 25 89 18 55 33 65 16 56 34 91 30 55 18 70 13 79 60 34 79 51 81 35 6 73 26 74 52 13 5 95 56 67 48 21 68 60 54 95 98 1 4 4 55 19 60 29 76 62 95 71 30 24 92 47 55 49 89 58 37 17 16 80 63 98 22 91 91 61 16 9 47 59 15 94 94 31 89 77 33 89 70 47 29 63 79 67 70 58 28 74 48 81 91 83 85 94 74 6 50 18 31 28 76 5 54 54 42 21 73 82 25 9 50 17 92 37 31 97 88 51 0 18 29 99 3 68 45 40 96 82 84 74 80 15 61 86 82 7 43 76 86 82 41 66 18 94 22 76 25 16 20 11 20 89 49 23 
2 37 80 33 8 46 73 89 16 53 74 62 45 80 22 94 73 76 13 65 1 14 58 35 77 63 95 67 45 41 26 69 96 63 4 64 10 43 11 63 74 68 36 26 36 27 9 46 2 12 36 14 23 19 10 23 29 6 41 57 42 69 81 99 65 42 47 92 78 24 46 24 96 26 91 14 67 14 63 45 59 87 70 84 68 71 8 11 85 5 83 92 37 76 51 62 45 67 68 30 12 54 10 81 53 17 13 13 91 7 7 46 19 69 59 43 23 6 39 71 85 30 15 84 67 67 0 94 5 53 99 86 30 76 44 26 77 95 96 51 99 93 7 69 55 53 64 78 35 28 55 44 84 28 15 59 75 54 65 64 4 
59 13 52 69 33 13 44 2 94 15 44 84 29 75 13 2 62 23 22 23 82 87 23 6 9 40 5 9 78 3 3 89 19 7 22 92 18 38 47 1 62 41 90 45 68 70 46 36 91 49 49 63 88 95 20 46 94 40 9 14 13 68 4 74 63 78 49 84 95 56 68 86 32 31 65 12 30 33 5 55 34 42 85 70 19 13 3 94 26 51 5 4 96 74 91 43 12 36 78 86 56 60 94 20 7 11 96 61 27 4 22 76 75 66 95 97 88 29 21 62 20 93 13 79 18 71 43 0 81 31 12 53 65 7 89 72 32 97 59 38 52 62 15 5 5 87 51 87 59 69 57 34 31 44 64 4 47 96 85 47 81 
78 50 12 25 29 86 50 84 72 49 31 9 15 85 90 24 88 3 95 95 92 71 20 5 26 27 67 28 46 4 72 36 63 93 95 94 89 73 3 62 40 31 31 15 84 73 72 48 7 34 55 90 86 49 1 10 84 70 21 87 7 60 26 58 87 44 56 42 60 9 64 80 87 27 47 67 23 10 48 69 47 43 63 35 50 85 9 49 46 43 61 31 74 21 15 63 31 4 46 99 89 13 60 67 13 37 19 51 9 48 58 38 79 32 30 72 92 52 95 13 20 7 32 14 4 37 5 32 0 65 34 8 94 3 51 31 66 12 60 4 4 73 12 56 66 63 26 51 48 10 95 56 34 92 82 46 70 67 19 25 37 
10 62 14 74 81 15 25 1 47 16 65 32 32 46 2 69 73 2 52 49 29 45 57 61 98 63 29 87 26 57 12 22 85 36 79 44 5 44 59 53 73 28 5 73 61 23 20 24 36 82 33 54 70 17 19 42 12 30 74 93 67 90 75 16 17 66 63 52 43 93 79 70 26 24 94 83 96 15 71 20 83 65 92 13 46 30 34 91 63 48 55 79 90 54 80 70 8 34 55 9 75 82 54 9 13 12 62 2 26 2 10 9 16 8 86 81 8 79 42 79 23 46 63 42 6 97 58 95 65 0 43 86 22 79 51 40 47 73 78 67 41 37 9 16 61 24 2 78 51 65 55 86 37 53 37 44 64 12 67 34 71 
29 31 66 46 97 32 48 62 19 86 33 44 76 53 90 68 35 81 86 10 42 58 91 53 32 32 65 46 67 89 4 44 21 31 95 16 99 56 53 81 9 14 86 24 31 39 87 98 60 41 59 81 46 71 90 72 43 55 53 93 22 29 25 46 21 72 4 76 10 97 10 83 25 65 68 41 98 35 44 36 52 62 9 78 76 31 95 98 82 48 6 43 53 62 93 88 33 45 16 48 65 73 59 68 86 79 30 83 53 50 35 23 81 40 86 5 64 25 6 97 74 1 10 18 41 98 78 52 88 57 0 89 9 78 78 77 32 13 46 34 6 64 31 7 58 64 59 1 22 81 67 38 49 81 37 60 30 12 24 77 63 
99 53 30 18 62 87 40 60 93 21 53 94 58 18 45 39 39 55 77 45 97 37 72 99 54 85 54 55 62 64 96 92 82 71 87 26 7 43 72 89 90 26 53 8 80 85 71 39 97 29 50 60 74 40 17 69 90 24 39 32 71 83 38 91 37 73 78 96 87 25 39 15 61 52 43 11 2 82 83 72 81 42 76 10 23 94 56 38 98 66 49 86 77 78 79 70 44 76 45 51 76 96 21 94 39 18 9 3 71 58 74 46 49 16 33 6 91 28 31 75 96 66 45 2 95 24 58 3 56 92 44 0 30 23 8 37 78 47 35 55 14 56 7 21 22 41 19 97 93 24 24 53 97 26 2 5 70 91 58 28 7 
47 24 64 69 89 29 35 85 10 84 2 32 63 77 41 23 2 10 65 80 22 47 76 46 79 53 11 18 37 89 83 53 5 43 76 11 12 95 58 93 33 64 87 64 11 98 6 72 14 8 74 1 75 42 68 58 58 25 29 38 12 94 52 26 1 60 82 32 19 80 24 30 47 96 9 23 26 19 40 56 8 9 79 37 95 1 99 98 65 75 46 52 58 28 22 69 15 20 51 17 70 22 40 81 88 21 28 53 22 20 32 89 47 4 93 46 50 47 32 46 37 4 31 43 5 48 60 94 37 54 86 24 0 35 64 83 75 17 53 64 41 44 89 15 35 94 56 24 28 38 99 47 37 96 63 73 81 70 38 26 94 
14 88 17 63 95 41 23 41 78 38 32 85 11 58 42 44 93 81 93 81 30 36 59 61 10 94 57 48 94 73 55 82 12 83 80 9 74 69 62 27 80 7 40 86 70 39 31 28 80 46 77 27 34 86 43 41 63 52 26 54 80 52 1 50 58 1 57 40 78 29 76 17 96 99 79 69 87 2 39 8 85 19 7 3 64 53 29 88 15 8 65 56 79 50 5 24 24 18 54 17 68 67 14 79 85 40 26 38 52 48 44 86 76 86 57 49 83 50 16 5 44 40 43 51 97 68 11 45 60 47 95 77 68 0 76 91 50 51 58 87 4 4 13 32 65 16 25 73 44 80 30 48 49 27 83 55 42 27 44 55 63 
39 47 37 36 89 20 60 84 9 8 63 72 51 78 11 8 69 28 95 38 54 5 45 96 90 49 31 77 41 59 41 93 12 86 26 94 73 32 74 56 98 40 75 78 77 54 95 61 19 82 10 57 65 53 66 70 40 1 51 68 93 43 70 5 19 10 89 93 28 82 82 31 1 34 21 61 5 86 18 84 1 66 5 92 24 83 71 64 72 90 29 10 74 78 60 94 56 10 46 56 29 61 83 61 24 37 69 64 25 50 40 54 94 62 35 95 70 52 1 5 70 90 67 37 49 38 9 64 25 14 3 99 96 46 0 41 56 62 97 88 73 61 7 26 91 56 54 24 21 26 53 27 42 59 2 76 5 3 59 11 76 
6 30 27 4 33 76 30 41 60 17 25 95 75 27 92 88 66 18 92 80 55 82 12 6 71 47 12 19 50 70 73 4 71 90 41 53 31 19 81 80 89 51 3 97 91 42 60 59 46 45 15 7 89 82 80 34 64 42 93 68 43 15 73 85 42 87 35 56 14 36 38 96 16 83 47 55 42 48 76 77 71 51 91 76 65 2 55 32 4 79 92 79 10 18 87 14 94 50 57 83 71 65 76 83 92 8 50 25 84 53 3 39 55 46 31 64 74 90 79 89 89 34 99 83 61 6 11 12 50 66 25 72 57 34 37 0 26 56 14 15 84 37 90 2 82 83 57 62 49 46 43 11 4 63 26 75 43 85 7 94 56 
44 14 13 73 78 42 12 72 97 81 87 22 25 37 90 27 71 14 89 42 60 89 81 53 58 13 99 20 80 97 30 71 67 66 78 96 17 33 2 69 34 60 35 44 3 6 76 32 56 86 73 62 75 30 39 53 25 32 64 66 28 65 68 93 2 79 98 68 14 53 84 3 54 6 14 21 93 26 21 25 75 19 80 83 21 70 74 5 47 50 37 51 5 80 82 29 32 31 61 90 84 64 20 52 2 18 30 28 76 73 52 97 60 42 36 5 71 90 60 36 20 3 95 11 96 28 26 28 50 12 40 84 71 36 42 53 0 86 76 86 13 7 15 16 31 90 57 17 32 30 80 16 21 72 76 78 62 24 97 45 92 
83 95 39 52 30 97 74 36 75 90 4 41 50 57 98 26 26 75 91 81 21 73 87 29 64 79 27 79 2 41 87 33 17 79 45 8 5 9 34 75 67 82 89 31 71 39 79 39 96 60 82 94 75 76 23 3 75 13 9 38 61 87 58 28 57 84 47 58 23 87 12 50 8 65 60 81 86 16 56 6 41 70 92 13 59 38 37 77 37 54 58 96 44 45 70 67 37 2 25 64 74 41 35 87 88 19 85 9 70 28 98 79 95 24 67 1 58 76 63 56 4 58 43 85 64 86 70 1 62 61 5 21 40 32 78 87 14 0 11 69 80 27 47 40 40 49 73 17 61 45 87 52 38 84 80 97 62 8 94 76 4 
79 33 2 62 82 8 36 96 83 25 42 28 56 14 12 14 60 25 40 44 93 97 86 81 67 33 48 63 8 68 78 13 56 52 52 98 19 10 3 17 96 81 60 28 56 51 26 45 7 12 65 74 34 73 33 34 94 23 82 93 96 30 66 15 28 82 54 4 44 19 94 55 26 4 35 99 32 42 98 72 37 49 12 82 9 69 48 16 26 26 55 17 29 75 29 24 50 53 64 90 45 19 39 51 31 44 62 96 39 89 76 70 54 71 8 12 28 84 75 49 37 76 16 28 58 86 52 40 33 82 35 4 17 42 83 46 55 89 0 3 25 69 30 75 15 7 5 1 27 83 71 77 98 32 79 48 63 63 34 90 91 
40 61 98 46 95 42 73 38 22 45 46 68 3 88 26 35 38 30 22 55 92 21 32 35 48 99 48 78 34 5 9 85 28 49 37 83 97 39 91 56 91 90 88 48 53 25 77 71 52 7 98 20 9 89 89 79 98 42 85 57 34 61 29 44 73 27 82 6 58 21 14 68 48 19 75 30 68 80 55 74 97 54 41 93 97 38 22 83 82 16 68 17 93 44 68 5 61 69 16 17 94 89 45 20 98 58 4 66 56 67 16 97 60 32 69 41 74 79 11 60 78 68 42 13 61 57 82 54 51 74 54 10 18 23 86 23 57 70 94 0 78 48 50 51 12 85 73 1 87 97 83 39 9 2 74 50 17 96 35 91 21 
97 87 33 83 84 2 75 95 11 38 30 80 73 1 41 53 5 93 61 95 10 43 81 92 5 49 39 38 16 32 96 94 18 45 70 70 5 30 16 80 46 33 51 47 84 72 81 26 77 76 12 62 29 79 2 43 55 45 42 17 55 69 5 1 98 81 16 29 55 6 55 95 7 77 32 76 71 51 51 12 26 9 88 27 66 33 95 1 84 79 8 28 53 1 12 10 10 80 91 78 27 94 78 8 13 54 26 11 68 35 72 66 77 59 49 63 16 48 82 11 18 82 68 21 43 87 7 14 51 52 45 15 1 21 89 92 90 93 30 29 0 39 53 92 73 43 5 44 86 23 12 30 21 93 63 34 14 93 51 90 6 
96 32 14 13 95 65 85 56 19 21 28 2 31 76 68 79 60 82 61 50 14 72 13 34 81 6 63 91 26 36 85 15 82 1 10 45 9 76 86 99 73 6 30 28 53 33 73 94 37 32 18 4 31 91 59 9 46 28 98 57 45 52 99 32 66 85 89 54 15 36 87 90 88 88 84 69 59 19 68 39 4 60 28 55 71 53 92 8 28 82 9 49 62 2 29 40 51 48 71 11 47 17 51 50 76 44 35 30 7 61 50 75 42 37 90 37 95 14 5 31 77 40 13 84 87 95 31 37 31 53 36 60 48 80 81 29 83 26 35 9 48 0 5 33 74 33 24 83 49 12 37 90 50 7 58 16 40 32 61 81 59 
77 34 61 14 1 44 16 33 82 73 22 18 21 99 87 30 72 53 2 35 94 64 49 6 32 20 88 92 55 63 74 39 68 63 28 61 45 6 59 97 49 24 33 67 26 97 68 10 34 54 74 37 20 20 69 25 76 73 31 91 65 13 80 14 64 20 38 10 52 63 21 48 49 99 15 95 3 26 94 74 20 57 87 87 33 11 12 98 61 96 88 25 76 97 43 33 17 93 49 80 42 96 73 11 15 11 51 16 47 26 12 64 98 36 3 52 59 88 4 35 2 3 66 96 14 32 43 82 23 51 89 64 91 81 8 84 72 64 3 69 97 78 0 19 35 49 46 91 75 64 88 2 91 18 80 20 79 12 95 1 20 
4 28 96 69 18 4 52 24 50 21 79 50 28 90 65 39 38 98 67 70 46 99 22 23 81 12 35 45 72 75 7 65 16 88 22 6 16 59 5 23 54 92 6 19 67 61 83 60 46 3 98 11 55 9 48 29 57 6 11 16 33 14 95 75 40 30 15 50 36 34 6 87 82 82 66 23 88 31 40 3 40 36 6 70 36 36 10 15 9 64 63 40 19 37 60 45 93 54 37 39 17 51 30 38 93 3 60 84 63 76 89 16 7 35 55 59 82 22 75 9 31 90 14 44 13 77 2 53 6 82 8 69 49 95 73 29 12 81 84 94 32 24 82 0 2 60 3 49 84 28 27 29 72 65 85 60 47 15 79 69 28 
45 96 63 42 48 16 90 36 16 23 28 99 92 32 25 10 75 47 55 16 64 2 26 85 31 14 91 82 48 17 76 61 2 17 5 60 37 68 52 71 82 83 42 57 18 96 8 4 79 18 55 52 81 72 93 10 38 96 99 44 66 45 73 58 28 3 27 17 86 38 82 38 89 3 40 40 73 93 14 63 94 37 65 95 54 30 82 49 82 74 27 95 59 5 46 48 57 64 90 69 91 76 78 71 63 1 63 46 39 23 45 90 81 67 34 22 83 57 1 78 73 88 12 80 68 17 92 44 19 87 1 36 35 6 50 50 10 81 47 9 68 46 36 31 0 85 97 76 67 3 35 15 2 79 49 83 82 80 88 45 58 
24 18 61 31 86 25 4 63 8 94 36 3 44 74 92 84 12 20 55 93 97 99 42 18 15 52 30 16 60 96 90 85 46 14 31 53 58 97 22 47 54 12 14 41 20 84 3 95 27 62 19 6 92 53 94 86 51 93 76 67 61 47 17 40 2 98 38 84 8 19 50 52 92 53 82 66 96 85 23 26 27 69 54 94 26 97 46 79 95 94 89 89 60 26 97 5 93 84 30 62 28 70 26 67 14 28 93 73 7 74 97 2 65 25 70 81 68 60 4 72 73 85 76 62 72 42 98 30 86 37 61 6 37 95 83 33 35 29 67 85 23 92 25 58 22 0 8 52 27 33 91 76 70 52 41 80 80 81 49 43 57 
93 62 32 3 58 27 52 63 62 50 23 88 70 47 64 15 82 49 70 74 54 81 84 26 3 98 4 64 31 82 80 93 73 70 28 34 87 38 10 42 95 67 61 50 30 22 3 95 94 30 36 29 43 84 54 16 55 9 22 27 64 68 39 62 17 13 38 78 97 96 32 17 87 47 21 45 23 43 5 14 53 81 92 88 89 93 81 68 91 16 77 7 61 87 97 5 82 83 98 96 62 61 13 5 26 26 99 3 2 82 66 81 4 10 29 8 16 72 19 37 21 18 44 38 58 2 9 32 1 47 20 4 76 38 40 98 53 10 71 41 67 27 30 95 77 45 0 99 63 76 71 56 51 3 27 76 79 96 91 94 71 
75 10 19 54 37 51 7 11 11 56 35 62 63 46 56 70 44 33 91 41 57 15 58 71 59 58 57 55 11 56 98 62 66 48 77 28 87 98 80 41 89 95 40 74 75 11 76 96 19 40 97 49 8 49 61 28 52 10 87 97 66 27 2 32 27 42 89 42 24 76 62 20 61 44 26 26 65 40 57 69 74 81 87 3 91 64 67 78 41 51 20 32 10 74 46 18 71 48 9 79 43 32 39 18 96 26 61 93 38 69 77 66 50 17 13 75 25 15 3 84 49 69 8 1 18 93 24 27 75 16 26 30 9 38 73 31 14 35 63 20 16 53 16 71 57 19 87 0 33 62 2 46 36 85 44 82 74 8 49 27 8 
5 76 67 38 37 66 35 42 95 41 41 97 29 50 29 1 14 95 55 51 24 12 55 51 67 91 67 15 89 36 83 3 90 45 64 82 14 27 91 73 98 57 3 80 2 20 12 21 26 73 72 76 80 5 5 12 53 37 54 24 12 88 33 81 54 38 9 5 19 77 23 73 14 14 72 62 41 82 59 35 45 39 7 40 4 13 88 16 27 68 73 23 83 76 33 31 37 82 65 74 32 30 5 95 25 73 94 37 56 42 77 48 41 41 51 25 91 61 21 79 18 37 48 1 85 23 14 41 31 59 41 13 96 82 71 37 48 43 65 71 82 2 66 66 9 1 2 17 0 79 99 88 16 42 64 29 13 88 67 38 94 
97 74 76 66 7 29 10 50 37 70 92 12 8 97 92 3 36 93 90 26 54 34 64 96 85 34 15 80 41 2 48 86 53 83 78 94 31 48 67 98 96 66 71 37 78 83 7 61 84 78 81 72 55 44 57 45 78 46 26 25 47 26 58 89 37 84 60 67 6 51 58 42 85 35 38 79 19 42 50 93 84 67 66 56 6 17 39 52 55 7 30 45 59 17 3 30 43 1 35 88 67 29 45 52 90 44 73 70 62 54 78 9 48 53 4 17 75 4 91 28 74 32 9 80 77 87 73 9 13 71 78 46 73 99 34 93 1 99 56 90 56 73 48 98 12 92 78 79 28 0 50 46 3 5 71 10 88 83 47 58 95 
79 57 65 62 36 98 24 60 72 60 63 81 54 39 5 36 29 7 21 49 88 7 51 27 5 92 86 96 34 40 69 46 32 69 50 84 26 3 56 4 59 58 79 39 84 99 1 87 6 68 53 94 50 40 44 1 48 68 4 33 54 10 82 61 3 17 12 78 53 74 74 6 35 63 48 21 53 88 19 46 96 11 94 23 21 96 3 4 91 8 50 89 28 35 2 72 67 93 51 69 23 45 61 86 99 59 4 39 75 63 73 53 45 64 94 70 21 42 9 34 44 88 45 37 86 20 31 18 69 95 81 11 62 64 93 1 61 67 39 72 75 81 30 86 49 37 46 75 1 98 0 18 76 45 73 21 15 43 44 51 87 
75 88 84 34 65 88 88 69 91 98 52 47 55 17 80 67 75 33 79 47 81 70 21 54 53 4 12 32 13 24 86 27 18 69 32 14 45 1 1 34 90 43 24 54 61 87 50 29 25 11 90 80 37 98 10 38 99 5 91 2 35 32 91 3 1 81 96 9 47 70 69 45 36 14 77 27 10 39 62 22 57 15 70 38 69 83 69 56 50 89 77 83 43 20 9 68 85 99 34 34 73 32 21 44 35 73 74 51 73 65 79 35 14 61 27 53 60 56 38 9 41 66 61 62 39 60 60 72 19 43 12 58 59 34 53 11 1 36 90 7 68 38 68 86 1 65 5 99 71 6 77 0 43 71 78 77 39 57 72 92 96 
52 17 80 11 13 3 96 39 88 20 93 73 72 1 66 50 34 72 79 85 94 23 32 88 93 69 78 82 4 16 14 73 45 90 74 37 20 55 43 63 22 85 1 91 72 4 73 99 93 63 28 82 94 42 30 54 37 31 24 9 22 99 32 89 87 96 1 65 30 36 71 94 98 79 44 5 47 86 61 74 11 58 40 29 96 89 41 60 73 13 82 14 27 37 96 87 37 94 65 36 96 44 83 56 16 19 40 44 45 77 95 82 20 9 84 72 55 74 2 93 74 58 84 16 37 65 43 2 13 82 8 24 56 68 33 28 92 16 16 15 50 58 99 83 42 62 57 53 27 77 94 39 0 71 58 76 97 67 84 91 60 
24 38 19 94 18 19 18 84 80 46 50 5 43 56 64 24 95 5 74 10 18 26 98 5 49 42 55 2 16 95 19 92 78 22 61 94 33 75 60 50 48 82 65 57 85 24 57 60 21 83 80 16 94 33 28 58 13 4 97 56 15 58 79 43 41 3 38 60 6 47 64 41 38 1 94 7 86 95 40 31 84 62 49 86 25 38 18 49 74 6 10 73 29 56 58 6 26 1 37 60 65 8 71 28 47 69 75 71 35 44 57 85 20 21 29 57 77 15 4 95 40 92 21 64 31 1 78 26 97 66 32 54 36 18 82 48 91 19 64 82 96 98 3 11 17 10 89 30 90 4 14 14 81 0 90 90 66 45 1 52 66 
19 13 72 62 94 14 77 81 52 96 81 72 3 84 63 41 22 24 34 48 92 79 69 39 70 88 72 60 39 89 82 83 20 69 52 66 53 56 83 88 96 54 65 3 89 36 63 31 54 49 59 69 67 39 89 92 58 30 11 7 24 44 53 66 37 40 58 81 10 36 67 44 19 48 72 77 33 11 93 81 77 76 75 42 75 90 63 30 10 7 15 21 14 86 48 66 28 22 69 93 15 66 87 10 74 19 49 4 17 71 8 30 31 42 25 88 98 26 17 67 20 29 31 85 36 44 78 79 49 90 36 11 97 36 66 68 99 3 5 98 88 60 19 22 82 94 66 68 9 12 88 59 56 31 0 21 68 36 58 55 45 
20 80 80 20 13 96 50 23 77 86 91 36 25 57 63 76 65 72 16 12 88 10 32 42 32 93 51 51 23 79 65 52 58 85 36 61 26 65 5 69 43 92 99 56 49 19 60 38 60 53 66 23 20 76 14 44 78 77 39 76 68 13 17 86 84 15 5 10 64 13 34 66 25 94 46 71 9 23 53 20 78 76 87 68 68 9 26 78 67 1 3 6 19 67 44 1 89 90 39 84 59 73 84 96 94 85 39 26 67 57 38 86 81 55 50 69 19 8 99 74 86 58 99 84 64 47 85 10 74 29 37 28 10 14 24 58 44 9 18 10 43 27 97 33 28 46 63 22 76 73 18 71 78 96 95 0 88 2 8 12 24 
83 98 25 13 43 59 66 25 10 50 95 58 34 92 36 74 37 18 74 15 35 66 52 25 7 90 60 98 73 5 36 56 62 35 69 84 47 80 30 54 21 88 34 36 8 77 23 51 71 92 69 52 50 50 52 86 53 71 12 24 55 55 27 46 78 54 3 11 45 72 64 84 68 81 39 61 17 18 36 47 23 89 33 34 26 99 81 13 92 64 61 93 98 20 21 95 18 47 54 15 12 27 21 33 12 76 39 6 20 98 16 31 16 31 2 63 86 38 8 80 69 7 5 34 38 3 18 75 52 71 18 44 44 58 20 56 18 56 92 42 34 81 34 60 95 81 48 49 67 18 94 9 10 96 5 15 0 48 46 63 96 
93 21 3 35 22 12 58 27 1 26 70 44 65 64 32 54 71 87 46 47 31 30 95 75 28 70 25 81 60 85 89 45 46 34 46 15 89 13 97 16 47 85 58 75 22 93 82 28 42 10 35 84 33 13 67 23 86 57 27 14 65 21 90 1 28 47 81 64 34 91 83 61 42 97 89 63 48 70 74 69 16 47 90 40 73 58 46 94 78 87 47 7 84 20 38 73 76 16 82 52 75 96 72 4 86 95 74 20 7 86 23 49 62 34 60 98 32 79 61 32 62 50 44 22 31 60 46 14 22 64 1 3 20 36 46 67 32 9 10 47 61 14 37 91 78 33 81 67 88 26 19 62 50 5 57 90 70 0 68 49 17 
27 45 96 73 91 88 81 65 86 55 39 25 80 92 70 20 55 19 97 27 3 2 48 78 83 41 96 76 37 9 61 92 43 2 55 93 35 21 12 98 97 95 29 28 82 25 79 85 29 51 15 20 30 43 25 61 22 86 62 31 65 65 96 8 63 91 80 21 25 74 19 96 10 49 16 65 81 62 59 67 14 80 88 16 33 7 76 74 61 83 70 95 20 84 61 6 66 53 76 9 99 71 18 83 75 48 10 40 23 47 40 4 62 96 38 17 15 6 83 25 36 50 95 90 7 5 43 37 78 22 25 15 60 94 14 98 15 47 37 13 69 10 72 95 51 9 44 74 44 52 1 3 62 24 8 81 22 62 0 14 3 
83 20 25 64 76 72 47 14 78 15 8 78 14 77 90 71 7 54 58 63 43 34 19 90 40 55 8 97 24 33 89 47 8 52 18 16 66 55 14 49 47 10 44 58 89 85 39 57 13 60 52 36 47 14 13 23 73 65 87 39 93 79 7 23 40 21 44 94 2 69 97 86 9 51 33 69 55 70 9 76 46 28 41 73 7 30 19 50 11 51 20 19 85 72 23 7 65 70 67 48 19 32 88 67 67 6 47 56 65 20 64 17 14 46 23 47 20 11 89 71 32 74 63 94 77 4 69 13 23 22 70 82 67 65 37 62 13 89 92 35 86 90 50 83 3 98 28 58 25 13 92 78 51 52 42 26 45 81 42 0 48 
89 40 72 59 21 98 79 9 98 76 57 55 83 17 11 34 30 39 88 95 96 89 75 36 53 20 35 5 73 10 10 22 58 94 52 35 9 34 12 5 92 43 72 31 40 49 65 85 51 27 23 48 9 11 44 88 4 58 79 70 12 85 73 30 95 30 65 58 18 67 21 4 68 3 58 55 44 17 50 73 4 58 7 54 54 55 63 68 52 65 6 27 93 86 48 93 90 87 47 12 25 64 40 78 73 33 86 73 9 61 10 97 26 84 88 73 50 92 98 29 42 29 51 30 94 78 66 30 58 4 89 83 4 45 78 22 77 99 21 65 61 16 54 26 65 44 36 43 64 98 87 19 28 28 71 17 77 42 16 97 0 
