85 6 
0 77 95 74 62 48 11 59 5 58 99 5 16 51 60 19 53 12 63 67 11 95 54 10 25 99 21 82 58 4 43 20 45 83 36 5 39 86 69 28 83 34 45 71 61 2 11 93 44 37 90 95 71 45 47 53 6 97 79 90 8 40 6 51 84 42 22 96 20 72 93 19 32 70 80 94 18 15 39 2 55 57 70 57 62 18 32 24 69 73 80 46 29 11 61 21 91 65 80 69 42 46 37 55 96 91 15 75 46 47 24 42 40 45 67 76 7 6 85 87 8 97 33 6 95 18 39 20 1 45 78 63 13 77 66 46 39 69 88 3 28 49 94 11 60 35 97 1 75 88 7 15 55 31 41 75 4 92 52 73 9 32 81 35 58 80 76 9 21 97 91 
19 0 95 30 92 22 63 27 37 25 53 68 46 17 12 18 94 32 46 35 75 75 74 73 65 99 83 23 30 73 79 34 95 95 17 94 17 75 73 5 3 77 34 80 85 74 20 8 14 19 55 11 65 76 43 60 25 30 47 52 19 48 62 49 6 36 75 62 65 39 85 42 10 13 65 52 6 50 43 1 42 3 34 85 57 25 71 14 1 51 88 71 9 43 84 2 80 67 12 2 56 29 22 51 32 47 79 76 89 57 55 35 61 58 7 66 71 55 8 60 20 74 71 51 18 92 91 54 2 94 90 96 51 77 28 4 79 66 2 83 29 21 74 51 4 27 75 40 20 98 1 54 70 68 49 10 11 23 94 26 17 28 20 88 23 85 80 50 81 21 66 
14 90 0 98 17 11 60 89 61 43 29 45 41 77 2 20 26 19 11 40 96 76 2 77 9 52 57 51 34 34 85 62 28 22 86 38 70 93 96 85 5 22 81 81 56 88 65 12 28 47 63 31 51 83 97 37 6 81 38 45 34 60 41 1 30 6 98 41 19 18 84 41 74 72 29 56 18 46 80 46 97 28 8 65 9 32 58 31 9 2 18 16 66 7 22 46 65 5 94 96 33 96 77 74 10 56 33 69 96 70 64 61 47 55 10 19 38 75 10 85 90 7 88 35 58 86 33 52 64 61 78 37 89 13 33 6 89 39 54 65 80 96 26 51 88 90 24 49 46 76 75 60 22 60 13 95 21 11 48 67 11 36 25 97 50 67 69 78 88 47 77 
65 10 8 0 65 1 79 10 65 30 76 75 84 90 34 74 75 88 60 44 63 74 50 79 24 43 47 49 26 83 69 46 65 66 24 88 64 84 57 86 38 83 45 47 96 80 36 55 39 26 62 71 36 44 22 52 97 3 96 98 91 97 98 16 18 64 83 87 3 2 8 46 55 43 51 35 89 47 27 30 80 86 90 78 34 94 32 92 43 11 13 44 68 82 87 98 14 98 39 65 27 2 32 44 2 53 77 99 7 86 91 70 37 27 83 96 62 62 30 21 93 74 92 5 59 16 90 4 58 2 62 19 6 41 79 91 92 45 47 87 12 26 56 4 44 95 45 92 90 92 7 11 25 34 94 31 17 78 4 46 41 57 66 7 25 73 21 88 75 92 88 
27 89 50 86 0 27 86 3 20 7 71 6 99 23 5 40 17 23 45 74 92 65 63 5 27 56 11 16 51 12 91 34 34 16 89 99 53 26 41 82 23 35 13 90 73 60 44 65 98 14 62 96 75 7 92 83 50 59 66 35 45 33 56 33 76 16 82 25 93 61 56 3 5 35 88 57 46 97 74 44 38 90 84 23 7 6 80 56 47 26 14 14 88 16 34 28 54 65 44 33 36 21 66 76 31 34 47 53 8 54 45 45 85 99 94 1 7 90 12 83 70 68 71 70 76 60 53 38 90 17 39 14 91 62 61 33 85 7 7 76 77 54 18 71 97 90 22 67 11 3 63 55 59 12 46 47 94 32 28 34 46 58 97 21 68 31 88 63 35 57 28 
33 40 73 40 45 0 24 36 55 59 29 9 5 37 96 77 14 36 25 55 30 41 54 98 8 78 56 4 56 40 17 15 17 16 80 16 21 23 73 36 46 59 84 77 65 68 6 47 61 39 66 86 1 46 94 38 85 60 57 98 13 65 72 6 32 63 42 41 68 48 56 95 67 44 96 9 57 73 14 19 71 67 86 35 6 87 45 76 30 68 74 42 96 12 55 55 55 26 69 5 40 65 51 27 99 47 38 75 9 70 21 60 69 10 64 30 10 18 57 84 13 54 3 80 95 9 35 72 66 10 43 77 2 18 15 78 29 74 69 52 37 88 8 84 36 88 26 46 87 55 64 4 37 62 39 57 29 64 26 97 47 59 69 78 9 19 68 85 48 69 74 
94 71 39 17 61 32 0 72 21 35 20 84 59 75 13 29 45 50 8 46 35 22 83 98 63 58 17 69 78 1 1 93 11 61 80 14 23 53 14 98 68 81 99 83 36 87 43 56 92 17 31 98 63 96 13 38 14 57 41 36 17 54 75 23 94 7 33 42 70 82 1 66 88 62 72 95 42 11 69 2 71 45 90 58 17 21 62 32 68 56 7 52 42 93 45 86 48 84 54 24 13 29 35 83 30 80 29 32 90 91 75 50 71 25 34 21 44 1 97 22 32 8 66 44 3 90 76 7 73 66 45 48 56 30 42 7 76 64 15 77 23 93 6 60 65 86 97 33 53 49 47 56 52 57 59 45 3 57 94 73 97 33 86 10 37 47 94 53 90 96 70 
92 11 25 39 42 86 23 0 90 59 89 5 12 9 87 98 8 83 98 68 5 69 3 70 68 42 80 43 51 2 36 13 10 21 36 14 57 40 61 90 16 84 80 17 44 9 94 87 85 41 6 48 92 2 70 43 35 64 52 46 48 94 5 7 55 62 28 76 49 99 77 89 71 85 42 82 11 10 87 11 93 93 95 19 37 51 95 69 64 2 83 16 51 98 20 42 43 28 47 94 56 52 72 19 1 65 23 94 52 53 70 87 47 66 77 4 11 44 9 50 55 18 56 27 2 45 67 87 95 40 4 94 92 50 33 28 4 52 4 91 47 79 7 9 49 11 55 73 61 9 10 84 79 24 53 72 23 36 61 94 66 7 38 89 47 50 67 75 4 35 49 
44 23 69 38 51 87 32 73 0 24 10 6 89 55 62 85 56 25 66 60 90 5 16 90 50 35 85 84 53 11 74 66 39 27 21 37 23 20 32 45 89 37 83 60 80 39 15 53 69 99 69 27 86 8 90 39 76 48 75 63 80 10 37 38 86 80 43 20 46 38 37 9 53 29 17 32 69 39 38 82 54 5 66 73 8 30 74 11 79 60 53 33 15 13 27 71 59 94 92 88 20 28 60 67 31 44 9 73 63 98 31 73 43 40 12 67 77 50 31 11 91 35 24 12 46 38 4 6 47 35 93 44 30 85 55 58 65 64 64 36 92 16 96 61 96 65 53 11 79 40 94 1 68 89 68 83 44 43 22 46 3 68 62 56 16 90 6 89 8 1 13 
53 42 41 83 9 53 71 48 37 0 13 47 76 81 10 3 72 93 1 33 33 69 5 16 35 67 75 13 52 23 99 58 31 26 2 79 26 41 29 24 9 94 26 7 91 45 74 7 42 59 37 98 61 88 78 27 92 17 80 87 15 22 21 5 22 25 22 72 61 92 67 64 66 23 1 49 52 23 61 12 15 69 30 27 47 34 20 49 14 44 83 85 47 65 92 24 50 32 18 68 25 11 11 63 99 84 48 57 88 29 54 27 21 94 50 82 33 21 2 47 10 45 61 24 43 75 35 66 31 69 66 58 44 34 2 65 4 51 91 30 6 52 85 77 32 13 38 45 2 75 41 94 40 86 9 52 47 96 68 53 3 55 56 16 17 11 50 90 30 44 85 
57 89 69 63 75 82 23 56 92 24 0 52 31 31 72 74 24 60 81 12 76 3 94 88 42 95 66 87 76 56 82 51 92 9 81 53 84 18 79 60 4 46 38 18 16 49 1 74 54 86 20 69 23 88 80 11 71 27 65 35 97 92 68 68 22 67 11 29 78 43 74 84 32 97 63 46 47 84 52 28 12 13 9 99 71 25 86 72 14 36 43 87 85 21 42 55 87 67 30 8 68 77 78 30 22 47 98 80 53 19 55 41 88 59 25 39 65 33 10 18 72 11 56 5 17 61 5 48 60 1 12 96 92 56 75 74 58 57 83 79 9 29 26 43 92 29 65 30 66 88 34 9 5 96 7 3 10 17 93 77 50 17 77 28 81 20 19 82 12 60 36 
66 63 39 26 73 55 24 58 82 43 95 0 50 36 16 46 57 84 34 12 74 91 73 2 2 99 25 16 17 68 84 24 10 4 57 19 66 3 54 88 35 4 98 2 41 23 54 95 40 62 90 99 43 20 52 27 87 80 13 79 56 11 76 66 77 97 68 29 46 93 67 68 29 88 87 99 17 35 93 60 78 87 25 49 97 1 85 88 12 52 83 64 11 72 55 44 88 85 33 83 29 1 39 88 68 97 72 94 46 22 66 91 13 8 49 16 63 49 21 74 39 77 3 56 59 27 97 33 47 39 43 85 39 75 28 92 15 93 9 50 3 3 17 55 57 71 6 55 93 47 80 19 44 90 53 20 21 27 33 38 99 16 1 7 53 29 98 1 14 9 77 
94 88 24 7 96 32 13 79 38 9 67 40 0 38 30 68 20 10 40 24 88 97 53 24 54 77 92 87 71 14 97 80 1 8 60 76 53 76 56 43 1 42 32 91 52 58 6 9 69 3 26 17 27 28 62 52 89 15 71 70 40 55 85 41 44 97 1 24 58 64 29 78 36 94 91 85 92 33 84 28 95 73 37 91 17 31 3 30 38 4 52 25 86 17 38 4 25 95 85 96 52 86 90 12 43 82 42 85 85 81 5 35 49 17 5 75 72 55 3 31 29 69 41 56 97 19 35 40 92 18 9 90 89 56 47 58 25 45 47 94 62 43 30 50 37 86 63 67 51 89 45 20 96 5 74 86 66 4 71 15 8 45 85 17 99 74 96 37 62 51 26 
80 24 33 55 37 38 23 75 64 18 83 99 10 0 32 81 26 88 45 96 70 56 56 41 95 17 58 90 45 66 52 31 97 12 32 95 49 11 20 34 63 41 39 53 69 32 44 90 42 34 87 25 74 93 83 33 9 57 94 37 62 24 91 36 21 92 31 23 51 88 64 32 52 19 13 8 25 40 86 80 46 80 40 36 16 40 22 89 24 99 12 72 28 50 70 78 28 22 54 68 43 19 58 57 20 85 16 25 76 13 80 32 60 84 80 45 68 94 87 25 93 25 47 50 45 62 71 32 43 50 41 69 51 67 19 33 88 49 75 70 94 58 67 59 29 43 62 95 91 14 55 65 72 79 70 55 47 62 66 89 14 64 74 54 81 63 8 95 25 24 72 
57 28 9 9 14 10 66 8 65 83 54 53 22 37 0 2 41 41 88 18 3 45 69 20 99 36 46 53 1 83 69 58 12 63 86 15 47 96 1 58 27 59 96 84 65 4 48 37 96 78 99 90 62 49 27 35 22 48 39 21 95 9 97 85 86 68 15 67 66 67 73 12 22 89 17 47 77 69 12 22 92 49 65 18 53 4 91 31 89 70 66 60 11 97 80 88 23 91 56 75 59 53 78 99 79 5 21 63 80 23 32 94 20 48 40 52 91 10 63 61 86 23 16 65 84 7 76 27 96 47 86 36 91 84 73 76 28 20 33 6 27 58 42 80 40 6 93 54 85 22 37 48 2 18 42 66 4 31 63 92 53 35 29 52 57 34 77 18 24 48 12 
57 69 30 87 80 12 9 90 30 29 38 63 62 72 36 0 33 89 97 22 68 12 41 42 56 53 73 25 17 35 90 74 65 62 14 28 43 89 61 89 35 61 41 5 82 44 48 92 30 84 44 8 6 61 25 13 98 21 39 99 84 5 86 85 43 54 75 75 71 56 18 8 77 47 20 3 50 27 9 8 1 49 73 49 35 32 97 69 42 5 3 99 38 75 50 56 77 60 48 41 62 24 10 86 64 15 97 92 53 68 16 94 66 2 38 31 49 89 27 19 50 92 9 96 91 23 52 37 10 31 95 42 25 16 37 28 92 84 89 35 93 47 94 50 89 76 79 48 68 4 72 23 29 94 35 98 75 66 31 2 23 61 30 12 35 44 8 36 18 32 97 
4 6 18 85 71 60 3 51 83 25 33 81 62 77 72 24 0 17 63 72 66 85 5 27 58 7 31 82 93 48 1 33 1 24 64 43 99 31 45 25 15 60 62 42 99 53 31 3 94 64 56 66 60 61 32 92 40 68 2 16 72 92 92 94 38 43 38 52 31 68 29 20 92 47 2 74 92 52 53 49 17 84 97 34 72 27 45 94 63 4 86 77 52 7 40 91 43 90 16 53 27 11 35 84 94 62 70 50 20 11 90 38 58 58 76 50 53 58 33 16 31 72 65 64 25 46 45 63 31 14 25 16 43 54 73 68 8 38 41 27 72 20 99 82 87 55 32 48 86 99 23 71 33 42 45 16 65 28 43 22 53 34 38 72 2 53 96 99 38 74 84 
84 42 50 25 63 38 30 48 42 28 58 12 31 92 25 73 66 0 21 94 92 41 53 31 63 6 99 28 32 31 28 61 19 37 52 14 61 72 27 3 26 11 47 59 26 65 65 73 52 8 84 96 17 51 42 3 86 27 64 65 96 21 1 35 97 65 85 87 55 75 13 62 82 27 44 45 20 69 35 27 91 56 37 57 90 6 22 16 14 92 61 91 1 1 87 75 13 37 46 99 62 38 59 44 23 56 39 41 72 89 19 65 21 65 48 63 60 36 42 68 4 77 5 42 6 18 79 27 13 3 4 39 8 68 84 37 40 61 69 62 26 12 5 18 50 76 14 5 69 1 55 74 20 37 37 78 88 66 77 57 48 62 30 75 91 56 49 86 32 68 26 
84 91 62 95 7 2 4 6 72 87 6 82 25 86 77 9 48 43 0 36 32 83 63 29 96 5 85 94 7 79 55 29 75 7 87 32 38 34 22 95 67 63 74 50 38 11 51 28 34 72 37 69 82 17 73 86 67 32 37 80 55 79 95 22 29 37 66 55 38 50 60 53 69 43 32 49 55 59 94 7 18 93 14 84 67 93 72 77 97 86 80 5 53 65 63 69 39 28 7 46 2 93 32 25 31 15 75 20 68 69 65 2 40 47 41 13 14 97 9 67 37 7 91 65 7 9 45 53 17 41 61 83 86 21 10 35 48 78 52 80 47 11 58 34 19 83 71 59 71 83 98 99 83 30 47 20 81 6 20 78 83 39 21 89 6 63 39 14 24 46 85 
37 68 62 12 14 21 84 42 13 61 72 40 85 94 55 70 69 69 52 0 7 28 13 49 32 6 62 63 83 81 9 42 10 27 91 10 6 44 26 25 58 55 81 29 59 98 20 12 95 22 17 95 6 46 80 86 36 56 97 95 27 60 68 13 28 15 13 29 71 63 6 30 96 41 82 79 13 21 44 17 85 69 30 80 89 16 30 95 88 8 22 98 51 33 43 60 24 91 51 34 6 8 93 75 68 12 97 73 21 78 84 51 39 68 23 96 46 83 58 6 74 61 34 92 13 37 51 20 52 82 17 91 87 99 43 49 64 97 50 11 70 66 47 24 15 43 60 57 98 68 22 62 71 54 69 53 37 54 48 8 41 79 85 89 73 51 27 42 35 73 10 
52 9 33 45 10 7 65 54 2 11 98 67 96 12 44 21 31 72 98 87 0 24 2 86 15 77 35 79 40 63 30 99 77 26 24 3 67 78 51 96 90 39 99 88 47 27 8 48 5 53 5 11 50 59 98 77 51 19 77 90 75 83 79 88 71 88 20 9 87 64 51 37 97 98 76 22 7 87 99 62 87 75 16 84 34 24 61 31 26 30 96 33 3 19 51 59 49 35 14 70 35 84 24 45 40 28 31 44 97 42 30 28 77 4 25 35 6 35 86 16 97 43 57 91 83 57 75 61 83 73 25 53 45 13 6 56 90 43 47 64 83 75 31 2 78 41 21 88 18 26 40 21 83 9 31 24 41 50 93 48 60 57 22 91 6 57 46 67 54 81 83 
60 85 3 10 80 54 94 40 42 13 33 63 58 7 23 46 32 94 16 45 92 0 2 12 52 64 4 81 73 82 27 72 68 76 78 94 99 33 8 32 19 25 61 54 73 7 54 53 81 39 38 87 7 21 45 35 37 3 87 95 50 4 93 84 86 75 63 56 3 49 93 62 19 49 4 5 2 36 68 59 7 67 33 23 97 46 96 25 26 13 91 44 27 64 31 78 73 2 85 30 47 34 78 44 35 47 74 2 36 90 54 14 42 45 23 20 74 87 10 34 28 56 86 95 85 39 91 85 1 75 59 33 99 92 97 13 19 21 26 80 75 25 4 2 41 73 28 15 56 57 31 66 48 70 8 55 41 56 41 14 28 97 50 9 38 63 27 11 56 24 69 
22 90 35 17 57 86 78 1 61 91 72 30 49 14 6 72 79 66 19 32 2 13 0 66 87 98 16 56 89 19 84 10 37 8 66 50 96 6 1 57 27 66 98 29 33 44 8 70 65 66 62 81 84 6 34 90 35 27 41 80 49 1 47 87 96 58 62 48 39 27 39 21 57 67 4 94 79 61 46 32 73 70 42 44 33 49 67 96 31 66 24 87 33 27 86 59 4 37 43 60 80 96 9 2 27 55 58 72 67 64 77 43 91 29 77 19 58 82 47 23 37 47 24 67 19 95 83 24 15 81 22 19 14 16 88 23 60 33 71 10 96 87 68 61 22 74 55 30 93 32 20 35 98 80 95 55 48 19 11 66 98 98 7 77 81 3 34 94 28 89 96 
1 49 64 32 39 16 53 90 38 36 10 76 14 50 88 18 3 8 92 68 41 32 12 0 26 19 27 42 40 84 46 35 42 73 98 61 17 47 70 7 15 61 22 39 7 36 61 56 99 45 20 60 34 16 67 7 20 45 42 11 29 5 38 93 41 73 11 41 19 77 65 44 1 8 96 67 68 54 94 52 67 99 12 95 47 52 92 94 89 94 8 51 58 74 97 6 86 40 56 27 89 49 55 15 55 42 84 71 34 10 18 21 50 89 29 93 12 97 56 33 92 7 56 44 80 4 79 3 27 5 72 12 13 34 4 52 70 5 55 40 48 2 60 17 24 75 35 48 78 11 71 16 3 57 32 36 86 27 45 70 71 12 55 83 93 75 99 36 89 16 9 
10 93 96 73 95 60 1 53 41 25 9 98 90 78 22 18 24 57 60 70 13 28 85 54 0 3 50 24 77 27 34 34 46 79 51 30 90 17 60 71 85 74 31 57 59 28 91 68 42 48 9 31 22 56 31 51 85 7 94 98 9 7 19 14 67 11 79 62 90 45 61 43 27 24 22 87 73 7 41 4 55 13 70 18 11 83 31 25 8 68 59 65 90 33 4 32 1 6 97 74 59 77 14 78 22 43 98 27 79 3 4 63 88 20 18 12 5 76 38 55 21 13 4 94 92 49 73 39 20 45 3 47 74 7 55 95 95 55 85 6 14 9 68 17 53 53 37 26 35 55 43 47 95 90 83 81 42 71 79 65 13 9 66 35 38 94 45 36 73 12 25 
73 78 30 90 46 37 40 62 45 68 71 78 55 76 28 30 14 45 82 51 31 67 58 88 77 0 63 47 30 17 71 43 78 18 66 50 15 66 11 86 13 79 80 96 68 15 25 82 69 46 66 70 76 35 63 5 55 79 36 47 13 45 71 59 90 92 50 37 87 50 77 80 1 94 59 6 28 90 93 16 51 19 4 78 49 96 92 79 32 73 91 52 67 30 17 72 52 17 29 47 14 83 82 50 65 85 32 46 78 8 59 25 53 94 59 10 83 1 68 36 65 44 80 30 21 7 36 8 78 67 76 78 22 50 83 48 79 96 57 9 65 86 2 46 81 17 26 22 14 7 77 36 47 21 80 23 19 72 99 13 89 87 4 46 99 37 64 39 32 83 69 
20 78 97 45 62 69 60 7 23 57 30 13 3 56 43 46 90 90 68 52 74 51 35 1 44 33 0 45 5 47 69 52 20 28 6 11 52 22 55 26 89 43 51 61 17 55 94 85 22 75 86 89 23 91 11 47 14 24 68 46 75 32 61 37 58 45 68 40 71 95 2 24 28 42 90 53 58 72 80 91 2 89 61 75 9 78 13 30 99 50 6 20 52 16 4 76 69 48 22 48 78 54 23 2 11 47 39 82 61 34 23 91 23 92 48 61 29 72 59 43 39 99 40 56 52 95 76 17 54 11 10 47 83 31 93 45 33 8 28 42 31 6 42 72 87 14 65 22 47 4 36 90 24 4 82 46 62 6 35 83 68 45 24 91 22 68 67 12 58 27 10 
59 33 95 43 98 58 22 61 64 91 78 98 67 58 68 23 50 3 65 84 12 60 40 35 34 37 55 0 84 29 53 97 84 57 4 26 25 80 54 73 39 16 20 8 51 49 60 94 18 70 84 93 21 69 91 71 43 36 21 98 51 76 24 69 32 3 96 27 47 43 36 5 36 43 37 67 12 63 48 6 37 96 74 69 90 13 15 19 42 35 37 23 28 35 72 10 53 42 68 72 12 16 37 93 31 71 95 26 3 18 60 65 26 2 32 79 75 81 14 43 46 95 23 36 89 15 83 91 18 45 3 70 89 25 22 21 32 55 63 77 56 15 58 87 90 13 9 64 92 62 1 85 27 61 67 79 29 78 5 83 94 45 68 38 39 95 66 2 54 1 44 
64 4 53 31 48 51 29 19 9 91 36 12 70 78 71 65 97 85 10 90 41 9 34 92 16 42 9 12 0 90 50 56 61 20 20 45 78 24 97 13 39 49 29 81 57 95 37 87 18 86 39 7 79 9 35 43 28 14 17 46 94 60 7 56 19 15 53 81 50 11 51 34 9 88 98 88 38 87 83 49 59 52 69 64 78 49 73 89 27 21 53 58 25 14 9 71 51 51 38 33 22 64 17 28 11 68 53 85 60 83 28 20 72 62 57 5 86 10 37 22 60 18 34 28 67 85 62 58 87 86 24 40 19 68 43 23 14 12 36 70 68 88 74 41 6 60 43 10 74 66 53 31 16 24 62 76 20 19 20 56 52 74 86 71 77 16 63 9 69 32 7 
73 21 5 1 75 83 94 39 34 59 53 22 66 45 39 97 13 60 90 59 88 6 51 90 63 56 19 11 34 0 33 91 81 41 24 10 49 3 76 88 81 83 59 9 87 38 38 84 18 22 96 70 74 24 57 36 68 73 83 34 66 6 41 67 50 20 13 41 12 29 72 16 75 34 57 83 69 34 15 6 5 38 59 60 10 98 11 26 67 84 44 61 92 45 87 34 81 50 82 49 34 98 10 47 16 9 32 35 33 8 83 64 58 47 61 56 94 23 4 15 49 66 76 43 33 1 34 64 65 61 17 78 45 76 22 8 4 44 84 54 55 48 98 70 48 34 21 32 61 39 73 73 78 3 82 50 94 18 22 34 35 25 45 81 60 22 5 63 13 17 79 
61 82 41 82 70 39 16 34 50 16 16 56 29 24 10 75 84 69 25 14 5 68 60 77 40 84 32 44 19 25 0 71 99 38 47 3 50 20 90 51 33 83 69 64 68 79 58 31 42 5 7 17 10 34 15 3 33 47 37 69 98 47 79 31 38 49 49 91 18 27 81 84 15 31 77 84 10 7 3 78 17 72 46 72 6 69 83 32 3 96 60 18 34 97 8 25 26 63 78 69 60 15 57 14 12 90 86 47 85 66 82 99 56 41 14 92 93 66 71 47 72 31 24 17 3 96 98 53 41 9 64 14 39 16 54 64 67 32 75 61 44 60 13 88 85 78 11 47 41 86 22 95 36 75 92 51 52 64 86 15 59 59 48 44 62 86 70 48 60 85 79 
59 37 78 9 26 12 96 74 19 70 85 3 67 98 89 18 17 72 93 9 4 84 69 58 38 44 6 11 51 43 61 0 46 51 50 51 61 78 36 44 51 52 10 77 17 47 66 16 99 70 35 30 59 69 69 76 37 30 72 81 30 46 90 14 43 89 29 85 94 80 99 50 90 31 16 97 38 31 81 52 14 69 51 2 90 30 96 4 9 55 1 45 85 27 35 96 25 9 21 18 8 61 90 42 56 34 88 14 22 64 54 40 4 27 71 71 65 29 80 38 4 18 87 72 67 70 91 90 61 21 63 35 96 91 28 18 15 74 83 39 83 27 75 62 79 62 88 95 78 60 38 97 67 89 9 49 96 92 53 1 14 41 55 96 6 15 32 49 64 40 95 
1 17 68 91 71 24 24 94 2 34 22 84 59 56 37 40 71 25 45 20 46 91 47 59 54 16 10 49 65 72 81 15 0 28 81 90 19 45 1 30 15 7 4 87 83 10 63 39 99 30 26 67 13 83 39 86 84 39 52 87 67 91 53 5 33 78 50 48 48 42 96 34 24 76 93 79 35 7 69 74 64 21 75 90 52 94 3 3 12 65 39 21 34 46 10 33 41 28 52 64 90 48 19 19 13 73 7 6 73 37 86 16 76 91 35 71 64 31 95 48 2 66 37 47 81 20 42 83 81 78 94 18 54 45 65 44 28 47 29 35 35 43 78 44 31 57 79 4 25 58 85 37 69 7 87 48 15 61 58 86 64 74 70 18 46 18 57 42 10 11 49 
62 70 35 65 98 91 11 86 28 64 98 14 68 66 94 39 87 6 3 32 97 20 16 15 36 1 99 76 55 35 42 75 97 0 13 93 84 92 72 29 81 79 71 17 40 38 41 11 74 75 51 83 94 71 87 15 83 32 51 51 53 37 95 41 49 21 88 61 81 94 6 32 51 28 1 46 37 67 98 51 81 12 66 23 19 12 82 51 1 83 70 26 52 31 49 53 52 98 72 63 85 81 10 9 49 91 27 65 31 17 60 12 78 62 22 26 34 80 31 97 31 97 91 49 61 80 97 19 76 57 24 24 78 93 59 24 80 29 23 76 38 11 37 48 88 36 46 50 11 77 14 29 38 74 94 95 59 76 21 91 48 32 16 10 32 4 74 41 19 53 32 
26 21 82 35 25 55 80 56 84 76 57 84 88 11 54 40 76 53 47 80 8 67 10 7 24 59 40 91 41 24 41 10 68 23 0 81 18 2 94 59 29 59 32 41 85 85 28 69 58 44 65 66 80 74 85 15 80 41 90 47 1 26 20 55 13 99 99 25 10 81 87 79 40 60 83 15 68 31 36 29 94 93 38 16 25 20 69 64 91 58 11 55 49 21 50 51 15 88 39 70 8 98 52 14 54 48 55 67 60 77 71 95 96 33 71 64 4 68 62 5 93 35 38 79 79 43 9 22 80 12 75 10 28 63 52 14 85 43 13 65 88 71 19 29 65 3 51 93 39 37 21 41 69 30 88 20 13 90 22 85 93 98 77 25 89 4 98 39 92 62 41 
73 92 46 91 92 86 73 78 91 85 53 37 89 85 15 6 54 87 64 29 93 5 50 58 33 77 96 96 56 18 34 61 71 54 5 0 19 1 35 55 99 90 48 43 40 11 39 12 70 4 37 90 75 22 50 33 11 41 47 81 27 82 83 22 66 52 3 17 37 38 12 10 81 66 75 34 95 46 47 35 19 20 86 12 65 56 49 24 63 45 98 44 6 96 95 16 24 31 77 84 83 84 35 80 96 11 18 38 96 14 61 74 79 92 9 53 64 27 4 67 38 49 27 27 54 51 46 95 21 4 23 60 8 4 39 81 58 63 86 70 21 39 12 68 90 80 75 8 80 8 29 22 68 76 81 96 5 28 10 60 2 26 59 96 77 59 66 28 39 65 49 
22 74 50 52 94 51 25 42 93 35 38 72 14 64 83 82 61 42 99 41 97 68 71 27 57 60 8 32 69 46 2 76 18 17 6 89 0 35 25 33 52 50 25 54 32 40 22 4 40 70 55 6 57 19 83 75 53 14 68 38 60 54 34 53 99 63 53 71 56 20 12 28 10 10 66 39 83 36 66 15 81 74 66 23 72 85 42 91 50 87 13 24 45 38 88 68 43 8 38 93 46 80 63 39 47 92 79 34 33 91 2 67 20 15 80 70 79 43 37 16 50 28 86 76 37 42 13 11 7 10 98 94 22 2 7 34 90 53 92 4 9 29 53 92 44 69 98 25 84 47 99 46 33 43 76 37 9 93 79 29 47 84 28 5 25 41 79 42 84 6 75 
1 92 42 35 62 65 87 9 84 66 42 46 2 45 33 12 84 26 76 94 63 47 65 7 20 53 73 65 22 75 33 64 20 33 47 44 47 0 44 24 26 78 46 46 79 31 84 8 7 7 4 90 91 44 68 73 29 47 93 32 27 73 71 13 65 62 99 61 62 42 86 44 52 63 13 67 60 84 78 16 56 77 9 31 19 43 75 96 92 84 95 22 35 36 67 75 8 25 69 96 26 9 42 65 47 75 90 7 28 43 42 8 72 99 25 91 72 34 8 94 43 37 93 97 28 87 93 60 95 98 98 42 55 72 86 44 65 93 50 29 9 21 22 58 22 79 76 40 49 27 59 22 75 3 19 83 66 59 22 55 2 60 98 26 40 42 77 20 96 89 22 
1 35 24 57 15 72 30 43 19 81 77 67 21 78 92 13 56 92 8 10 13 31 75 28 27 80 49 6 85 93 91 59 43 33 29 36 58 23 0 91 99 28 95 48 1 37 27 83 88 81 4 66 24 88 90 9 29 48 64 86 24 93 98 99 93 44 82 44 80 75 68 40 54 37 63 2 11 46 36 95 10 98 28 69 54 43 94 63 78 52 92 79 59 91 60 6 25 22 77 72 73 86 1 64 60 70 65 46 26 69 43 28 26 76 89 1 7 69 35 69 18 12 86 27 35 52 8 43 72 30 97 8 97 53 63 74 24 4 9 71 84 29 78 69 77 14 62 28 48 96 25 54 11 3 57 3 43 10 21 77 75 90 27 60 34 15 74 6 77 20 14 
76 24 47 45 22 34 61 78 29 24 75 94 85 25 71 97 26 84 63 28 17 5 56 5 29 3 24 15 6 67 6 66 48 52 31 43 34 88 94 0 21 52 76 86 20 38 5 66 3 56 51 23 69 62 52 42 97 15 85 97 71 48 96 40 37 65 69 28 47 61 38 72 32 98 64 98 62 55 49 32 7 53 73 19 14 97 16 36 45 27 58 78 9 72 67 96 71 6 2 70 55 25 68 92 54 31 88 59 33 44 97 12 17 55 10 79 70 68 27 3 81 80 81 95 62 68 64 85 40 46 12 61 68 59 7 4 41 5 98 57 17 23 31 55 7 96 53 28 73 61 66 32 56 28 75 63 32 99 79 44 45 89 36 81 99 63 37 4 38 41 91 
51 89 67 99 19 72 20 10 52 94 38 75 13 80 32 75 82 88 74 6 53 42 97 6 54 42 5 24 8 92 30 48 26 69 93 50 14 44 15 29 0 90 25 38 66 85 30 1 77 82 36 86 92 54 16 22 15 33 64 86 17 63 13 8 72 84 21 98 11 42 19 64 96 1 44 2 61 16 19 83 32 52 77 45 40 51 29 19 19 69 38 78 81 76 3 37 62 30 56 10 12 73 80 98 18 33 57 55 19 47 46 3 41 51 6 50 67 50 93 5 66 1 46 2 24 91 71 57 16 53 63 80 63 20 24 88 40 2 78 39 7 10 99 65 90 47 11 33 73 63 14 43 76 50 5 70 2 11 9 9 69 40 66 27 4 59 84 58 19 90 43 
69 55 94 52 22 84 66 96 6 23 60 72 31 81 10 69 99 84 68 48 96 51 77 44 97 90 35 75 76 67 19 28 72 17 39 10 56 91 81 31 77 0 39 29 43 10 34 25 3 50 80 43 96 59 14 38 8 12 20 66 1 79 1 81 73 6 54 31 97 75 59 92 80 96 58 18 18 67 20 44 11 88 65 86 95 23 82 45 85 33 32 66 58 19 7 57 8 65 82 22 5 80 35 42 66 15 32 62 73 44 39 66 92 23 99 88 91 15 3 66 31 42 56 51 46 16 46 87 17 98 73 3 97 93 81 63 50 35 53 22 1 70 92 93 95 70 71 44 14 64 21 15 31 42 84 5 88 90 79 80 81 83 4 61 66 92 19 21 71 30 39 
77 19 61 67 54 1 39 71 63 94 82 43 30 17 17 34 15 51 89 57 89 92 70 33 8 71 63 66 39 83 21 27 25 9 54 21 28 97 48 28 74 43 0 86 30 22 85 87 99 31 95 13 80 72 41 15 50 94 1 74 76 15 12 79 42 5 23 35 43 35 31 43 78 25 50 97 2 73 50 16 82 41 17 20 53 93 92 38 61 39 38 14 12 55 85 78 13 51 51 9 72 82 84 55 61 22 17 72 64 17 52 33 88 58 12 8 73 35 32 60 71 92 19 7 48 70 13 70 58 83 8 90 81 54 97 49 98 88 36 36 40 11 39 43 95 21 46 32 25 72 12 14 56 37 98 39 83 25 58 55 75 87 45 9 12 21 91 38 2 92 92 
7 53 54 21 14 79 30 29 36 88 95 75 98 34 1 30 78 64 65 8 13 63 76 1 1 79 42 16 54 86 28 86 28 17 95 67 21 68 41 98 53 87 54 0 90 98 54 29 32 67 75 95 55 86 1 47 20 4 92 20 3 92 97 85 20 95 55 82 49 60 14 53 86 51 1 63 84 74 74 62 3 13 65 4 50 90 65 98 77 65 20 97 63 23 90 59 11 44 86 68 93 17 12 50 64 11 27 29 36 47 42 55 81 30 8 50 34 19 87 53 1 13 81 51 71 49 80 93 2 30 33 13 21 71 96 10 76 27 46 29 28 29 8 69 68 97 64 1 5 49 76 71 19 10 56 53 11 74 71 38 99 31 74 65 81 30 2 13 43 36 78 
67 97 39 81 98 96 5 76 34 25 76 48 13 64 16 20 89 65 76 24 12 82 49 4 56 12 24 67 43 88 17 54 71 15 34 11 20 85 17 29 9 87 17 47 0 94 62 35 43 21 57 46 69 71 5 37 88 4 98 84 53 96 80 60 67 51 82 97 31 94 49 26 59 5 10 36 12 75 31 10 70 55 34 57 31 36 18 8 60 51 33 57 82 36 43 44 30 63 16 39 80 23 1 97 90 39 47 9 79 70 59 14 76 48 50 43 24 8 31 50 53 65 90 34 8 87 85 20 39 36 69 99 86 30 15 34 24 35 96 10 76 84 23 74 89 7 59 70 68 29 86 80 72 53 57 27 84 24 97 19 32 14 14 85 83 35 85 31 75 44 36 
72 21 15 77 87 91 52 62 22 3 1 56 55 27 74 26 45 85 24 20 21 21 68 1 64 4 40 88 73 99 10 58 49 43 57 54 72 28 77 58 42 22 33 14 88 0 60 65 63 21 89 17 69 4 31 17 15 58 15 81 76 79 11 21 66 52 95 24 11 90 56 8 90 98 25 78 98 21 73 19 69 43 45 44 87 7 13 79 87 21 12 96 87 65 53 52 53 71 8 11 42 59 13 81 43 66 85 21 87 9 16 41 31 4 74 60 38 30 67 12 17 77 2 3 78 7 35 45 65 43 74 41 28 41 24 55 36 94 97 61 31 1 89 81 40 32 4 35 68 8 34 77 20 74 85 27 80 69 30 91 47 15 14 97 7 30 55 3 99 19 28 
90 65 46 70 4 50 68 21 44 76 96 5 6 28 59 3 94 93 96 82 85 47 18 1 39 42 55 82 16 81 43 56 84 61 68 90 36 61 15 74 19 68 2 86 32 9 0 41 54 87 76 67 84 65 49 63 84 86 99 78 80 57 1 69 68 22 98 78 40 67 23 84 17 76 97 29 90 82 92 37 11 74 30 5 20 3 3 64 87 57 58 74 20 4 26 52 13 89 6 50 32 53 57 69 88 84 62 35 23 64 59 30 17 83 64 57 52 87 37 92 97 81 4 95 11 79 65 58 93 34 11 71 41 22 30 54 66 32 97 94 98 67 90 20 94 41 18 65 17 4 84 67 3 88 3 18 51 78 42 9 18 74 31 42 56 13 49 40 89 26 16 
74 31 9 29 2 68 89 86 58 95 16 37 69 25 24 36 96 58 30 30 70 77 55 58 34 91 18 40 98 54 17 97 63 13 4 65 42 90 21 92 11 16 51 39 6 18 90 0 44 76 10 98 82 39 44 41 54 31 92 21 70 70 69 1 74 95 51 36 64 60 93 37 72 54 25 77 32 78 40 97 87 55 18 60 46 62 36 59 36 42 59 77 95 93 44 71 81 73 90 9 52 47 75 14 68 70 59 64 20 51 28 66 50 66 14 63 52 55 62 54 86 16 34 76 69 24 34 53 16 58 7 49 25 10 73 32 80 84 26 56 87 17 6 67 86 23 23 55 58 11 21 60 36 30 69 70 2 54 84 40 3 29 34 6 55 58 12 92 72 2 98 
11 58 63 86 7 10 20 14 30 69 46 68 70 31 13 82 29 21 38 71 27 48 45 72 3 28 70 47 59 48 55 46 51 65 5 43 42 49 48 63 26 57 79 47 7 7 72 20 0 90 11 80 10 21 45 3 68 91 2 80 88 3 25 80 29 38 40 90 19 99 90 19 2 3 47 35 15 14 44 12 23 35 13 37 67 81 57 47 95 24 64 35 96 52 60 60 68 29 8 36 71 40 71 79 81 57 6 62 34 96 96 39 35 48 76 97 54 83 32 29 68 53 56 12 18 67 37 46 70 11 27 61 40 71 61 78 78 32 87 64 10 18 10 90 30 10 37 24 83 14 66 59 26 96 51 80 83 14 14 77 68 99 74 24 7 85 1 61 9 80 79 
13 98 48 81 93 39 54 86 93 27 9 58 26 30 9 40 36 37 94 19 83 53 97 63 25 35 59 66 54 32 31 23 12 14 93 22 78 42 59 62 12 68 25 86 38 48 38 1 51 0 76 95 56 10 37 68 92 18 41 61 43 2 71 98 27 18 10 71 86 53 30 45 74 30 13 66 61 27 72 20 9 58 94 63 74 30 92 87 75 71 98 19 75 87 19 46 21 78 7 5 93 91 23 96 80 95 1 58 71 4 24 60 61 68 48 47 27 26 3 34 20 91 23 31 78 82 26 41 52 80 85 91 18 34 62 63 72 75 1 43 99 55 63 48 11 9 3 4 4 7 13 81 22 72 94 13 84 4 32 64 3 86 64 23 60 82 38 94 81 82 49 
7 76 84 87 89 8 83 34 25 65 41 55 17 99 52 58 12 86 5 78 31 73 97 16 10 65 99 32 51 53 94 24 9 37 33 46 83 77 67 68 47 15 75 19 13 66 68 73 87 37 0 77 85 47 96 13 36 89 82 11 92 33 10 8 31 94 67 19 17 23 17 20 14 91 25 67 81 15 87 57 56 4 9 70 62 70 38 30 31 47 83 52 52 15 37 45 6 55 16 52 8 50 22 10 85 54 77 40 64 49 30 30 67 46 65 79 34 90 95 74 40 25 64 3 84 29 60 96 71 84 5 31 73 87 26 52 48 97 19 83 35 91 74 81 14 23 91 50 68 47 20 25 15 82 90 37 12 23 80 12 33 48 25 75 46 7 44 18 40 51 17 
88 60 38 82 51 69 32 49 47 69 69 77 11 8 64 79 28 92 6 76 1 24 8 27 55 2 12 36 43 3 47 99 40 30 28 82 88 67 77 71 86 73 61 32 13 77 87 62 9 84 35 0 2 10 95 90 90 93 96 43 80 8 77 64 87 2 22 80 3 61 52 47 4 70 82 73 20 16 83 22 93 35 25 46 81 99 62 43 3 95 45 23 24 3 91 72 47 91 3 50 4 76 14 43 38 5 15 71 27 92 75 54 21 38 64 89 20 71 56 72 53 2 13 98 13 33 62 65 72 74 26 37 54 36 21 80 40 91 75 42 77 65 24 64 89 47 41 95 41 80 30 19 69 33 43 42 32 92 71 27 51 64 96 37 44 95 82 92 81 35 87 
22 21 31 96 90 72 46 15 28 30 17 23 3 55 67 88 95 5 75 67 23 77 42 63 95 32 17 18 41 51 93 79 5 4 16 64 12 93 10 26 14 12 45 32 58 91 99 35 65 24 48 67 0 5 8 35 16 71 9 99 47 17 66 76 23 23 89 98 58 64 16 91 28 22 84 94 77 93 91 97 13 83 52 21 2 47 43 97 26 91 20 70 71 77 48 16 12 98 99 48 78 48 58 26 2 55 91 87 12 13 6 54 30 75 97 85 84 1 16 3 62 59 66 44 8 58 65 9 82 94 38 18 16 3 31 55 65 33 25 41 73 83 48 4 5 72 64 81 3 11 49 25 22 53 24 8 24 21 29 4 46 81 31 46 99 83 97 35 31 34 35 
68 86 69 57 52 52 22 71 30 83 38 82 38 28 69 15 12 14 87 52 95 24 58 16 77 38 54 99 83 27 93 28 78 98 50 98 82 3 37 34 28 96 51 25 23 25 40 39 6 36 37 50 40 0 18 64 94 83 18 42 54 44 95 6 53 46 71 44 67 93 43 25 48 17 85 45 99 78 29 93 63 86 83 51 47 12 59 24 25 14 6 3 67 28 76 64 21 2 84 78 67 70 94 31 20 31 86 77 13 17 25 92 73 86 48 15 98 44 5 92 43 18 12 26 61 31 79 74 98 8 5 14 21 67 66 27 16 16 52 49 15 95 42 71 89 9 49 63 57 5 67 65 17 51 31 38 30 25 24 14 18 55 9 76 89 45 53 34 58 68 62 
1 8 54 33 68 93 47 92 30 84 67 21 88 64 15 23 31 13 61 42 98 85 35 56 13 96 84 30 72 92 49 5 88 6 43 86 83 91 26 42 96 42 71 53 47 36 27 74 57 15 37 14 54 83 0 1 48 89 11 36 98 62 62 79 40 99 47 73 22 35 23 78 21 73 1 1 6 67 95 4 42 35 54 54 1 60 41 70 27 81 77 14 84 38 63 58 90 72 22 60 95 27 35 94 33 36 37 59 24 15 42 87 79 91 67 89 52 6 74 22 21 90 82 63 11 8 19 98 8 15 57 23 20 51 51 9 40 15 25 63 78 65 82 4 56 81 46 30 78 49 68 10 56 31 31 99 91 92 78 50 78 58 12 54 42 53 11 51 94 78 90 
82 56 12 23 14 75 48 86 94 50 95 29 4 7 17 90 77 51 51 33 83 50 92 34 63 79 77 4 43 36 18 96 9 26 71 48 56 80 16 7 92 46 90 22 77 29 54 29 92 9 25 69 89 95 41 0 35 51 53 42 93 32 36 79 43 19 72 49 61 16 8 66 13 3 1 49 53 92 16 7 3 22 48 20 77 64 27 51 45 85 46 64 85 55 60 31 84 85 86 35 6 26 57 84 42 98 83 50 74 63 59 16 30 42 63 40 41 44 88 49 50 53 20 90 62 71 23 81 46 13 8 93 1 72 30 40 58 25 95 79 21 31 94 97 62 93 37 53 81 7 41 23 86 53 96 47 83 29 24 6 78 71 85 16 32 23 7 76 45 28 34 
83 66 24 19 58 19 33 17 46 20 25 82 14 34 45 51 96 65 22 90 93 28 56 80 63 88 89 37 83 18 54 71 44 61 25 74 21 78 85 15 97 37 69 14 75 52 87 61 45 27 54 63 36 56 46 40 0 51 58 88 34 23 18 74 50 12 12 63 44 2 81 17 43 18 1 19 86 34 19 65 63 80 85 96 31 78 37 77 47 20 37 89 76 79 1 92 73 63 4 1 28 97 81 62 42 16 78 72 38 36 81 25 11 92 69 22 9 17 13 70 3 74 82 8 97 44 86 99 6 93 49 25 32 89 44 29 88 86 81 99 47 97 64 59 30 83 29 65 89 58 20 87 87 87 81 51 75 19 23 39 88 15 28 90 74 56 9 25 84 90 75 
14 90 36 35 99 64 58 14 60 47 61 85 15 49 32 11 27 38 83 76 81 6 71 57 59 72 49 88 24 92 5 72 24 40 77 96 47 23 86 33 78 1 73 35 36 89 34 59 45 68 34 94 45 77 60 72 90 0 16 20 45 30 41 69 10 31 5 12 49 40 70 51 67 97 83 96 64 57 36 96 6 7 27 44 37 57 27 60 77 78 89 73 9 55 68 36 43 66 89 24 21 24 58 71 29 72 51 9 43 6 77 68 92 11 58 34 78 43 12 20 8 53 90 46 23 88 36 49 38 11 56 15 7 3 14 43 12 77 45 92 89 56 28 24 93 10 18 84 23 78 91 90 87 21 18 30 97 15 46 88 26 48 33 7 99 74 7 1 15 53 37 
89 88 11 64 77 67 32 79 76 18 70 71 69 83 30 90 81 61 46 78 57 11 18 35 15 34 68 31 75 77 68 11 91 20 52 67 6 67 96 55 88 38 59 28 71 8 29 50 1 91 86 47 51 44 70 92 93 6 0 61 81 49 36 49 20 10 25 76 14 41 37 74 56 98 89 5 51 65 67 72 67 91 88 66 64 4 24 76 96 91 81 4 71 70 67 16 51 17 7 95 54 18 31 49 50 36 68 17 69 27 90 41 46 88 87 13 87 17 67 88 56 96 84 27 94 3 31 63 65 72 80 40 86 29 40 85 11 11 30 85 33 48 51 56 81 42 52 15 86 76 70 79 4 64 89 33 7 82 88 93 60 16 78 65 23 92 7 15 62 82 88 
99 7 32 94 22 73 83 20 99 81 15 24 56 26 83 93 75 49 96 95 57 25 33 61 96 47 64 25 90 10 71 21 69 77 49 29 8 60 4 4 48 75 79 34 14 12 29 41 11 41 70 39 25 15 77 48 74 80 44 0 81 71 99 80 38 32 38 95 62 12 91 40 3 95 96 74 64 35 6 63 9 2 29 13 55 50 42 56 27 35 25 95 41 20 71 47 79 96 99 26 68 31 45 78 94 44 9 81 88 29 39 57 55 38 76 2 40 1 40 85 66 20 71 46 70 82 97 2 58 66 30 26 28 27 90 67 92 19 60 60 29 84 8 10 68 80 48 33 26 9 31 73 71 90 6 1 80 90 66 30 73 91 86 34 18 80 59 77 68 23 70 
87 24 62 62 80 24 32 78 47 39 19 80 19 7 84 82 6 1 35 42 96 94 45 95 99 32 59 71 4 49 57 52 83 6 76 49 88 80 11 43 77 38 63 88 42 74 21 85 93 19 19 49 85 96 63 67 28 81 52 31 0 90 14 74 38 14 48 4 35 1 71 52 58 73 55 32 63 63 15 16 34 69 32 80 52 65 88 62 22 32 16 52 33 50 2 5 68 91 95 1 42 35 93 1 15 18 75 13 3 68 25 91 64 23 99 69 23 66 53 98 46 20 3 33 87 63 40 50 64 32 52 55 39 21 66 51 49 8 71 70 9 74 1 4 92 17 65 33 68 37 31 29 58 88 79 48 35 97 63 94 70 50 49 12 61 22 29 40 39 86 59 
54 21 65 64 37 3 44 92 44 19 14 61 39 25 10 50 44 28 65 14 21 20 99 80 18 82 72 52 37 79 23 20 14 48 94 35 9 40 87 36 75 10 18 69 45 34 19 5 52 18 68 29 4 30 54 89 8 13 96 55 67 0 61 46 96 50 26 7 75 3 32 70 92 91 96 60 5 35 1 82 45 81 53 91 52 72 19 55 71 53 57 64 21 47 64 96 76 79 71 86 87 21 2 61 32 83 74 1 61 82 8 27 49 23 26 89 11 86 30 62 59 48 14 71 90 60 3 64 55 59 87 43 56 19 7 97 68 22 30 66 12 69 56 92 33 37 34 57 71 5 73 30 47 24 79 49 94 23 60 11 19 87 94 55 14 27 75 90 71 97 81 
2 47 81 50 57 47 5 78 49 2 4 42 10 92 30 1 44 35 52 73 22 63 71 53 91 80 43 60 28 51 96 43 58 55 26 22 80 94 99 32 44 64 86 27 22 73 20 68 7 89 27 87 90 80 76 58 50 80 82 32 35 80 0 32 59 70 9 50 16 39 7 31 82 68 83 93 93 51 88 6 56 56 40 95 33 46 46 31 77 25 3 25 70 95 74 56 29 7 12 37 91 49 80 5 5 78 5 61 17 62 96 57 15 6 75 99 83 72 20 48 68 86 35 41 31 77 70 20 36 22 94 45 60 57 67 82 33 99 1 28 75 32 8 82 76 85 62 17 48 24 83 29 50 75 91 11 59 88 84 25 27 26 40 39 68 82 49 74 13 46 87 
41 83 44 26 2 70 75 73 63 10 12 53 57 31 41 93 42 46 68 82 6 36 13 32 58 76 87 84 46 78 19 96 30 19 33 90 63 59 46 60 32 58 25 97 98 86 28 53 71 93 76 2 94 67 10 19 55 72 30 7 81 30 34 0 97 10 75 58 62 5 53 17 16 20 60 57 96 82 47 86 57 21 35 49 92 55 92 63 74 63 68 96 27 57 16 30 84 88 78 2 61 68 92 32 48 45 46 84 92 29 16 2 14 90 73 50 7 80 88 18 37 23 5 95 90 2 62 13 47 70 55 19 5 89 19 33 37 39 60 38 64 21 25 77 47 37 33 73 87 82 22 83 26 87 94 48 14 61 21 5 81 36 45 30 13 56 7 54 71 51 52 
93 57 55 10 83 40 27 42 10 52 15 42 47 87 72 57 72 45 43 1 72 54 83 61 56 3 13 81 94 61 85 90 4 79 72 70 31 69 5 99 57 66 92 42 76 22 76 68 48 93 92 35 65 19 45 80 51 35 99 67 50 75 9 32 0 45 2 70 16 49 38 21 87 44 52 79 32 45 69 39 85 15 57 20 83 60 25 16 37 19 26 3 48 61 94 47 24 51 92 30 66 28 64 21 15 74 98 65 73 19 61 43 77 14 3 42 66 52 12 2 83 91 46 58 1 88 38 45 59 3 55 69 20 64 81 52 65 49 81 36 42 67 20 50 78 76 73 71 40 93 59 85 26 95 53 62 68 54 69 79 20 22 11 12 44 84 81 83 97 84 85 
86 94 71 7 66 3 46 31 81 50 84 13 40 3 16 83 81 63 21 86 4 8 93 47 85 42 85 94 8 4 15 79 79 26 61 36 16 98 55 41 92 50 41 44 71 49 46 85 6 64 2 13 44 5 97 24 80 62 44 25 95 90 59 79 33 0 13 95 88 96 86 58 85 79 10 67 74 3 27 99 21 20 77 82 67 97 14 12 47 26 92 31 99 86 55 75 80 40 47 18 23 68 36 48 47 51 92 94 37 82 41 50 90 33 53 27 46 44 34 42 15 4 95 31 42 39 48 60 15 53 5 72 30 25 9 65 61 68 66 12 66 84 12 88 46 62 39 63 17 12 86 95 95 96 73 94 3 91 91 32 86 42 14 22 99 75 73 18 41 47 73 
22 17 64 61 55 90 33 4 88 20 36 86 66 94 37 39 26 91 64 59 7 48 39 92 95 17 44 77 55 70 19 32 15 1 74 39 83 63 37 2 32 25 19 75 99 84 43 26 44 94 47 60 10 64 84 89 20 64 33 16 45 26 85 60 29 33 0 83 45 81 41 88 48 94 89 64 43 17 54 38 97 52 16 63 58 22 54 42 65 83 76 79 58 91 6 14 6 18 58 62 89 99 91 61 1 74 23 13 89 29 26 61 98 37 33 38 56 75 9 9 30 99 34 7 3 75 4 39 77 35 48 52 81 14 99 16 22 58 10 2 9 81 53 49 83 42 99 82 90 88 69 17 2 3 78 64 32 70 85 66 67 99 70 91 42 61 34 89 68 47 15 
39 79 72 69 46 41 47 6 97 29 39 44 46 4 91 54 86 96 17 59 80 58 5 71 4 32 56 13 14 53 78 69 40 11 92 73 9 16 73 31 21 20 4 2 6 77 63 86 93 2 14 34 13 39 25 13 9 60 84 57 52 82 92 53 43 85 20 0 95 99 10 49 13 63 85 57 3 53 86 90 72 44 55 20 11 11 19 44 72 55 33 8 50 77 48 9 81 81 46 50 87 7 36 46 20 63 5 50 35 2 28 20 94 43 4 61 68 95 34 75 80 68 20 14 90 20 94 4 15 30 41 9 54 86 90 16 49 19 13 52 33 8 60 21 54 63 74 42 58 70 99 68 48 73 92 49 92 16 36 16 84 23 46 65 72 75 85 65 45 86 73 
16 41 44 29 61 39 45 32 3 68 18 86 68 12 97 62 56 35 40 8 59 45 5 94 44 53 36 91 70 54 67 81 32 8 63 39 8 11 21 53 51 83 68 93 11 45 85 97 61 25 75 62 23 29 81 2 13 70 3 69 54 14 59 39 87 45 84 48 0 42 92 90 83 96 21 33 97 17 33 83 26 50 92 78 12 33 6 7 5 97 66 29 8 60 83 76 34 65 17 20 27 86 5 89 21 77 92 4 16 11 98 81 7 23 47 71 9 88 82 6 84 94 64 70 81 13 47 75 99 11 62 40 51 90 42 83 66 48 54 41 99 18 6 49 73 34 7 72 45 15 81 25 35 65 67 73 4 97 53 49 8 31 59 67 64 37 57 23 91 12 9 
74 88 65 81 50 81 94 67 88 14 63 6 10 91 2 49 1 22 96 48 52 22 40 65 64 97 79 82 60 15 33 47 12 2 92 65 85 78 37 80 61 52 68 74 59 91 67 9 8 43 25 92 93 79 62 36 41 46 47 31 97 5 60 35 97 20 77 52 69 0 83 3 23 54 39 32 16 86 31 8 83 48 35 65 16 61 85 85 7 18 71 9 12 61 15 21 98 10 40 25 9 90 36 38 61 8 55 27 29 46 33 35 81 42 36 50 66 31 13 4 21 26 40 87 77 94 14 87 60 77 35 78 95 42 74 73 2 38 55 60 9 53 86 72 26 98 97 7 62 83 41 64 3 15 65 96 71 83 54 28 63 16 23 87 17 67 97 76 26 8 4 
42 39 21 71 72 91 42 25 39 69 63 61 9 22 4 27 26 96 25 90 16 2 54 33 57 50 50 2 86 92 57 11 40 1 60 10 30 54 23 56 97 64 99 4 39 56 8 22 16 71 46 19 42 68 77 76 85 96 77 94 71 69 84 84 3 67 76 81 50 21 0 6 36 86 95 22 8 41 68 98 13 14 56 19 46 81 77 34 45 2 97 43 38 35 91 28 79 77 2 96 32 26 81 13 45 64 86 78 4 36 14 86 67 8 11 86 26 34 24 19 88 52 35 67 25 49 33 10 13 81 82 64 97 87 70 70 57 17 82 60 15 82 23 11 50 40 60 37 88 92 59 77 85 75 4 20 49 3 96 15 16 38 92 65 63 56 59 33 1 35 80 
36 38 50 31 56 81 35 86 32 39 11 94 11 23 36 36 31 85 77 64 58 59 89 63 93 34 22 93 75 91 1 69 91 67 43 71 97 37 28 24 52 27 68 43 93 71 55 12 28 25 77 16 40 88 13 32 4 83 27 61 66 68 46 89 70 27 54 81 80 93 61 0 12 38 34 33 87 70 65 41 71 62 43 97 48 67 97 2 25 15 42 96 72 28 37 83 13 55 67 82 45 81 30 14 96 55 72 36 46 29 8 12 75 83 65 85 8 85 34 7 33 34 70 85 1 32 59 58 25 85 22 92 24 12 14 87 46 52 40 98 40 15 33 96 68 19 6 34 90 16 41 14 36 72 1 74 48 66 31 64 13 68 38 83 85 45 59 61 2 11 81 
80 27 17 71 81 6 41 97 15 33 18 43 81 77 79 53 53 15 45 31 96 95 4 83 23 70 71 13 36 99 48 87 76 63 29 88 29 54 30 26 14 79 1 19 19 25 54 46 8 20 28 59 16 18 79 23 54 91 30 60 63 50 68 79 45 12 4 22 11 82 86 85 0 66 27 19 57 48 67 46 62 83 57 90 59 68 38 42 61 4 31 99 1 39 92 14 98 38 94 43 34 96 90 97 48 57 84 38 36 65 63 47 24 38 25 13 83 20 60 72 43 77 69 74 80 80 86 28 26 12 18 82 66 47 71 51 97 90 13 36 7 21 99 91 12 75 8 17 75 17 28 43 80 71 61 88 14 38 62 11 83 4 52 5 83 12 96 78 38 56 79 
38 72 85 1 38 12 42 95 98 74 12 33 75 16 81 56 73 85 12 35 52 80 99 7 99 45 48 9 46 46 88 92 32 9 65 91 93 46 92 98 70 39 87 23 86 6 39 6 10 24 14 54 97 10 57 89 44 95 6 66 80 18 82 51 95 35 78 92 89 11 84 95 45 0 6 20 57 20 80 24 20 22 25 95 81 7 3 9 60 75 11 62 23 67 63 10 44 50 56 82 7 2 86 55 83 4 69 91 83 43 39 52 3 75 93 37 22 55 84 8 63 61 46 89 4 54 61 39 14 30 82 92 78 98 60 32 91 93 86 16 19 35 14 97 92 79 5 65 14 31 21 99 29 90 28 78 65 39 99 37 95 81 68 15 97 94 77 50 26 35 4 
51 26 93 28 8 73 69 25 5 93 65 8 63 19 58 61 15 14 58 45 6 88 86 44 94 5 18 64 74 32 52 67 67 31 61 17 79 46 59 31 18 53 78 80 19 99 5 13 42 93 84 18 64 88 93 40 72 66 34 34 95 17 72 16 92 12 43 90 52 98 63 77 90 58 0 78 77 56 54 53 54 85 98 49 95 15 95 22 98 59 54 25 69 73 41 98 32 35 13 2 79 82 49 14 60 27 86 57 93 19 12 30 6 14 93 5 14 96 28 65 85 9 30 37 39 85 52 75 44 7 62 40 80 77 27 92 7 93 41 4 22 62 99 66 14 47 28 78 94 1 29 3 58 48 91 84 1 29 44 65 76 65 74 81 35 74 24 80 96 3 32 
21 24 49 35 99 99 69 83 83 17 39 57 37 56 13 70 53 11 90 65 66 84 81 26 4 26 32 47 91 43 97 67 97 8 77 85 81 99 4 53 71 34 39 28 49 55 16 99 77 76 74 15 64 42 28 23 56 64 69 50 51 1 17 2 14 36 18 56 87 43 33 39 62 18 21 0 94 95 78 14 79 30 72 25 70 51 53 7 74 56 91 2 9 4 77 80 14 81 2 15 80 83 56 63 44 16 86 85 53 13 38 17 6 75 56 6 32 61 91 52 39 62 78 46 17 83 21 5 85 61 91 14 52 70 16 21 3 29 56 23 11 54 53 80 37 47 48 58 60 1 78 38 98 80 37 23 40 19 98 93 62 49 44 41 34 55 87 7 96 18 35 
40 63 64 31 60 89 31 68 97 64 64 98 85 50 95 95 34 65 82 27 36 84 15 12 95 80 88 75 43 82 60 47 39 1 77 91 30 33 14 81 61 1 36 52 9 85 58 87 89 74 98 99 46 86 40 8 62 40 65 65 63 25 81 63 48 32 62 21 96 86 79 3 48 43 22 23 0 63 54 98 27 35 51 49 70 75 78 84 54 10 59 13 1 40 24 77 51 53 20 20 5 44 4 38 94 73 90 10 44 4 79 44 81 38 93 83 89 35 30 74 48 66 3 62 12 80 13 13 86 78 48 32 63 59 73 31 76 72 58 92 21 88 69 4 58 7 81 69 69 75 88 63 90 45 15 57 41 42 63 51 51 91 64 45 96 72 18 63 58 41 92 
72 82 43 25 49 55 61 32 93 96 1 52 63 58 62 22 7 60 85 3 59 44 53 76 54 7 80 22 29 40 98 40 94 86 84 85 48 61 96 85 52 83 48 71 72 66 46 72 35 4 20 80 85 16 61 13 68 97 11 38 80 77 85 75 97 6 79 83 45 50 4 87 45 10 31 93 81 0 54 86 31 4 48 46 79 44 18 67 53 98 4 36 64 99 39 86 94 29 47 84 19 32 68 15 5 91 10 96 40 57 96 73 37 22 88 10 53 38 47 26 99 87 64 61 4 54 13 49 27 16 52 12 56 56 53 90 11 39 76 70 17 46 87 42 13 38 10 3 59 60 26 94 8 88 76 92 30 84 59 20 69 14 40 97 41 81 8 46 69 39 98 
19 87 82 80 57 52 58 14 8 60 4 14 65 46 12 58 84 62 89 68 38 95 67 22 33 63 19 81 14 84 40 7 83 96 90 79 70 72 28 73 44 46 73 42 76 84 4 32 69 63 71 97 81 25 15 4 65 26 67 25 22 70 55 67 33 10 74 98 34 11 10 60 28 31 60 85 23 94 0 44 46 79 44 75 20 71 81 40 90 29 24 8 77 16 24 16 7 82 87 77 34 38 98 47 9 93 73 25 27 53 37 7 23 65 77 2 75 67 16 51 85 85 7 10 15 98 72 89 92 22 25 31 50 88 11 7 6 66 19 4 44 6 52 22 79 25 47 51 73 58 48 75 13 65 91 65 56 69 20 87 75 77 70 49 14 74 62 91 25 38 60 
99 80 25 17 26 78 95 58 61 39 86 3 5 6 99 84 33 2 73 98 47 74 79 86 51 2 38 48 51 82 14 2 60 11 46 71 31 87 64 73 15 41 34 85 43 74 98 8 25 79 76 42 52 77 97 36 36 12 19 76 2 8 18 62 11 18 6 52 81 17 7 88 18 13 80 12 63 74 70 0 19 18 70 10 42 14 37 4 49 37 81 32 58 5 66 82 35 34 65 20 61 56 87 71 56 97 70 33 69 26 39 28 23 62 96 86 9 81 63 95 73 84 2 42 38 50 20 23 18 67 38 65 34 97 16 69 63 10 88 90 39 63 78 17 51 56 55 43 20 41 79 65 92 84 59 8 75 38 90 35 15 14 11 9 51 78 61 21 86 65 90 
44 54 73 23 41 79 30 89 41 86 35 44 73 75 14 13 46 49 85 96 96 7 94 60 95 34 59 67 40 9 61 79 55 31 38 93 52 21 69 6 31 20 99 60 64 11 90 83 73 45 8 74 45 99 38 86 78 68 95 38 47 7 63 71 39 81 48 9 84 61 87 36 87 27 51 41 4 38 49 98 0 76 11 44 44 25 48 8 80 28 66 82 8 31 10 74 81 5 54 31 41 21 57 55 51 55 89 39 1 87 17 67 1 94 70 66 64 69 51 41 98 88 29 25 90 3 26 1 15 55 20 32 33 7 93 4 80 2 94 54 39 39 45 25 83 6 91 6 70 28 84 93 97 90 75 60 32 12 47 63 86 53 56 94 96 5 42 72 31 77 72 
52 89 92 28 37 81 89 70 76 99 41 14 35 88 45 70 20 99 32 48 41 39 24 74 28 98 1 50 46 70 76 71 63 10 37 39 23 14 73 97 16 68 62 95 39 22 22 91 60 53 10 92 9 46 47 82 90 94 14 85 96 81 64 10 57 84 9 91 28 86 91 28 75 7 20 10 15 16 61 26 3 0 57 14 94 44 54 72 25 23 37 34 90 50 20 43 83 88 3 45 19 82 92 71 27 93 20 35 13 9 16 98 48 16 64 36 81 32 63 34 95 46 94 13 88 82 42 24 29 80 62 99 92 36 53 73 90 47 88 6 91 31 27 44 60 92 14 22 85 2 36 22 51 12 40 99 93 29 72 33 34 50 66 88 74 41 89 23 18 47 83 
15 61 25 81 7 78 21 11 81 19 48 55 57 29 50 25 39 32 40 35 34 37 42 8 4 52 73 30 80 4 99 11 46 67 5 3 45 99 73 90 6 8 68 6 58 83 43 72 27 13 75 18 9 35 11 56 78 81 25 84 56 4 62 62 40 7 35 34 53 33 38 83 47 28 45 94 52 3 79 52 80 41 0 34 34 79 76 66 8 46 2 49 36 82 22 21 95 59 77 63 26 88 18 8 88 43 62 80 45 99 16 41 8 16 29 71 28 72 10 40 3 19 44 45 49 54 90 23 59 69 49 93 77 54 43 80 62 45 61 82 63 38 44 43 84 28 6 92 56 32 65 41 38 45 58 47 6 21 50 56 67 88 80 40 59 65 68 43 66 37 9 
13 26 31 44 14 57 70 56 92 88 73 73 5 60 5 57 77 8 47 79 24 32 94 58 62 36 65 99 63 41 85 3 1 67 38 51 68 2 45 10 98 98 62 79 33 20 10 37 86 43 94 45 48 56 2 68 89 28 56 13 20 39 58 62 22 26 31 61 14 53 75 63 22 73 10 20 84 14 93 36 64 28 26 0 14 54 87 67 11 8 15 61 75 88 28 88 10 83 38 46 1 2 86 21 26 99 61 74 89 40 96 28 21 72 69 72 52 60 5 74 87 20 19 83 59 85 9 39 96 9 51 7 93 22 26 38 93 73 7 56 33 53 57 41 72 36 11 90 96 66 95 20 56 25 90 35 84 38 39 78 33 10 98 91 15 3 56 35 3 54 69 
72 39 77 50 67 40 31 96 34 61 14 35 26 11 98 63 87 86 41 84 91 94 79 36 99 38 39 94 31 83 18 48 82 37 2 88 36 64 42 76 9 40 58 64 20 79 18 88 80 90 24 2 32 77 9 11 9 67 19 77 76 84 68 19 26 10 80 31 79 45 22 60 9 85 13 23 98 26 26 10 8 92 8 99 0 7 28 1 81 97 97 48 68 86 9 18 20 19 72 78 95 29 2 36 45 42 81 33 57 70 58 54 84 4 35 9 35 6 99 60 6 55 69 9 49 3 40 75 99 75 72 71 59 49 89 73 45 25 6 42 15 3 69 61 54 7 96 36 70 77 63 35 94 83 71 44 93 1 87 69 13 79 55 15 33 49 93 5 58 75 21 
99 77 1 85 98 50 40 31 22 88 95 70 48 70 92 2 30 30 52 73 84 88 44 46 57 95 68 6 83 5 87 20 74 72 52 22 57 16 30 72 72 86 46 41 82 73 25 82 17 92 77 43 19 26 50 32 36 12 24 93 22 24 36 87 41 89 21 75 79 62 9 93 83 99 7 69 56 25 96 69 74 5 89 81 50 0 6 56 44 49 12 75 48 8 23 53 77 92 2 99 1 59 23 62 46 11 30 68 70 83 74 94 88 54 74 24 53 84 94 66 7 20 34 13 10 8 56 8 38 18 3 43 72 36 70 86 97 95 49 25 41 74 96 92 95 71 7 38 66 38 60 14 96 3 44 28 39 18 11 75 76 54 20 76 19 71 19 57 95 16 82 
48 25 4 20 57 16 3 18 43 22 26 25 54 91 92 98 63 77 59 55 31 53 30 19 59 48 13 29 60 36 92 75 20 93 69 14 27 33 94 73 56 60 80 77 10 75 2 60 6 13 8 3 99 43 35 99 4 57 60 38 68 74 24 46 62 12 76 27 27 54 81 91 60 58 61 46 84 91 11 87 77 84 92 18 35 71 0 44 52 97 79 73 39 5 40 47 74 67 14 75 17 76 16 33 16 56 80 36 20 34 42 63 53 34 28 26 1 81 9 60 37 18 78 1 65 51 65 95 7 7 9 60 97 77 16 91 55 39 28 81 42 85 83 10 34 18 24 56 27 25 7 81 55 29 23 10 38 89 52 82 37 75 65 20 24 69 39 99 70 71 30 
30 37 24 48 28 89 65 43 73 63 52 43 11 25 18 43 96 79 49 45 71 81 61 93 36 57 14 91 41 80 36 22 65 48 6 13 98 55 7 74 51 27 63 1 42 34 95 69 98 41 95 9 31 66 63 32 74 61 16 50 35 30 83 95 66 82 39 33 32 15 94 20 63 80 9 99 85 39 63 77 88 58 42 69 5 83 60 0 87 20 21 76 78 28 48 8 30 93 26 86 96 56 2 43 86 22 92 61 4 67 95 58 49 52 83 99 94 3 65 12 67 29 71 30 85 84 14 35 11 12 8 80 46 49 94 11 57 63 17 2 53 12 76 75 85 2 83 10 21 29 5 44 24 80 26 75 47 12 13 99 78 36 69 92 80 92 44 60 39 80 50 
22 2 11 83 69 58 54 47 6 40 30 74 88 98 44 51 15 85 25 43 54 24 26 38 94 38 69 53 50 81 66 1 30 47 64 54 72 26 33 54 82 19 57 51 92 94 72 46 99 16 57 51 71 16 83 76 26 98 73 25 24 71 59 84 16 1 23 14 12 29 59 12 68 25 81 53 39 50 90 33 73 74 83 74 28 50 57 5 0 38 42 98 8 3 22 79 6 25 80 41 60 74 15 15 38 75 61 8 91 54 91 59 51 31 11 6 97 24 16 95 31 26 36 42 63 91 65 69 97 62 76 82 31 36 32 85 28 51 40 75 64 29 27 92 3 73 61 10 15 27 49 42 7 94 55 48 73 57 93 82 63 31 42 28 3 58 12 47 37 27 17 
35 12 5 3 71 22 65 30 12 39 43 37 42 60 18 48 76 34 19 3 86 18 9 28 2 12 36 80 79 81 34 3 80 28 83 40 52 92 88 53 45 53 93 94 60 56 43 27 53 17 12 41 54 39 16 12 47 4 13 46 39 1 26 51 74 57 53 26 55 78 75 61 27 30 65 69 62 81 1 46 51 32 40 7 13 29 31 76 57 0 19 73 89 44 9 6 84 16 24 10 38 85 47 90 41 10 41 78 42 39 63 72 97 48 8 63 17 5 23 72 52 99 22 38 65 90 50 64 53 10 61 94 4 90 90 25 49 59 64 37 7 83 81 47 31 28 87 63 47 96 55 30 68 23 25 44 50 3 23 92 11 88 90 82 86 80 38 94 21 77 73 
55 74 57 24 68 52 5 23 56 48 65 33 35 21 49 46 98 7 20 39 93 73 46 28 8 28 61 15 16 26 95 57 96 95 41 28 74 33 95 29 5 40 78 22 17 14 79 28 22 61 99 85 58 48 46 93 44 37 99 58 78 81 32 44 44 48 23 28 31 49 9 86 89 46 99 18 29 48 27 16 79 39 23 94 35 30 54 29 70 4 0 39 16 96 45 57 88 27 32 33 86 47 25 44 60 30 68 20 23 31 99 42 11 96 67 67 93 45 76 50 40 29 42 29 95 16 5 31 36 33 20 29 58 59 19 84 23 67 79 57 89 19 17 9 95 31 21 36 57 68 66 55 28 61 35 82 99 27 59 33 12 72 28 40 24 61 58 42 38 81 22 
8 16 74 63 78 95 75 33 9 7 83 60 55 46 23 99 12 38 12 55 58 11 43 78 36 9 53 58 7 64 29 7 44 8 47 37 57 91 71 25 71 68 13 68 37 59 12 99 38 82 85 17 5 71 67 12 63 47 24 4 3 76 9 83 56 96 18 36 15 65 98 33 17 16 92 88 56 21 25 75 20 51 79 73 71 84 91 86 30 99 61 0 54 81 13 25 65 36 11 10 17 83 60 83 48 32 4 18 64 93 40 54 99 81 38 82 53 69 3 90 46 73 57 9 71 48 73 14 61 91 80 12 88 98 77 55 44 43 85 41 93 2 92 31 35 4 33 16 70 93 72 99 9 20 36 6 26 7 65 27 46 49 14 36 15 87 20 22 12 66 40 
58 53 84 33 93 63 13 32 61 35 34 84 90 36 2 14 91 88 80 79 93 83 92 93 27 72 59 6 18 52 86 75 46 75 93 28 4 32 99 26 30 68 10 58 35 74 16 73 55 80 18 3 97 30 21 70 85 77 32 38 6 90 27 77 8 18 74 6 26 96 35 61 81 80 70 39 33 81 69 91 29 52 75 82 89 8 30 12 27 46 54 52 0 85 49 80 78 78 25 43 92 85 65 80 92 96 46 31 39 95 46 63 56 38 5 9 67 86 46 90 99 52 4 2 82 55 73 85 34 10 57 47 26 96 56 76 29 27 18 57 26 17 72 61 25 72 32 49 88 88 50 33 22 31 59 40 95 90 94 83 86 65 77 64 22 19 50 22 13 21 77 
40 75 36 84 25 94 54 43 85 65 82 94 3 14 73 11 65 75 67 8 99 40 16 89 36 8 4 61 41 48 45 20 66 91 5 59 56 15 37 2 80 10 92 94 43 3 73 85 52 42 66 22 14 30 16 31 72 48 99 36 98 13 36 14 65 96 43 14 71 20 53 39 72 90 22 96 88 78 83 24 20 48 92 63 26 72 15 27 35 82 72 63 18 0 61 26 20 46 56 39 83 71 3 73 27 80 84 41 61 54 20 92 64 33 40 68 69 28 16 99 21 42 88 28 16 94 22 73 6 80 67 11 60 60 24 31 70 99 84 67 21 60 5 17 49 30 56 52 56 5 25 89 78 71 79 59 18 27 35 64 52 27 42 48 94 59 20 19 94 2 37 
3 11 50 70 34 82 77 25 17 70 81 85 24 22 9 54 24 36 81 23 18 90 91 67 40 90 66 51 60 20 3 81 6 84 84 66 43 25 91 8 19 53 98 55 59 49 34 89 37 15 95 20 35 99 14 76 31 95 81 29 23 32 79 52 19 49 66 9 52 83 83 48 1 45 51 68 39 49 13 37 54 64 54 60 30 39 69 83 40 33 2 77 31 3 0 33 34 27 49 41 4 34 50 74 3 48 50 78 23 29 54 40 72 99 77 37 13 43 51 89 96 62 6 97 16 48 70 32 64 70 88 29 73 40 51 92 16 8 5 55 32 24 28 87 33 35 7 20 72 78 75 89 10 56 44 4 70 76 29 38 33 35 30 51 57 39 98 21 53 73 81 
50 18 65 46 44 4 54 30 26 60 27 34 10 8 44 27 52 86 17 48 58 64 22 34 47 21 7 57 87 63 35 30 95 38 83 50 18 46 67 43 28 99 9 29 25 19 65 41 64 87 24 13 61 87 21 42 82 38 14 82 13 30 24 35 25 69 38 83 96 20 62 41 90 99 33 83 66 67 63 38 55 97 19 57 18 18 38 60 60 2 14 22 6 35 70 0 64 70 46 51 25 9 83 16 73 60 85 9 75 25 68 99 10 49 85 14 36 37 4 16 94 74 91 40 29 55 6 59 47 54 53 86 74 19 55 66 71 9 81 84 19 77 9 5 94 22 67 74 79 47 33 28 42 93 29 91 3 81 73 39 71 89 99 52 88 26 12 56 83 93 60 
74 88 45 82 35 49 2 90 53 24 68 63 5 11 15 96 83 35 93 65 52 66 48 12 44 70 4 12 26 49 17 96 28 45 14 64 65 35 74 36 16 28 7 14 95 32 10 34 7 3 16 16 86 65 4 21 6 40 2 73 68 19 99 86 11 36 85 56 85 32 36 37 56 76 44 45 93 43 68 97 89 54 1 40 92 25 45 48 14 83 61 91 99 37 76 74 0 32 26 12 33 68 52 36 74 79 36 28 94 90 81 1 77 73 56 88 4 41 97 86 68 85 8 98 29 97 80 10 20 87 69 60 36 89 66 90 50 92 31 95 48 32 73 11 90 69 11 6 94 35 81 92 41 98 80 15 95 18 65 88 12 31 14 78 6 76 59 61 77 53 94 
52 32 77 17 8 64 86 11 23 4 22 84 13 2 93 53 52 11 38 14 73 42 48 1 42 53 47 6 21 40 15 35 97 34 87 89 60 20 54 52 28 40 95 1 64 14 71 20 66 15 63 63 48 13 64 61 66 76 68 98 37 42 10 52 87 79 77 45 51 24 69 52 32 24 70 62 33 99 40 14 58 19 29 63 92 21 24 33 59 17 6 88 49 57 35 28 3 0 72 79 62 1 17 44 66 85 1 92 6 55 43 39 75 94 75 66 43 32 79 66 62 40 98 54 67 35 28 49 71 39 22 89 92 76 29 23 55 46 6 67 47 21 50 82 21 14 3 41 40 37 15 87 23 89 31 96 71 46 3 65 34 89 96 95 82 4 39 6 31 33 43 
29 68 27 88 20 65 86 15 70 36 79 39 13 88 72 42 94 57 95 24 70 17 21 62 14 70 24 29 92 65 86 44 35 71 79 29 20 98 66 47 54 48 94 89 77 44 86 62 11 57 34 52 34 86 19 38 62 47 9 1 70 18 12 97 67 27 10 61 2 13 8 86 96 20 96 82 22 5 97 92 46 84 4 75 13 99 11 94 99 81 24 17 12 50 36 74 22 33 0 93 3 19 64 75 26 49 49 87 41 17 83 81 93 69 86 78 97 89 68 9 78 69 35 14 12 96 27 40 41 50 96 87 27 33 23 73 86 4 83 78 77 19 78 47 92 43 14 48 89 79 1 85 55 36 78 2 43 87 10 83 75 74 82 6 39 92 40 52 43 21 16 
88 58 10 52 37 47 50 14 87 19 22 49 31 84 81 56 24 7 49 36 72 78 40 6 21 19 69 68 42 14 8 12 88 52 61 83 53 87 33 19 96 57 8 44 93 64 95 15 91 61 72 8 22 48 42 18 11 59 18 86 40 92 21 14 83 67 95 38 12 35 70 37 25 63 64 10 22 84 1 62 44 45 46 28 26 16 19 53 7 15 22 23 47 4 31 90 60 34 64 0 30 19 84 34 75 15 44 23 49 94 69 33 90 60 54 2 92 65 77 48 18 55 83 94 67 1 48 16 13 44 97 93 33 30 36 60 13 10 4 26 79 52 9 30 71 20 83 87 25 81 34 27 71 54 76 68 37 95 50 17 28 9 4 42 73 93 66 19 24 63 60 
53 55 3 40 36 69 88 53 34 58 40 49 92 39 13 35 69 16 93 65 45 60 8 67 61 73 66 71 92 99 57 1 67 47 66 98 24 97 48 21 77 71 10 55 37 27 92 46 82 21 16 44 16 72 8 68 84 67 6 63 98 77 80 91 73 59 40 19 70 91 77 36 13 82 16 81 99 52 56 80 96 52 46 9 5 65 51 92 71 86 59 32 1 18 36 95 83 5 5 16 0 96 52 8 73 33 78 34 87 46 32 77 29 75 14 79 72 98 40 63 1 74 45 23 2 40 4 12 70 15 24 22 77 26 37 89 36 77 96 15 98 45 86 1 37 7 91 31 23 71 29 81 53 64 83 78 71 19 99 27 76 38 92 82 95 96 94 61 64 31 76 
71 76 25 58 33 19 78 4 47 81 40 89 8 55 11 91 2 14 26 48 28 21 26 4 5 75 86 30 38 40 91 86 26 35 3 82 83 74 28 79 92 32 35 24 63 22 16 69 11 57 54 24 37 47 32 3 77 4 81 87 6 41 79 32 36 34 34 32 53 1 17 99 95 17 65 84 29 14 71 11 20 9 78 62 18 76 23 84 97 26 49 21 57 45 64 60 12 16 72 24 11 0 57 53 54 54 87 47 53 4 89 36 67 49 16 28 36 74 36 81 54 75 85 77 11 37 72 36 11 69 83 87 62 41 98 23 81 41 61 34 47 71 76 69 1 60 1 96 99 44 38 54 74 41 64 42 29 61 36 8 90 16 77 65 13 97 49 32 71 84 70 
91 99 68 84 49 4 61 52 47 63 9 25 37 17 12 16 39 21 16 80 2 88 57 7 48 36 88 82 98 72 98 5 8 76 15 91 12 93 18 53 19 2 72 6 81 81 69 45 10 85 42 35 80 19 8 40 76 51 67 34 9 56 91 45 11 71 98 64 45 71 44 21 47 39 81 33 40 74 42 45 30 53 47 80 91 66 30 79 98 82 27 20 3 6 33 7 4 75 3 49 79 30 0 32 98 96 25 38 96 80 34 36 85 15 10 13 32 87 90 38 23 58 31 79 11 42 2 2 96 7 15 97 66 18 33 84 2 68 81 5 17 6 34 13 95 93 16 33 91 47 62 77 13 30 16 37 98 78 50 8 60 43 56 28 83 31 82 23 48 8 39 
43 88 31 46 35 54 45 36 95 78 83 22 16 92 1 89 92 32 58 72 64 81 34 69 30 9 4 25 13 27 49 34 57 77 76 57 81 79 85 98 17 83 37 19 14 98 71 33 42 58 31 39 54 56 40 7 41 15 63 75 65 78 96 32 27 24 32 65 67 53 99 67 55 66 66 87 26 21 56 70 68 11 9 1 50 32 11 85 2 18 8 63 61 23 42 78 41 32 81 58 30 86 28 0 28 13 89 27 15 46 77 76 23 69 87 38 79 90 21 32 85 15 86 37 73 55 44 41 58 68 25 63 86 69 50 35 87 92 41 58 55 78 29 95 4 57 47 62 71 16 96 20 87 33 54 99 18 84 68 75 46 82 19 99 90 14 42 44 41 26 87 
56 55 65 19 66 26 4 88 7 41 11 5 76 36 91 87 18 82 2 96 90 53 30 83 99 48 32 55 16 16 33 75 19 58 84 85 19 35 81 20 79 50 54 29 45 84 58 47 99 96 99 57 85 3 82 11 40 18 16 85 17 1 96 37 99 72 69 95 9 70 92 1 12 59 26 64 36 55 89 88 51 73 78 61 56 52 34 31 48 38 24 82 64 12 16 30 57 21 89 20 61 4 25 67 0 64 88 96 35 3 50 74 41 97 92 19 63 82 73 34 65 55 52 96 95 60 58 63 33 11 13 66 19 20 86 50 94 92 13 27 32 73 34 13 87 87 84 4 84 10 61 16 24 69 11 43 97 55 74 29 60 76 83 89 3 78 36 25 87 60 94 
82 71 67 15 23 35 81 32 31 32 43 60 15 65 30 24 24 53 81 12 66 76 18 93 1 91 52 71 93 23 54 60 84 97 46 68 42 1 96 2 51 20 26 86 19 17 30 8 14 76 80 54 97 25 65 68 17 91 4 86 5 63 53 5 64 71 88 93 64 20 22 97 42 33 57 89 61 67 4 47 66 7 18 34 35 39 9 93 96 14 50 55 9 62 57 12 69 33 48 97 24 50 62 61 92 0 17 6 19 81 31 87 40 26 66 21 72 80 7 53 20 46 13 15 6 89 93 18 53 83 1 50 30 82 20 60 6 33 62 40 57 82 61 36 70 96 26 92 2 83 91 57 98 77 62 93 97 56 32 9 53 82 18 76 56 93 17 61 2 50 30 
54 77 72 73 50 6 87 63 94 58 85 11 17 54 3 83 43 80 81 10 66 47 81 8 98 61 8 40 26 8 59 81 66 98 34 31 56 70 25 92 22 85 43 22 22 74 34 63 36 39 15 72 4 94 22 85 99 17 38 39 99 98 16 95 17 90 5 70 11 60 63 13 99 81 78 31 78 93 85 25 78 84 26 37 37 70 80 55 2 85 66 80 75 42 95 37 24 91 30 51 90 32 11 14 55 64 0 73 74 47 28 2 33 18 1 90 14 30 87 25 51 93 47 51 50 77 81 90 51 6 64 45 94 12 4 70 66 41 96 3 94 92 68 14 14 92 51 41 16 92 8 86 43 89 16 36 68 32 8 41 12 27 39 41 3 29 66 80 16 67 94 
9 59 75 46 92 39 54 55 39 14 42 52 21 44 50 50 51 15 25 59 45 62 73 80 61 89 84 45 66 9 77 47 89 64 94 67 82 39 26 97 17 14 90 15 21 29 60 61 27 82 70 88 8 57 58 42 18 66 30 15 43 58 96 69 52 59 50 60 20 23 1 29 37 4 5 18 15 30 94 72 33 96 38 87 57 38 80 78 18 75 85 39 75 69 48 29 88 50 15 32 52 43 53 8 45 45 21 0 52 85 13 95 58 92 89 4 32 89 86 32 49 13 1 50 23 94 29 72 47 10 16 81 57 80 88 43 87 40 31 60 59 24 87 62 23 31 48 23 83 23 93 9 59 43 7 44 4 42 78 24 67 22 30 71 31 93 29 21 8 27 9 
91 25 34 15 6 49 22 4 80 78 80 30 21 30 12 69 46 60 63 38 75 66 5 25 68 89 34 33 84 42 82 99 11 45 20 48 86 67 94 91 47 58 37 88 11 72 58 86 46 64 55 9 57 33 9 40 85 95 41 6 86 67 80 96 5 55 96 94 88 95 46 24 87 90 70 20 60 39 61 30 10 99 53 96 92 36 25 66 79 95 72 36 64 29 42 71 42 60 44 51 70 68 36 24 30 98 91 78 0 25 61 38 20 40 66 69 57 45 27 60 12 16 41 39 33 70 19 10 36 50 73 10 27 98 24 15 84 12 66 44 85 11 81 82 39 33 75 18 47 90 51 83 95 33 45 22 82 5 54 26 54 67 84 34 5 63 94 92 41 29 21 
84 41 99 39 91 75 67 40 81 72 36 27 26 24 3 29 59 24 62 51 23 4 14 21 2 10 31 38 47 74 78 70 81 94 11 35 47 2 84 60 92 11 2 82 46 7 38 12 14 88 72 28 48 18 66 20 5 1 46 37 27 66 59 49 45 72 74 90 75 8 38 11 93 16 93 32 7 46 63 95 87 19 77 11 70 49 85 55 6 50 92 93 37 3 34 36 90 23 22 50 7 32 4 87 3 98 66 6 12 0 94 9 84 27 43 8 70 71 8 60 22 11 36 45 72 71 26 5 53 14 33 1 98 30 7 2 72 48 1 8 48 18 32 91 31 58 8 22 63 26 99 98 16 10 96 84 80 4 52 93 95 2 34 80 1 21 51 68 49 10 83 
88 87 88 47 50 35 67 96 49 83 12 42 67 82 1 94 42 83 93 4 21 18 55 30 74 97 65 22 44 78 23 5 23 79 67 68 72 84 65 12 69 82 21 29 91 91 43 76 96 81 97 40 93 49 35 35 82 81 13 30 16 91 38 60 56 55 63 29 74 96 57 2 13 87 60 16 27 8 84 49 52 1 5 91 23 56 59 4 33 90 40 47 88 20 23 46 74 37 4 83 32 63 48 86 63 30 54 74 42 58 0 80 18 95 72 29 87 14 45 12 34 30 52 79 68 11 92 13 56 19 74 56 18 15 97 54 6 29 90 17 13 28 1 41 55 69 87 64 95 70 78 35 34 94 37 65 78 72 73 64 96 23 35 59 49 42 31 27 86 70 9 
12 16 63 82 11 65 38 77 47 75 6 98 95 84 58 77 22 72 93 17 9 84 11 40 5 52 60 12 81 14 78 49 95 35 78 65 46 45 52 31 43 25 45 54 52 23 67 47 94 57 78 51 8 67 32 89 61 47 5 14 8 85 15 31 86 90 21 93 87 18 56 83 94 44 34 3 89 28 3 48 8 42 29 61 69 31 93 92 48 46 94 20 72 18 74 32 35 65 29 3 72 86 48 95 93 82 18 59 65 41 91 0 83 14 77 6 28 96 42 54 89 69 22 52 53 44 25 6 53 99 66 79 29 63 43 98 5 96 71 43 29 65 63 75 57 71 57 82 77 25 55 22 24 20 89 84 5 35 66 51 90 86 94 17 53 90 88 43 82 69 39 
39 48 95 5 12 82 69 93 40 8 56 1 38 96 30 4 70 97 74 43 75 19 3 27 56 18 64 46 16 5 32 67 40 88 70 50 65 11 61 18 78 17 47 38 89 22 55 64 33 93 3 15 1 11 23 29 77 60 82 79 7 1 10 28 2 33 10 34 44 72 4 98 88 90 3 53 14 71 54 52 46 98 72 66 54 38 50 41 4 59 14 60 98 8 88 51 14 9 31 20 28 9 57 79 66 81 91 45 82 31 81 61 0 18 30 74 1 64 31 31 3 74 54 97 16 38 78 2 71 5 1 40 77 71 56 13 44 46 2 33 76 45 72 34 79 51 57 15 62 85 93 35 52 11 6 21 28 31 50 41 54 88 4 73 79 56 67 75 3 85 39 
40 18 91 38 56 55 69 42 78 85 88 99 50 43 50 46 82 75 82 81 59 68 10 73 54 56 93 15 15 65 38 89 67 44 63 12 83 67 64 18 46 9 40 57 8 57 23 2 72 3 79 24 97 17 36 13 51 92 75 42 95 13 17 61 71 96 57 57 25 43 73 82 82 11 46 66 68 89 57 8 67 35 81 36 97 93 96 39 45 15 28 41 28 34 55 23 55 6 37 72 13 98 46 26 79 14 55 89 33 39 89 92 22 0 12 44 71 63 16 92 54 25 2 20 40 49 91 34 14 83 55 37 99 48 18 75 83 90 91 2 55 81 84 12 20 83 16 38 19 93 80 90 72 90 27 55 71 83 49 76 62 4 26 3 28 11 49 33 68 52 8 
27 63 78 63 63 32 11 97 94 21 98 69 1 97 36 95 31 16 73 40 20 57 17 34 59 69 16 90 29 47 11 55 20 10 67 64 64 79 40 90 11 47 86 66 20 65 9 32 20 95 39 85 72 51 32 10 32 98 45 36 95 18 74 22 80 46 41 11 80 64 71 54 31 99 28 29 72 60 1 75 9 1 65 69 42 99 3 89 69 42 56 48 38 18 93 32 31 74 24 15 43 62 52 63 87 85 55 68 35 98 43 12 49 10 0 99 93 41 28 74 41 21 11 33 75 58 91 10 27 67 62 3 72 9 60 47 69 43 50 70 5 90 5 52 63 67 18 35 2 32 51 14 82 45 55 34 20 45 54 12 98 44 45 16 71 65 21 6 89 50 56 
45 26 81 8 58 62 96 71 97 69 31 33 90 61 60 13 10 14 28 73 3 4 61 27 14 88 78 90 43 13 90 84 60 50 19 23 45 16 83 61 15 3 95 11 96 2 34 39 70 56 48 1 42 84 34 45 23 86 7 70 92 10 50 99 51 43 59 70 57 95 72 68 8 58 32 73 47 85 76 36 16 13 99 2 78 23 6 17 64 47 58 57 79 27 64 36 13 9 5 61 75 90 16 76 95 64 91 79 81 94 66 15 10 2 81 0 35 82 41 82 62 13 66 39 3 16 1 92 70 19 13 80 66 69 7 53 24 8 19 67 35 66 12 42 47 70 74 26 25 94 89 38 50 76 83 72 63 99 18 15 18 36 42 61 86 94 62 29 31 60 68 
87 8 58 85 15 23 81 67 22 33 5 62 54 58 49 28 36 89 92 16 66 30 42 16 39 51 92 96 6 50 4 78 45 57 56 68 67 17 67 25 81 68 66 51 53 17 41 94 97 14 25 76 24 61 15 20 44 25 51 74 52 37 11 39 40 89 48 39 74 10 81 33 12 2 12 3 19 78 21 35 28 57 91 62 24 4 21 45 22 2 22 81 45 28 31 13 12 77 98 7 67 74 24 81 72 44 69 8 87 69 9 26 41 67 97 12 0 70 5 50 58 50 53 46 59 21 15 93 5 5 97 5 83 45 89 92 5 50 89 12 24 96 39 46 59 60 14 20 82 42 31 76 43 12 45 67 1 10 51 21 66 84 47 75 27 41 33 29 89 52 8 
74 14 88 53 3 77 76 74 30 83 87 97 10 1 42 31 73 97 3 47 61 82 43 74 84 36 1 31 84 7 34 58 91 71 74 31 70 84 30 76 97 40 35 23 43 12 47 98 20 66 35 8 34 10 76 58 45 52 70 17 33 16 26 77 80 45 98 66 90 12 91 82 95 80 51 21 79 96 47 1 73 2 21 10 98 77 93 83 76 37 55 60 92 77 17 1 39 95 48 97 56 77 64 92 81 56 78 93 4 84 18 29 97 10 75 89 53 0 99 54 75 67 93 84 22 38 92 54 86 77 23 19 3 56 78 61 97 63 22 58 82 45 19 91 62 71 65 2 52 69 83 49 25 60 42 49 61 93 38 70 41 61 25 47 5 27 62 91 49 63 9 
10 68 88 98 86 16 54 97 28 30 61 56 1 53 75 5 57 88 34 93 54 45 99 1 97 58 77 39 49 43 90 72 22 32 43 25 84 65 33 20 38 34 54 78 81 89 27 37 61 73 50 63 48 71 86 72 63 54 99 27 26 44 10 71 85 83 19 71 9 22 76 39 40 90 65 5 57 12 45 70 31 44 58 91 14 6 66 84 16 10 72 27 82 93 65 92 3 26 16 15 91 40 52 74 19 66 30 61 82 72 96 51 20 42 40 2 8 34 0 19 73 73 78 90 59 20 69 94 87 55 73 50 33 38 88 84 29 76 73 92 62 23 17 50 90 35 12 38 38 33 42 56 56 83 15 68 81 57 51 45 66 50 50 18 34 30 3 48 4 94 92 
32 53 14 3 94 6 48 90 24 69 44 67 14 60 21 13 42 74 93 94 99 76 80 42 96 99 37 6 10 86 78 20 38 3 2 41 51 72 71 89 98 89 48 32 81 43 52 11 91 77 27 38 94 35 71 39 74 94 73 77 59 70 86 58 73 9 17 69 87 13 72 15 91 34 43 72 32 78 9 83 23 9 72 89 70 97 36 67 59 64 43 3 52 62 64 24 28 31 79 33 40 21 36 24 63 75 65 31 50 52 18 27 26 58 25 90 29 94 36 0 39 17 25 28 98 98 25 18 69 23 65 20 79 94 20 49 99 52 19 93 36 66 33 7 92 72 9 15 41 33 8 98 87 4 81 18 70 50 91 45 26 91 65 14 34 70 74 57 2 12 98 
64 70 11 33 76 22 76 56 6 97 59 11 74 19 73 63 95 31 6 78 41 39 65 96 27 46 23 97 55 35 11 78 78 61 47 58 48 2 25 45 5 70 42 86 55 59 88 99 79 7 86 17 14 7 81 47 83 71 74 41 68 80 28 67 51 41 73 15 70 49 93 58 67 49 4 57 14 64 90 25 67 24 24 58 76 67 30 36 18 28 5 38 84 55 43 90 12 83 7 62 82 4 29 28 58 74 61 18 40 93 80 45 89 5 47 15 81 96 40 18 0 80 94 87 25 88 77 8 11 57 70 6 29 60 9 89 21 49 5 45 26 87 34 94 47 81 79 99 71 46 64 96 38 43 61 96 28 66 57 15 70 6 78 29 39 31 32 64 79 49 97 
17 46 8 76 80 95 35 50 41 45 15 45 96 98 28 72 52 67 77 37 32 18 6 27 84 46 39 1 52 86 92 41 12 9 11 84 80 75 84 11 97 38 54 69 75 99 14 25 92 54 40 7 99 23 7 21 86 62 31 57 82 16 60 24 49 89 64 49 30 76 46 58 62 27 68 12 9 9 61 61 46 25 43 72 52 47 59 56 13 12 31 2 82 12 69 74 7 15 21 13 27 15 11 94 5 76 45 23 61 31 28 27 59 35 38 82 73 10 38 11 89 0 67 11 96 5 92 65 98 7 10 97 54 57 97 16 88 30 16 95 68 27 47 50 86 79 87 83 72 83 3 55 98 69 45 72 62 62 59 31 27 21 16 40 4 33 84 17 28 85 22 
42 43 74 51 48 58 8 87 16 87 82 21 48 35 82 19 24 60 69 58 18 88 64 7 20 19 42 49 60 4 20 47 86 92 79 98 45 4 33 28 19 80 79 66 71 72 91 18 99 28 61 92 96 26 1 93 96 44 41 22 61 47 65 28 49 83 27 4 66 81 72 83 34 88 48 66 32 39 15 12 20 47 18 98 85 60 5 27 66 88 5 4 83 27 72 40 15 68 64 87 4 45 9 39 36 57 69 36 88 79 9 31 54 1 94 16 52 55 38 54 82 25 0 73 41 83 1 40 59 85 97 75 70 78 9 64 23 78 83 39 51 30 70 51 80 53 47 29 91 77 8 75 4 92 35 55 4 5 81 40 31 86 78 55 20 28 87 14 36 52 41 
21 10 46 93 68 98 48 49 7 35 63 7 55 69 38 43 43 3 87 11 22 61 40 56 19 36 65 38 71 54 15 37 54 42 32 98 99 5 46 27 52 20 45 86 52 44 39 51 29 17 93 19 32 95 54 62 31 32 95 7 80 3 32 45 96 13 40 86 5 19 81 20 73 5 62 58 96 68 67 74 79 88 10 53 2 75 93 36 39 4 48 8 27 11 33 79 82 90 33 86 29 12 64 68 37 64 72 92 34 45 82 54 99 66 34 57 91 64 63 1 95 94 68 0 2 13 6 51 20 18 66 75 99 91 35 8 22 40 48 94 9 95 83 32 93 15 68 49 27 1 34 44 25 80 12 5 93 42 28 37 13 26 87 73 22 65 39 99 29 69 25 
12 90 30 7 34 32 72 49 79 70 79 86 56 90 37 83 72 6 25 1 71 22 77 73 61 94 60 73 62 35 77 78 68 26 9 93 6 31 30 14 54 20 49 89 33 88 66 38 56 73 69 50 88 76 70 33 87 44 26 83 96 65 54 6 97 65 70 43 52 26 65 79 4 69 81 62 16 68 48 94 50 59 33 70 7 15 32 70 11 14 77 14 41 25 3 83 62 2 17 48 29 30 67 26 35 35 72 23 16 34 59 80 95 53 22 41 28 82 62 86 39 97 8 82 0 20 71 13 30 66 15 8 33 99 46 89 44 71 35 43 9 24 65 6 78 67 50 29 71 61 70 51 61 86 22 5 5 65 56 65 98 28 29 4 56 6 59 55 2 55 61 
95 30 14 44 33 99 48 16 29 98 94 18 89 9 94 58 48 73 56 62 39 19 92 4 50 51 23 87 37 25 39 59 7 58 7 87 80 77 8 55 73 22 20 5 35 39 26 68 57 21 82 54 62 78 53 12 74 52 3 55 88 54 2 10 1 14 40 71 81 82 10 16 70 75 2 40 94 47 45 51 49 75 80 38 39 4 39 78 95 4 53 17 30 5 71 29 14 87 87 18 2 29 68 74 28 32 26 27 70 11 21 53 68 32 43 68 25 12 60 20 83 88 98 81 57 0 76 48 91 90 36 81 64 87 65 47 31 73 5 84 80 49 72 97 65 35 41 56 21 37 37 84 36 80 99 88 99 34 87 16 64 27 75 50 48 67 66 45 14 59 59 
81 3 72 50 2 14 86 83 43 54 7 12 16 22 25 83 75 19 49 53 3 96 33 99 31 59 89 89 73 55 20 61 99 30 62 8 97 84 30 90 96 75 55 87 83 36 25 9 23 50 37 40 78 43 15 23 96 94 84 27 13 22 22 11 14 13 62 53 12 6 97 54 95 11 51 58 2 2 66 64 2 98 13 37 65 40 5 42 25 38 16 19 3 93 78 81 38 62 74 93 19 14 32 15 86 51 67 95 39 98 11 84 44 26 23 58 17 11 25 3 75 53 30 1 59 20 0 35 47 64 40 60 32 96 30 96 27 43 82 59 17 28 78 10 61 31 1 47 58 18 21 61 61 39 97 29 23 22 58 71 93 10 92 21 46 30 18 8 2 52 27 
59 45 45 92 43 94 36 33 18 21 35 65 26 72 40 36 15 91 89 66 22 80 26 23 12 19 25 82 29 55 58 76 61 37 83 81 59 1 37 7 74 55 59 23 27 67 84 82 20 17 74 10 82 1 26 89 6 66 82 22 2 98 69 99 21 42 85 74 69 11 3 25 79 56 75 67 29 5 96 97 94 53 88 99 53 57 87 75 10 39 2 51 54 82 6 79 59 40 34 30 19 91 15 7 33 59 89 72 98 3 18 35 32 64 7 96 84 59 40 82 61 44 83 23 86 8 54 0 80 96 61 26 91 34 93 22 70 9 81 97 5 60 31 5 58 51 38 70 45 93 42 29 79 7 38 56 42 77 10 82 5 92 70 23 31 38 59 52 49 85 6 
80 57 92 86 97 93 45 32 65 50 45 48 55 7 38 96 94 68 75 9 22 4 58 5 60 26 28 71 65 72 94 84 54 3 78 10 70 1 26 30 4 11 26 96 61 18 89 76 61 69 12 18 55 2 99 13 5 77 17 49 68 53 25 48 29 10 23 80 19 5 3 50 86 89 42 46 67 87 36 15 61 97 30 43 86 28 37 15 66 54 97 67 28 21 3 41 52 23 7 42 49 31 70 99 63 75 86 50 11 64 23 79 75 52 35 13 1 54 29 82 43 23 90 5 28 69 52 97 0 44 75 83 28 38 68 82 89 46 40 70 83 74 46 67 47 71 64 2 50 40 82 6 85 30 49 92 56 10 2 52 46 96 81 97 48 25 3 56 79 62 55 
54 89 48 14 66 78 77 91 37 47 73 78 1 21 58 3 68 55 94 43 98 90 95 65 47 54 88 94 31 79 86 45 83 56 36 17 98 83 79 35 61 71 92 28 98 98 91 41 96 41 61 39 81 33 29 73 46 39 80 22 79 67 54 54 30 91 74 92 84 11 80 29 27 65 74 95 50 32 16 64 93 92 46 90 6 19 84 76 57 34 61 73 97 44 70 74 92 59 25 46 65 30 46 97 66 5 58 69 19 79 84 65 30 54 34 18 45 49 50 56 47 55 79 45 91 31 26 81 99 0 52 56 92 46 91 69 25 90 14 6 83 59 47 60 43 18 31 91 84 92 43 76 42 56 52 73 75 21 89 78 79 23 80 82 93 57 7 98 60 58 14 
9 51 9 96 83 39 55 56 17 73 21 41 99 19 99 66 43 26 11 39 34 19 99 1 66 11 1 87 34 21 68 68 18 75 17 14 59 93 49 83 6 35 43 77 43 55 93 82 66 80 62 38 48 50 49 44 64 6 64 72 87 25 47 8 70 15 26 4 33 99 18 14 70 98 29 36 89 27 37 31 47 46 40 30 75 73 32 90 12 75 49 41 83 54 16 17 56 64 70 17 27 95 70 73 77 83 91 52 92 22 58 30 48 44 78 83 61 36 54 14 96 94 94 16 56 29 1 70 15 16 0 64 96 62 95 4 12 20 79 11 75 87 95 54 90 6 45 96 44 49 16 49 76 95 65 6 64 70 21 27 81 27 98 56 51 25 6 12 29 41 8 
88 10 6 96 76 19 8 17 76 97 34 52 98 75 8 46 23 62 87 26 2 88 95 57 75 48 87 51 16 93 94 67 6 5 81 76 64 42 8 30 93 69 33 38 20 74 36 6 31 3 95 35 47 84 45 81 89 88 9 53 66 27 7 94 9 25 21 57 20 58 55 67 2 91 5 50 33 88 48 43 3 47 89 26 71 18 80 10 66 51 74 91 98 82 27 98 47 47 88 24 54 55 78 38 13 24 91 98 71 6 46 63 42 97 9 70 10 73 83 99 73 34 91 89 22 79 10 90 13 80 67 0 87 80 31 56 11 14 31 65 22 48 3 87 84 6 41 71 11 51 77 76 4 37 13 95 76 53 55 27 86 92 58 61 69 26 2 52 24 4 85 
87 61 68 13 22 15 26 76 49 2 48 53 43 50 1 27 66 30 85 23 20 29 25 11 19 29 87 57 6 34 7 50 18 11 18 26 49 80 52 37 52 58 14 70 14 98 67 27 47 83 71 25 42 23 23 85 66 53 62 67 95 85 82 38 23 31 12 33 87 2 44 57 45 87 18 39 76 59 2 79 90 48 10 10 13 53 66 62 55 55 99 38 6 71 99 78 4 43 1 55 4 56 50 7 95 45 47 60 55 59 20 30 76 73 42 13 6 72 85 71 86 29 99 92 39 62 41 72 7 21 6 47 0 49 13 27 45 6 31 89 11 68 47 37 37 2 17 39 1 25 89 76 42 43 70 73 88 99 12 40 40 17 52 5 64 9 2 70 96 11 89 
35 46 56 66 53 78 73 29 20 71 88 12 60 49 3 68 51 88 64 55 66 71 51 4 39 24 80 59 23 45 2 4 54 70 82 18 89 74 56 97 93 67 32 36 46 16 3 87 3 16 78 64 47 76 64 36 80 71 39 60 40 17 75 38 9 46 18 18 49 20 13 13 51 13 16 64 30 38 71 6 91 82 91 96 21 93 17 12 10 59 77 47 4 28 50 49 72 40 45 48 13 11 80 90 42 32 83 95 24 27 73 14 28 69 80 61 59 33 20 14 82 91 99 48 76 5 69 52 98 97 26 75 91 0 57 45 23 96 40 23 28 16 72 76 2 35 19 80 57 5 84 40 41 58 65 99 63 22 26 84 58 15 99 87 46 89 68 2 54 53 31 
57 14 2 26 19 79 68 27 64 86 73 3 1 4 25 25 36 45 66 11 19 77 16 95 33 33 40 90 1 83 26 77 11 53 45 26 99 65 80 37 61 30 19 56 89 89 66 78 16 12 12 67 59 86 38 18 77 89 41 40 27 88 7 91 89 52 23 1 70 15 4 29 76 83 38 59 3 8 73 33 49 33 48 58 9 71 33 95 35 96 9 10 97 4 55 10 5 85 48 38 7 49 16 66 35 63 88 39 62 70 44 91 15 3 34 69 2 77 46 98 79 46 51 74 80 46 43 85 89 63 33 38 82 50 0 59 18 76 80 51 97 25 85 31 21 21 12 87 74 98 30 18 81 71 80 71 74 7 32 75 6 58 22 16 69 54 66 14 73 51 27 
66 77 10 15 54 37 18 33 52 43 75 67 96 19 41 77 57 18 63 42 14 19 75 48 24 12 73 55 94 84 54 30 10 87 40 15 37 50 14 37 27 87 67 68 27 25 23 21 77 3 43 98 76 76 35 23 70 18 15 80 43 77 84 36 65 44 15 90 62 36 90 12 76 31 80 90 13 67 13 70 92 72 96 21 25 34 50 71 39 83 6 31 65 75 49 21 74 34 58 57 62 90 28 43 47 85 52 17 71 10 98 1 86 13 30 27 28 97 78 36 14 77 69 92 4 78 34 86 11 25 74 13 11 46 63 0 47 43 99 34 36 45 26 77 87 71 35 52 92 71 64 13 49 33 3 65 73 95 53 34 21 39 86 43 19 56 66 76 60 69 10 
26 28 17 72 83 74 97 16 20 34 57 62 10 22 54 47 4 86 98 59 17 98 78 25 93 92 97 78 15 87 80 46 59 48 38 35 61 64 53 38 22 42 72 87 14 92 59 75 83 23 48 30 75 11 58 26 58 90 6 16 38 26 48 20 93 49 78 51 65 70 1 38 23 4 29 29 70 14 8 80 58 6 17 72 50 93 9 38 48 58 22 67 50 64 53 91 37 29 88 59 76 64 66 39 15 93 76 87 39 87 51 7 11 51 1 23 64 35 48 61 94 55 66 83 65 4 93 64 53 37 78 86 5 61 20 39 0 51 27 85 85 11 99 14 45 79 89 42 72 65 62 66 95 97 91 85 13 92 86 18 92 23 80 45 70 97 90 73 16 46 94 
13 50 85 4 33 71 58 72 85 81 58 33 48 56 62 64 97 6 32 87 71 72 68 17 24 62 46 91 76 58 67 36 9 96 35 38 85 72 71 27 76 21 29 11 45 28 40 10 99 21 74 48 87 46 33 67 73 53 98 89 48 7 90 88 87 21 59 38 61 80 92 43 31 24 65 47 9 39 80 36 93 89 63 46 89 77 5 24 72 28 42 97 49 70 1 65 55 15 20 84 83 57 69 4 4 93 15 32 33 22 62 35 40 64 22 4 55 39 39 74 39 66 17 56 59 44 13 79 63 54 38 38 45 56 95 91 72 0 63 67 77 52 47 44 65 87 8 91 55 61 71 9 88 14 43 71 2 65 3 76 63 33 54 81 31 58 41 58 90 99 98 
10 43 91 27 2 19 43 84 66 55 66 65 61 76 81 88 19 50 48 97 2 80 91 24 80 75 7 10 41 4 62 62 29 63 80 52 53 96 57 47 68 46 44 62 12 35 21 22 20 28 72 47 85 11 35 25 85 43 93 1 84 70 40 34 65 80 30 93 58 84 31 39 41 84 87 31 37 25 91 45 54 76 86 32 57 45 75 36 38 18 38 26 93 14 8 61 80 9 24 72 11 3 64 43 26 70 73 30 26 18 92 86 78 44 19 77 18 94 8 57 50 1 27 78 22 39 32 13 10 53 92 96 38 29 47 3 95 85 0 93 27 69 49 32 2 71 4 38 21 77 52 98 82 70 34 4 88 57 44 17 35 45 8 74 23 36 70 3 73 20 50 
49 20 56 80 53 71 47 68 10 25 88 29 19 6 26 51 28 35 79 97 26 12 45 92 70 63 78 72 88 64 27 87 31 38 55 18 26 44 1 26 98 89 32 72 88 4 31 56 91 41 40 88 26 46 45 3 74 99 35 46 98 44 25 42 63 35 98 87 47 36 26 1 80 89 89 26 79 97 16 73 37 60 22 51 81 95 66 86 28 50 19 96 45 77 53 51 38 8 85 26 95 99 77 59 3 90 4 38 67 21 77 60 73 57 92 93 88 9 55 1 97 66 94 46 36 91 16 22 58 45 71 98 94 23 92 21 29 63 23 0 32 33 11 55 12 57 17 36 58 23 44 72 3 62 24 91 88 19 25 76 61 79 49 56 51 63 85 76 87 92 44 
16 33 25 41 89 72 66 54 56 43 6 11 31 33 37 10 98 12 28 86 81 23 75 77 23 45 60 11 77 15 7 79 62 11 67 7 13 44 75 31 48 96 65 27 97 16 84 13 89 75 57 24 22 4 26 65 84 87 93 83 78 77 98 5 23 67 43 61 13 92 97 58 19 39 21 81 27 56 7 70 62 47 13 25 66 82 15 57 42 53 36 40 47 40 27 32 83 31 72 38 85 8 46 49 14 53 36 21 43 18 13 64 67 31 80 14 70 30 80 59 44 88 88 68 30 77 3 24 55 29 31 44 72 54 65 67 6 85 79 52 0 96 71 19 15 14 52 29 23 38 98 12 46 1 88 67 44 80 26 77 83 6 13 61 23 97 14 47 11 16 59 
2 88 1 83 18 81 37 5 26 17 97 26 11 55 13 89 28 58 96 25 26 15 24 91 20 82 66 89 23 93 58 72 74 24 81 91 94 56 24 72 40 14 37 2 99 86 88 26 66 96 86 75 93 48 52 4 86 38 7 92 3 61 30 44 31 57 8 5 77 46 98 81 14 36 88 88 39 24 87 57 74 36 16 27 12 48 66 80 71 66 46 19 36 21 41 46 11 42 76 34 64 27 40 99 25 66 26 55 78 5 78 55 57 99 24 23 52 3 19 68 72 35 81 71 49 42 37 62 38 58 93 71 95 4 48 69 8 15 98 54 74 0 56 28 40 60 94 66 92 50 81 50 82 83 25 92 8 45 72 89 46 40 72 72 28 19 19 33 91 23 70 
85 48 81 47 56 59 2 57 8 84 24 17 58 40 54 46 23 56 90 83 91 80 7 45 77 15 30 52 67 92 25 42 61 65 43 76 85 37 46 40 69 76 5 74 71 63 48 51 50 45 22 27 13 76 80 73 71 58 71 91 6 63 45 73 70 8 88 38 33 50 74 90 6 87 35 52 91 89 97 92 22 43 63 9 42 51 20 31 31 10 42 72 62 64 94 59 15 69 2 78 27 36 70 80 21 33 27 64 14 23 89 2 45 71 94 94 55 80 47 34 90 50 96 49 21 86 96 94 94 68 72 30 62 98 84 67 59 31 36 32 13 42 0 21 63 75 69 41 7 66 40 9 75 2 47 95 7 32 64 92 45 3 98 17 20 91 22 41 39 92 42 
19 38 9 49 53 11 44 65 28 86 89 32 79 91 94 80 12 60 42 43 84 84 34 38 59 1 66 34 21 26 89 39 18 80 11 25 75 55 77 84 47 45 24 45 44 93 29 80 12 20 74 77 16 1 6 15 38 67 82 39 34 24 17 62 31 29 82 99 96 25 54 33 38 49 40 84 76 65 57 48 40 39 90 9 79 60 55 80 23 46 81 25 73 46 30 15 14 87 67 77 74 36 95 74 11 30 69 95 10 51 55 10 58 52 95 51 82 44 1 38 92 55 52 60 34 11 43 44 81 44 24 8 42 61 65 20 5 81 56 8 47 61 17 0 34 14 89 76 64 18 19 11 16 19 84 24 94 39 97 44 9 37 90 89 57 16 59 66 6 1 87 
75 42 63 19 31 95 20 39 91 87 45 48 27 49 8 78 83 13 76 31 74 93 94 97 94 77 26 47 86 47 91 76 12 37 84 13 60 80 48 23 12 78 89 19 10 29 18 79 79 62 32 33 44 47 49 62 31 72 58 99 65 47 48 76 36 92 16 52 49 16 15 33 64 35 12 91 61 74 36 23 58 99 19 76 11 95 94 3 30 37 84 63 23 65 94 6 91 56 43 92 75 48 1 78 81 12 17 20 75 73 93 64 84 90 48 13 48 20 83 44 60 48 69 77 87 73 31 58 57 53 91 99 39 72 47 18 18 84 9 91 11 64 73 92 0 56 4 27 6 9 86 7 63 54 72 54 43 13 28 41 61 28 18 98 61 95 71 89 78 55 63 
62 78 6 89 57 4 72 42 50 42 95 47 53 48 58 62 34 73 85 30 31 23 29 36 75 12 53 96 15 73 76 63 53 60 11 22 61 75 9 57 55 92 21 4 55 96 25 45 57 6 75 38 67 70 80 63 72 14 50 27 51 89 63 37 32 93 93 89 75 62 18 28 89 92 89 58 19 55 95 55 41 40 25 4 18 18 74 49 87 33 18 96 86 20 48 37 59 12 70 66 67 98 31 31 85 96 91 64 60 55 26 12 73 16 81 14 28 16 75 83 59 25 11 5 79 30 68 8 66 86 68 44 9 76 61 41 13 95 55 6 87 52 7 83 78 0 24 46 78 92 36 75 2 75 35 45 97 53 3 56 58 64 47 15 39 50 26 17 7 5 99 
95 73 25 85 95 94 80 28 59 50 77 53 30 89 69 45 98 17 21 95 53 95 32 97 54 65 80 70 87 31 86 95 2 95 24 16 50 25 98 42 78 72 57 73 69 76 53 28 65 78 73 23 62 82 79 45 99 70 12 59 70 75 24 75 57 22 86 57 1 46 20 23 73 93 71 55 94 56 28 98 12 78 3 34 45 6 21 81 62 58 39 74 76 84 66 63 49 64 43 67 2 8 37 77 77 86 74 5 50 83 49 38 19 25 93 33 72 16 41 94 13 36 81 72 23 9 75 22 64 48 89 39 79 31 80 80 89 94 50 34 20 87 56 88 63 19 0 65 86 42 80 82 93 30 45 79 73 60 97 83 11 99 16 48 59 98 25 45 96 7 59 
92 72 27 45 40 35 56 47 47 54 99 64 86 11 54 33 13 18 89 26 45 40 86 95 61 81 94 72 27 26 35 83 15 20 32 97 6 55 13 56 23 15 89 94 85 23 59 10 56 53 14 8 28 58 59 9 27 21 65 40 20 61 25 25 19 10 49 4 55 61 41 82 97 77 59 47 58 39 18 79 88 63 16 17 32 28 42 23 41 4 9 58 89 67 29 95 73 65 2 12 68 67 77 92 2 27 23 68 85 90 56 58 82 76 90 77 6 3 31 61 97 99 68 49 40 82 20 77 46 41 64 83 25 57 2 12 31 1 89 6 11 9 97 9 36 12 43 0 17 92 79 75 62 54 98 78 68 19 38 39 94 76 21 53 92 68 81 58 48 35 88 
79 94 32 42 70 67 81 48 3 96 83 62 58 1 95 92 53 79 18 81 90 86 72 20 12 2 34 65 2 80 68 98 26 29 71 91 42 4 1 99 33 2 46 66 12 26 62 33 25 97 9 88 94 59 30 33 9 46 37 54 22 67 2 29 60 87 61 39 62 25 52 19 82 14 7 51 96 89 35 38 3 83 69 61 72 41 79 61 26 28 77 98 11 85 45 38 81 84 88 85 52 16 84 77 65 19 88 27 25 52 20 70 10 2 3 9 69 93 66 77 44 98 43 91 13 2 78 37 17 55 69 35 16 22 96 91 75 9 92 91 74 26 39 77 64 15 32 36 0 11 18 37 46 54 53 60 40 10 81 10 87 90 94 46 93 64 30 60 25 82 55 
76 3 65 22 11 84 2 96 30 82 62 37 82 65 34 84 73 35 62 49 31 66 37 16 95 38 19 39 18 13 25 57 90 90 36 15 25 35 85 54 40 81 49 47 49 80 95 11 33 94 4 74 84 36 67 98 35 84 98 40 98 51 32 66 43 54 88 1 26 38 53 68 15 76 39 74 69 73 51 42 8 60 57 34 32 60 9 97 37 60 65 95 74 96 91 34 20 36 99 21 62 63 31 34 89 80 48 26 84 59 48 83 96 91 56 30 8 33 75 19 41 56 40 89 71 7 39 44 32 83 16 13 7 70 41 62 70 87 9 60 72 95 63 93 68 83 17 11 50 0 52 97 34 65 70 76 40 98 96 43 64 90 22 32 26 16 92 71 94 17 77 
4 49 73 27 99 41 97 20 7 67 6 27 91 57 85 89 7 62 21 22 67 11 93 39 4 39 29 82 3 79 95 22 83 21 91 93 64 7 6 93 62 1 94 14 2 64 54 46 77 69 32 58 17 62 79 97 9 36 34 48 55 51 88 24 57 28 68 81 84 29 71 16 57 41 72 40 78 62 59 55 69 50 66 66 70 43 23 37 33 57 67 39 22 9 54 86 45 56 90 25 31 97 44 78 15 40 92 86 60 96 58 41 59 29 1 15 89 56 69 45 38 32 49 97 23 16 9 76 55 96 52 87 76 94 91 84 71 22 10 70 39 11 52 53 21 78 2 30 87 17 0 62 61 96 75 98 18 89 32 96 10 35 64 87 2 83 22 62 54 18 45 
75 9 72 30 13 27 64 45 93 50 35 12 21 19 87 40 29 29 26 65 1 4 36 17 26 82 66 4 87 93 89 42 5 72 34 14 5 41 92 46 13 33 15 62 9 80 67 53 82 42 42 31 84 68 96 39 71 6 87 39 93 6 23 16 45 28 97 90 75 5 76 13 3 55 59 57 35 85 71 65 5 29 62 24 13 84 10 85 97 71 20 25 91 60 7 36 19 57 13 98 68 28 85 88 81 16 24 45 5 81 26 33 40 39 24 4 18 16 80 15 79 41 87 49 54 92 88 63 82 23 24 57 18 50 2 54 74 8 12 15 73 86 43 12 62 88 45 73 56 88 9 0 74 38 65 26 4 43 94 2 26 12 71 92 73 27 89 52 22 1 88 
6 4 23 80 55 41 72 2 19 86 28 34 13 62 34 16 64 34 81 7 32 10 83 42 14 25 61 70 37 47 57 31 89 14 31 61 53 40 17 21 58 78 52 32 36 23 22 44 17 18 56 60 34 86 35 81 28 61 83 7 80 63 79 25 68 11 7 28 9 6 15 33 41 78 73 90 29 25 43 66 26 37 97 28 55 89 55 38 51 92 11 59 51 81 41 42 31 93 5 1 11 22 34 83 93 94 35 6 75 24 84 84 92 72 87 87 65 7 7 67 42 72 35 72 85 38 25 3 12 54 72 40 83 81 38 15 25 64 79 67 41 12 6 41 29 21 58 44 61 21 62 32 0 57 12 45 65 37 20 93 37 48 86 3 34 32 81 78 73 1 27 
29 85 41 17 50 2 66 55 29 38 75 97 18 40 31 99 2 34 59 29 22 61 88 83 37 79 85 97 45 75 12 34 96 64 63 18 17 73 7 5 30 30 46 95 61 77 62 9 47 59 10 34 96 3 1 97 59 32 20 84 76 2 60 3 25 89 53 45 72 86 39 69 90 38 25 84 77 90 75 95 10 58 26 93 23 28 57 68 15 89 59 55 54 37 44 4 30 51 12 51 94 86 18 52 65 15 16 4 19 8 93 23 1 58 25 74 83 71 14 67 4 77 20 37 61 61 34 77 6 30 39 66 83 17 71 40 68 46 68 18 9 44 55 95 8 41 84 30 46 34 25 13 35 0 17 92 41 42 4 2 22 33 69 8 57 14 61 56 54 99 95 
20 9 49 99 4 24 23 90 19 76 56 34 6 38 92 52 22 92 55 92 79 88 84 98 79 73 18 82 23 85 39 28 53 4 94 62 34 24 88 41 94 1 33 79 38 18 9 53 69 54 41 40 21 28 94 48 6 16 78 84 24 85 27 53 85 99 86 62 10 38 31 83 25 76 20 81 46 30 25 64 30 79 52 58 37 81 75 95 37 56 66 13 38 72 41 66 29 85 91 66 99 75 72 37 96 46 33 9 69 49 7 94 4 40 31 64 87 66 21 64 32 74 53 83 49 47 42 11 70 97 10 10 17 22 10 58 22 66 71 96 40 33 28 95 51 73 63 21 18 36 92 83 59 68 0 3 97 87 42 65 36 40 75 44 94 11 58 57 99 35 71 
17 61 48 17 50 61 28 17 32 58 62 61 26 70 79 36 64 32 44 22 62 11 42 19 29 99 6 35 76 84 73 51 99 41 6 56 88 25 77 74 80 91 84 13 47 86 20 57 86 11 21 47 59 93 19 6 22 80 78 18 93 59 1 67 50 24 80 93 99 38 76 68 85 71 55 64 68 55 82 23 23 84 65 32 12 6 18 20 7 79 26 7 13 13 97 18 9 37 84 92 59 23 57 25 12 84 90 7 8 46 13 6 55 21 22 78 56 18 81 25 77 34 68 18 9 13 87 34 91 87 84 86 31 59 32 1 73 88 63 74 50 15 6 12 74 22 45 79 53 13 67 81 56 46 20 0 58 4 89 28 40 28 61 56 15 50 20 86 40 33 50 
3 66 85 65 67 73 3 44 91 18 53 14 55 83 53 65 58 99 56 45 11 20 31 47 64 62 78 18 44 85 65 24 19 79 95 93 33 63 59 65 17 73 11 22 59 97 62 91 38 88 17 88 56 49 38 61 23 50 83 90 91 23 27 94 82 54 34 53 42 45 95 35 56 52 98 22 1 40 25 59 20 4 95 91 82 61 57 82 29 28 53 58 19 4 64 30 82 73 55 68 37 90 23 7 42 84 52 24 62 4 1 76 48 62 93 28 16 98 42 18 5 3 89 31 60 83 60 6 49 88 84 31 31 66 91 50 26 24 24 78 29 43 16 80 16 11 77 65 30 37 12 39 76 91 86 67 0 37 43 42 99 65 93 50 36 47 72 30 89 14 45 
8 48 32 84 31 30 37 46 75 30 11 49 37 12 38 69 52 92 76 88 75 14 7 51 37 20 24 11 7 6 64 1 84 78 46 5 43 1 3 25 31 43 79 26 41 17 10 13 29 70 45 88 89 90 40 71 8 26 50 51 28 75 36 4 36 76 31 77 23 87 5 74 59 36 88 66 55 1 77 81 44 61 40 60 30 22 2 70 9 52 44 31 66 60 93 68 46 66 48 21 36 67 98 80 87 55 35 52 32 39 84 20 78 46 3 42 68 10 25 10 23 70 8 51 80 47 27 71 89 15 74 47 77 54 13 24 85 11 64 88 8 24 8 29 46 89 14 36 26 69 45 66 89 24 49 79 32 0 99 6 4 73 90 17 15 28 26 66 85 76 32 
38 23 61 44 54 14 39 83 27 32 1 45 55 35 3 94 18 45 27 36 46 95 2 56 6 87 74 95 92 70 52 37 22 10 40 2 28 96 83 9 53 68 15 40 38 70 33 89 45 88 38 75 94 44 19 70 50 45 42 61 5 95 74 27 61 25 32 29 82 47 9 27 97 54 29 64 52 54 83 34 76 69 29 57 21 57 41 17 10 50 40 66 19 22 60 55 13 63 68 63 76 61 26 57 66 49 89 94 30 82 90 89 19 59 65 21 1 6 18 20 36 18 18 71 12 94 27 12 45 45 71 19 72 33 46 11 23 14 81 52 80 83 72 84 59 18 17 20 46 13 38 55 5 93 44 40 1 66 0 13 89 8 91 82 54 21 36 84 48 96 22 
44 26 65 5 2 95 94 69 38 64 51 88 13 14 69 88 75 80 6 47 82 60 58 66 87 94 21 8 78 54 93 9 42 44 53 83 55 46 85 89 89 12 79 38 50 47 1 96 58 8 16 97 99 69 48 96 75 94 86 44 34 65 44 50 40 78 34 76 50 58 43 32 18 53 17 87 41 76 70 1 91 99 53 84 79 69 26 81 58 28 92 7 99 21 9 89 61 72 40 60 82 44 50 58 48 11 52 90 82 29 1 37 26 78 26 33 79 29 99 57 66 70 15 50 28 82 57 33 86 4 29 48 98 47 46 97 27 90 96 68 32 19 86 85 10 40 3 73 20 54 33 54 5 32 76 66 54 48 55 0 33 33 1 29 19 67 15 91 51 51 94 
83 2 49 18 62 56 42 55 42 33 58 22 61 45 92 79 9 11 65 51 36 49 92 69 47 99 56 30 13 95 14 91 77 5 55 42 6 30 86 58 40 12 23 15 30 12 97 85 5 23 53 1 28 15 1 70 52 34 30 87 25 16 5 25 87 95 89 8 12 29 39 11 70 43 95 91 70 56 57 34 57 38 86 62 75 28 7 82 84 51 61 40 5 77 4 46 67 34 2 14 73 52 8 69 45 79 64 5 22 4 22 41 92 77 7 73 43 25 4 73 27 38 35 93 82 38 83 36 23 13 51 50 57 81 98 71 32 82 5 64 51 48 36 17 88 28 64 93 49 82 47 72 99 17 28 77 35 94 39 12 0 90 38 63 97 81 57 34 79 89 20 
66 89 27 22 26 62 12 50 14 78 48 83 67 84 97 84 14 83 33 69 68 12 27 7 15 83 38 33 47 84 84 13 56 1 9 41 43 38 84 90 73 27 69 56 24 99 90 93 81 58 82 20 88 80 53 85 35 74 94 29 89 50 28 10 82 61 24 21 32 50 89 41 64 58 89 34 10 17 63 4 4 51 27 92 22 48 78 4 33 70 24 9 1 77 69 71 56 45 36 36 44 31 40 99 78 53 88 92 85 8 22 38 57 12 23 64 87 14 67 43 8 74 29 40 16 11 54 3 27 33 9 95 32 44 25 78 77 8 59 13 6 23 36 43 25 20 42 45 60 86 70 95 10 73 59 70 37 14 88 53 26 0 34 41 74 82 16 90 16 88 33 
17 98 75 7 90 56 3 59 91 89 32 48 54 92 30 33 40 93 12 87 46 81 26 71 24 47 58 20 64 70 91 28 46 41 48 82 52 6 60 74 6 84 32 59 67 53 9 59 92 83 19 44 32 31 69 23 91 45 30 96 3 15 99 48 83 78 20 50 59 91 39 19 55 16 38 23 48 73 36 26 10 73 17 27 33 58 45 33 47 76 20 7 97 62 5 24 33 5 37 80 68 37 44 15 25 36 24 14 52 10 58 53 7 47 63 39 37 25 73 13 40 47 74 35 49 25 80 94 67 9 56 63 95 49 45 73 11 61 29 37 39 94 51 71 98 87 41 18 47 27 99 14 29 62 89 73 36 57 99 66 14 51 0 48 5 85 87 85 15 55 63 
93 90 18 43 69 94 67 37 52 64 87 72 71 6 87 26 9 88 27 25 1 83 1 67 2 65 37 40 50 15 37 69 8 52 42 99 92 74 47 10 50 64 69 11 50 11 33 17 60 46 73 36 11 6 55 18 32 28 69 94 74 4 46 43 70 85 49 73 84 60 13 64 24 62 49 64 92 51 57 12 64 3 87 40 75 91 26 86 41 2 78 76 95 13 50 76 61 80 7 54 33 10 80 99 35 83 6 30 91 22 96 11 11 18 17 93 45 54 86 27 15 31 53 4 92 26 37 34 66 90 21 86 83 30 41 11 10 34 88 17 24 43 50 86 66 61 44 4 53 52 70 32 18 26 93 79 52 52 86 25 78 23 72 0 59 36 6 82 83 31 62 
10 67 40 87 79 94 92 47 63 65 47 66 39 51 99 60 79 4 36 44 94 24 91 22 77 2 7 61 87 87 29 94 16 30 62 58 73 94 93 43 5 26 44 71 22 11 72 69 61 54 20 66 38 95 43 81 12 89 31 34 51 18 22 39 98 86 57 94 78 53 81 23 63 51 92 15 89 42 56 85 90 41 7 47 12 75 59 38 13 83 47 53 39 1 20 8 9 59 44 51 97 5 70 20 20 36 13 59 22 62 93 19 92 47 63 2 74 4 45 68 8 42 44 36 76 60 38 11 10 39 9 13 98 93 14 11 87 74 59 2 77 16 37 32 21 87 56 6 27 39 25 68 39 3 83 30 9 85 75 46 29 72 34 30 0 46 79 93 66 54 63 
88 78 23 92 56 3 21 38 16 19 73 99 38 34 50 32 7 54 40 14 16 24 78 66 27 50 16 51 44 40 87 22 45 85 45 13 57 10 41 93 96 63 53 47 37 17 52 80 41 51 65 92 86 38 17 60 85 42 67 15 48 11 59 7 11 61 89 8 14 67 41 7 62 76 68 66 94 25 17 68 44 83 8 76 5 31 20 3 25 15 34 46 98 87 64 93 58 10 88 52 73 17 81 50 90 37 97 85 73 95 13 80 99 71 9 9 42 40 89 41 3 51 98 81 90 76 44 42 46 95 53 72 19 10 40 34 94 92 36 71 35 65 77 23 91 37 5 71 36 54 39 56 16 27 91 22 1 18 28 84 64 25 46 23 78 0 40 25 68 21 48 
59 57 73 31 96 99 10 47 65 36 68 22 48 8 68 50 82 64 51 16 19 39 42 89 26 47 25 38 16 30 25 2 19 8 82 78 95 42 68 20 1 60 8 45 62 24 13 19 88 42 72 48 40 7 97 33 76 18 6 55 35 73 74 91 62 86 2 53 36 54 79 81 93 61 53 11 86 13 44 55 89 26 52 32 84 78 23 90 10 32 5 33 70 43 19 19 55 4 50 84 55 31 28 35 46 83 1 52 83 70 66 69 38 81 76 7 15 27 1 42 9 38 66 1 60 42 39 36 67 25 4 33 87 36 85 75 76 55 25 17 30 48 13 63 29 72 17 53 23 82 38 36 9 44 87 35 68 24 57 38 57 52 90 59 78 63 0 15 67 22 1 
74 91 49 41 37 85 35 62 51 8 17 80 38 29 82 50 73 77 13 56 99 93 31 38 72 42 99 13 91 32 16 76 41 34 90 29 55 77 17 69 40 17 59 9 16 72 53 39 60 53 31 36 11 43 11 6 12 3 41 68 13 99 28 17 13 99 25 6 45 72 77 77 22 28 81 75 67 30 85 28 88 31 78 29 7 29 14 30 7 76 40 73 56 35 3 59 19 76 10 94 99 47 38 22 62 56 36 81 52 12 74 80 17 96 15 52 26 6 37 55 93 45 73 44 45 83 93 75 6 22 1 80 41 3 29 13 11 40 77 6 26 80 2 25 89 75 82 99 98 27 21 39 26 69 88 16 53 86 41 58 18 34 54 28 11 57 50 0 89 25 51 
70 99 65 29 65 10 65 27 88 62 28 69 60 51 50 34 93 36 30 81 95 69 87 3 30 52 88 4 18 95 4 41 85 30 36 15 68 15 88 1 9 22 93 7 67 9 81 28 47 67 89 62 19 75 83 54 92 52 62 52 33 43 16 38 92 6 15 55 91 73 90 53 67 60 32 20 10 18 59 40 32 59 99 76 18 7 23 39 69 57 99 80 46 33 59 66 11 30 7 81 67 94 27 58 88 34 63 28 7 72 13 25 82 93 21 34 39 34 62 93 68 28 29 95 1 32 98 8 1 52 83 57 24 53 78 93 98 58 42 39 4 16 77 7 30 15 25 94 25 52 2 71 77 11 13 27 70 62 40 33 84 18 30 55 17 85 49 93 0 8 82 
70 99 21 1 62 93 59 93 95 95 27 29 30 61 63 66 66 69 75 37 11 9 24 43 98 99 10 16 72 81 43 53 48 52 33 26 35 76 75 93 29 2 31 69 41 56 7 24 5 60 97 58 60 5 28 18 64 29 28 4 37 80 7 71 16 7 27 78 23 94 96 53 19 82 7 56 37 82 24 86 48 93 66 35 52 6 52 96 5 26 31 49 70 92 88 81 47 50 28 95 64 46 42 23 66 10 80 32 52 39 26 6 82 16 94 69 55 14 25 4 45 78 69 76 8 42 62 17 84 38 69 82 62 71 4 13 17 18 3 82 70 45 2 20 32 44 9 99 19 21 51 92 52 34 69 29 4 33 40 30 16 95 57 90 37 63 83 91 56 0 36 
39 68 40 58 20 45 58 80 64 77 13 8 21 52 67 76 99 25 58 6 3 32 64 39 30 32 57 65 90 57 33 23 47 4 15 11 60 61 26 21 30 48 46 15 8 94 2 95 90 76 25 77 97 81 94 63 79 64 59 83 38 78 13 63 75 81 5 18 85 70 47 91 39 86 74 12 33 59 98 84 37 75 14 89 73 41 22 95 73 61 34 42 40 77 33 25 43 35 22 18 74 49 50 53 45 82 75 45 64 1 82 10 13 64 56 10 48 94 76 79 36 68 34 53 52 56 35 82 8 11 67 48 96 18 82 34 76 39 71 27 29 18 29 70 83 33 21 91 26 40 11 76 43 91 83 18 91 21 94 90 9 19 89 29 70 18 82 46 47 31 0 
