90 9 
0 14 72 41 87 48 5 95 52 13 43 87 18 31 28 69 23 9 22 14 59 38 26 37 54 78 27 69 56 95 4 2 70 21 32 96 78 5 54 25 10 50 58 20 75 53 12 35 48 38 94 83 35 12 59 21 46 5 49 21 91 89 65 5 81 27 25 36 7 59 84 23 53 73 4 89 28 17 30 64 32 71 28 91 70 43 98 13 34 54 32 3 59 20 40 80 65 9 47 71 63 36 13 13 20 29 13 96 5 10 69 61 40 64 94 24 21 42 49 67 49 76 58 72 92 77 81 80 20 51 82 15 82 58 61 38 24 19 24 2 93 89 93 67 65 23 6 2 10 84 78 47 50 74 60 62 86 32 72 53 75 52 62 8 30 91 9 9 18 80 88 53 10 53 51 75 27 77 27 93 67 
76 0 86 1 14 61 70 40 23 57 47 15 52 60 94 22 35 78 76 72 94 95 68 65 29 56 10 55 16 28 68 75 10 50 45 38 62 53 29 56 49 91 83 47 27 86 4 72 40 80 91 2 6 22 17 19 41 37 51 13 77 42 97 25 7 60 30 59 79 2 44 89 24 9 63 45 73 60 26 9 61 51 70 35 74 11 83 3 1 92 86 70 36 84 94 78 50 82 46 36 93 56 54 80 97 44 38 63 40 48 83 87 22 59 42 50 88 25 49 27 32 26 44 64 44 88 19 10 85 88 7 68 99 56 86 48 77 81 55 88 41 32 62 33 22 69 58 20 19 10 61 31 62 47 63 69 16 22 30 37 87 19 62 92 77 60 1 15 69 11 63 90 71 46 21 78 16 77 24 48 15 
68 19 0 83 10 84 82 36 75 68 38 61 10 54 64 78 73 2 80 45 38 21 57 91 51 27 63 62 84 98 50 34 47 50 69 61 12 60 40 8 43 97 88 99 2 60 59 14 23 59 86 67 67 47 31 43 49 40 38 8 25 52 94 80 87 3 56 56 17 6 5 95 70 99 73 26 93 74 50 4 25 21 14 42 66 9 94 64 37 74 87 98 43 67 14 89 62 78 42 8 85 88 66 77 8 22 19 45 40 27 33 46 57 93 2 74 34 49 39 40 30 32 97 59 98 6 46 36 62 85 99 24 25 15 59 77 8 92 52 36 44 75 38 19 72 7 4 38 33 76 61 99 9 4 60 45 22 33 19 54 7 84 3 60 91 75 88 67 94 24 18 25 32 40 15 54 36 26 48 29 54 
58 10 30 0 70 91 96 8 9 38 28 74 37 4 63 65 38 21 99 15 32 98 57 97 25 23 84 90 95 49 7 42 36 85 42 16 12 91 38 23 87 77 14 42 73 28 24 98 48 51 6 5 88 30 62 68 45 42 35 10 40 75 96 63 68 92 48 41 35 2 46 57 45 95 65 71 58 84 65 10 32 8 5 48 70 23 18 72 50 15 95 72 40 7 22 50 48 64 25 94 96 60 46 61 21 63 23 57 57 65 17 55 12 54 94 78 73 71 98 22 70 27 32 59 62 19 12 23 50 63 15 47 63 50 58 8 97 36 40 92 68 29 16 30 90 11 41 57 48 24 56 13 3 64 3 88 13 46 71 81 86 31 92 57 15 37 23 52 58 42 42 32 37 70 86 67 1 60 15 88 65 
87 19 38 74 0 35 28 99 42 76 17 75 11 79 27 98 95 70 69 18 77 38 93 57 27 58 67 59 61 33 73 16 35 12 28 65 57 44 3 50 77 57 97 60 29 80 37 60 74 89 57 20 32 97 48 30 68 73 21 18 83 98 11 48 96 87 29 66 10 27 11 44 79 24 34 48 58 56 84 41 85 32 13 28 9 62 69 14 59 21 52 34 9 25 63 34 60 29 35 26 46 82 58 79 56 18 65 45 84 72 42 74 51 43 96 29 79 71 2 83 51 88 89 21 15 57 67 77 6 30 53 48 60 4 32 36 87 58 87 58 98 98 66 59 30 25 87 69 15 13 35 8 13 80 76 63 12 76 61 19 50 8 14 71 98 79 19 37 58 54 61 68 55 75 94 74 16 50 1 19 36 
75 4 77 92 81 0 95 37 14 25 10 69 37 13 67 8 32 17 29 66 75 47 58 96 70 15 19 80 65 47 67 20 36 87 93 2 76 96 65 76 68 59 60 79 95 38 62 96 20 2 37 9 75 43 14 1 37 37 86 60 88 85 23 25 39 71 21 92 71 26 31 15 77 79 6 41 46 58 29 21 48 31 62 70 16 43 22 63 40 33 99 36 67 97 46 4 36 61 65 79 74 90 7 60 78 43 18 23 93 32 53 83 91 43 70 81 92 22 62 60 18 22 95 64 37 84 3 64 87 7 51 1 40 8 24 33 99 59 27 85 12 52 98 56 11 4 75 85 70 7 67 74 65 7 52 23 93 2 74 10 60 54 13 83 9 87 58 80 80 88 46 94 49 28 68 72 41 55 59 54 27 
66 29 4 73 11 16 0 88 58 96 28 26 43 67 87 21 84 71 75 40 78 77 60 62 75 97 16 37 20 71 2 78 26 38 16 55 36 69 62 64 3 7 24 29 66 48 50 12 51 59 43 65 12 88 37 70 36 68 49 16 99 70 94 8 13 21 24 6 96 83 94 40 38 43 43 94 97 81 34 90 55 42 61 96 60 25 19 81 81 14 38 45 97 76 46 29 94 40 69 56 14 11 70 94 27 19 48 58 25 70 51 71 45 47 22 41 38 31 63 20 50 65 81 60 88 14 95 26 76 96 21 68 22 69 49 16 76 57 80 10 64 93 39 77 19 65 11 30 50 63 70 26 94 27 32 20 65 77 57 9 58 57 75 2 8 38 95 4 89 43 55 42 99 75 15 36 47 22 92 98 42 
49 47 73 89 79 25 50 0 94 12 35 62 58 31 42 10 79 33 38 41 55 31 36 5 88 39 25 17 17 88 37 59 57 78 17 10 19 83 25 95 27 97 37 43 84 62 75 83 58 96 8 35 72 6 7 44 45 7 87 47 28 19 3 44 94 94 48 47 52 41 11 13 28 17 47 45 78 72 4 59 78 73 30 19 76 61 13 60 34 64 63 50 50 72 8 75 2 5 34 43 3 57 45 58 78 9 74 18 3 36 96 51 59 91 8 12 23 15 73 48 76 8 50 27 38 89 75 29 74 56 86 27 50 67 97 1 7 16 60 96 92 73 65 10 44 79 3 99 14 48 9 89 82 91 20 3 86 68 84 44 92 14 97 10 35 52 5 78 12 13 2 1 43 48 63 16 32 43 42 81 54 
32 74 76 86 50 92 13 69 0 53 87 8 33 13 7 69 76 89 60 5 12 89 42 14 36 64 65 1 48 56 29 70 60 27 20 88 84 86 46 56 13 48 25 8 25 98 52 7 19 46 43 9 30 40 15 69 83 82 8 75 16 51 65 56 33 3 87 30 22 24 46 12 41 91 52 98 84 3 62 46 72 65 85 10 14 66 71 17 12 20 53 69 15 38 18 38 66 44 85 86 13 81 67 91 51 56 90 64 49 80 67 69 77 59 11 18 91 97 99 25 16 21 88 4 43 45 96 9 43 63 18 29 56 51 57 97 60 70 50 48 21 73 31 56 28 25 98 88 77 91 65 45 37 39 39 13 41 36 18 24 5 26 10 17 84 41 55 49 13 90 59 69 69 46 82 6 88 79 43 14 52 
70 1 70 92 85 49 57 39 20 0 35 81 2 23 51 60 47 59 39 76 1 72 93 97 7 25 4 90 87 71 37 35 90 90 29 18 54 44 84 5 5 65 49 19 76 2 51 18 91 46 34 27 57 91 39 79 63 18 85 53 66 12 17 43 14 7 44 80 38 20 8 39 25 3 9 27 45 70 65 57 1 23 47 51 37 18 5 60 86 37 3 30 82 33 51 82 67 38 91 55 58 6 29 17 50 84 45 83 34 99 50 94 39 31 57 6 25 95 74 37 74 77 55 36 89 13 95 91 77 11 43 70 44 58 32 16 84 26 79 53 21 28 40 24 23 39 91 35 60 94 43 11 17 95 47 2 88 45 28 2 77 51 36 47 87 23 39 79 66 92 87 96 46 23 4 12 92 53 83 17 40 
59 71 63 15 77 40 96 2 82 84 0 32 35 72 74 87 61 73 36 42 1 91 95 74 54 36 56 41 9 30 89 31 33 45 92 2 8 34 14 90 49 18 96 12 75 83 29 83 57 2 45 43 66 95 71 84 30 44 21 39 40 47 89 44 7 52 60 45 81 80 97 45 67 9 74 81 66 87 3 51 85 26 15 96 56 53 56 43 80 68 46 3 74 81 41 15 83 45 13 55 35 92 47 53 12 27 75 32 72 1 19 64 53 65 46 80 81 36 17 55 17 88 76 83 31 48 39 89 59 12 82 1 86 53 89 19 2 5 26 20 96 38 48 54 12 34 41 34 57 85 15 15 57 99 50 29 82 72 33 65 33 6 52 14 33 62 61 41 44 30 21 57 13 71 34 55 36 15 65 7 10 
86 51 68 11 37 71 85 72 97 6 96 0 21 41 35 70 44 27 40 69 58 2 96 71 87 8 17 80 17 44 14 87 61 44 35 50 50 91 80 1 65 83 8 50 34 1 31 7 47 56 74 29 87 51 39 75 62 2 41 91 14 78 32 51 76 1 42 50 57 49 80 70 13 31 35 80 36 6 91 54 39 14 17 13 94 46 38 71 68 6 17 9 44 41 43 51 24 71 96 80 67 86 80 42 70 3 9 84 58 1 98 14 90 67 57 84 62 85 5 79 5 29 9 50 31 61 50 75 70 13 5 68 66 54 14 50 55 33 66 64 25 29 81 31 43 68 84 83 47 59 51 7 5 6 4 42 10 67 20 17 70 7 80 43 24 3 4 79 83 88 8 95 67 52 70 86 29 97 65 49 61 
45 25 28 47 78 3 96 49 69 68 19 43 0 37 69 55 7 18 88 68 18 63 59 37 51 48 12 37 87 59 37 14 42 34 3 54 7 76 99 96 4 56 59 24 10 4 19 21 49 29 34 45 38 79 40 69 64 88 66 51 57 16 69 26 39 31 79 76 5 22 2 70 16 67 23 33 20 15 87 75 19 45 39 82 58 93 91 45 66 74 35 36 44 70 23 3 17 61 38 92 51 60 88 12 18 71 14 25 4 75 12 50 95 26 26 82 77 64 86 77 88 14 16 30 97 75 13 19 78 14 62 44 92 79 14 10 16 84 55 67 56 35 19 21 56 50 34 65 72 58 93 19 94 50 48 49 74 30 4 77 24 16 83 51 23 72 49 72 88 60 18 79 79 41 57 81 18 78 48 28 91 
55 45 7 30 26 1 48 71 44 79 27 50 39 0 84 81 83 72 14 82 80 66 37 57 15 28 21 41 32 17 20 12 54 18 6 76 45 70 51 91 42 95 29 91 39 83 84 69 78 51 51 56 45 85 14 7 76 33 39 94 39 83 20 36 6 77 40 78 29 92 23 28 1 10 53 39 40 80 63 29 72 91 86 80 19 45 54 72 77 12 29 99 99 36 49 13 56 96 24 94 99 15 99 83 11 60 34 20 82 71 83 60 66 95 86 55 92 2 37 16 39 70 97 70 67 57 18 8 46 13 21 44 11 81 17 89 2 8 22 57 88 21 45 10 43 16 56 65 61 9 51 93 95 98 3 48 81 41 69 11 71 95 85 55 40 42 6 94 87 44 57 35 12 18 40 57 27 75 12 77 8 
10 79 74 88 14 53 5 57 25 98 20 54 2 3 0 49 33 47 13 96 59 65 66 70 54 21 90 95 71 43 2 80 55 14 84 3 5 15 59 55 11 6 58 65 95 11 29 7 71 69 6 1 29 24 75 59 98 97 35 9 56 50 19 41 36 35 4 56 22 85 71 87 66 83 97 5 21 97 90 53 52 24 59 54 31 64 59 59 72 45 50 73 77 21 47 80 17 50 80 61 46 13 55 60 58 88 37 14 29 33 93 54 55 48 73 66 34 31 76 17 12 43 68 40 32 16 81 69 53 36 42 60 70 82 62 36 47 18 22 51 27 70 89 43 4 2 64 44 63 3 39 82 5 10 31 44 71 83 58 46 42 95 29 47 99 41 86 20 87 69 40 78 88 30 25 49 98 56 89 91 47 
61 22 24 18 73 91 73 57 53 41 56 11 83 85 86 0 46 37 77 56 85 6 35 39 77 17 98 41 71 21 13 13 76 96 96 47 40 31 40 39 6 58 64 35 98 34 70 83 86 90 40 91 89 94 82 59 96 61 61 44 47 14 92 62 3 14 89 35 67 2 36 57 50 77 96 65 27 75 77 61 71 83 54 72 18 37 19 8 55 63 92 89 5 79 90 82 95 81 63 97 70 13 32 64 17 83 18 61 65 27 64 39 30 92 97 54 49 11 27 44 64 11 35 25 24 17 41 81 84 82 50 11 84 8 58 59 24 59 51 5 35 59 88 95 90 83 28 79 29 26 79 4 40 74 81 49 60 81 98 8 91 77 93 42 89 83 88 1 61 89 47 60 19 71 50 24 43 26 29 8 99 
44 49 49 51 11 6 63 53 56 25 29 72 40 84 1 67 0 91 8 67 86 54 41 6 14 89 98 24 78 9 35 76 80 19 41 49 23 98 78 15 87 30 98 21 56 31 16 94 23 28 30 74 93 12 11 32 20 41 11 36 92 58 81 97 23 79 81 51 77 68 42 96 26 80 83 63 82 25 19 82 87 11 84 37 16 53 73 27 89 40 5 14 45 97 24 23 68 51 95 51 61 77 62 58 17 89 8 94 38 53 10 26 68 93 32 44 14 83 87 58 59 64 98 23 37 21 90 18 96 90 11 79 16 97 28 44 51 81 44 27 49 2 59 11 17 29 5 46 64 4 49 12 26 36 98 20 10 63 89 81 18 87 95 16 47 17 39 60 13 31 39 92 24 9 73 13 4 89 10 81 25 
21 6 85 47 17 63 98 15 49 40 14 77 15 80 78 81 43 0 73 66 6 63 62 21 87 46 81 66 94 68 14 19 68 42 52 1 14 14 37 76 74 87 93 55 5 21 55 11 88 96 69 93 69 10 52 8 98 97 29 78 3 39 72 1 99 6 14 73 6 54 78 5 8 82 9 45 48 22 77 66 47 24 95 15 76 72 63 35 4 13 38 50 53 65 90 4 82 27 4 97 60 31 59 56 51 62 38 81 79 66 33 59 79 99 40 92 59 11 99 75 80 7 15 72 90 75 33 79 59 69 57 3 65 59 18 92 77 20 34 12 29 22 24 92 25 2 4 82 25 41 20 95 15 60 80 26 21 87 3 60 13 26 43 83 33 8 36 19 40 91 15 80 91 65 51 35 18 90 89 52 49 
13 44 73 94 32 12 97 86 56 41 64 6 42 93 39 67 42 99 0 69 39 72 18 52 39 73 69 80 19 76 59 2 26 46 22 56 25 85 64 39 55 87 52 68 47 90 98 51 44 8 7 29 26 60 28 69 36 43 70 40 59 73 80 52 83 44 80 51 87 58 49 53 85 69 77 83 18 42 54 79 20 99 91 47 80 71 38 58 18 40 98 87 59 94 89 34 92 59 48 37 69 72 24 6 94 71 10 52 50 95 66 45 35 71 19 24 65 88 36 13 21 35 68 58 31 10 9 76 30 92 4 1 92 66 10 18 8 21 53 57 72 87 56 4 68 77 71 3 94 16 61 85 10 11 31 5 30 98 27 2 22 30 6 50 4 29 88 7 1 83 61 4 86 26 57 14 97 16 31 30 34 
16 15 13 68 53 48 60 34 43 15 79 17 34 52 81 87 1 78 2 0 56 49 85 31 40 87 19 57 31 75 61 46 69 79 28 82 92 83 9 6 74 50 91 91 4 64 97 83 7 46 80 67 46 71 45 22 79 52 3 12 48 49 22 48 58 13 67 76 39 38 69 73 79 11 81 74 83 6 16 99 15 92 8 44 21 17 8 66 3 34 91 51 77 83 78 12 19 85 54 90 87 2 98 22 92 98 92 57 88 70 4 32 1 46 34 57 19 48 20 44 67 24 90 51 15 48 2 33 64 64 9 99 27 2 85 46 95 61 54 18 15 81 73 43 22 71 94 39 69 29 45 41 27 25 32 62 37 49 67 10 54 13 6 6 74 89 63 24 86 24 68 94 85 89 98 87 8 38 97 95 94 
69 54 16 3 84 15 97 38 45 62 45 60 99 19 49 34 99 57 18 44 0 71 93 81 51 50 56 27 91 73 32 67 82 18 23 28 39 52 30 90 78 67 67 83 15 56 97 44 95 4 88 10 14 57 38 56 26 1 56 5 85 30 21 25 89 43 50 63 51 25 18 12 21 13 86 93 80 77 88 27 42 23 81 84 62 69 99 72 25 57 24 81 1 57 16 42 41 4 37 60 37 7 97 12 21 68 92 22 72 64 21 79 80 75 1 55 98 65 53 28 21 86 10 75 67 2 91 31 87 94 17 27 95 80 16 39 64 37 95 49 99 30 91 72 85 6 44 50 5 26 21 42 60 81 12 37 2 79 44 84 2 40 94 33 2 40 15 17 49 42 1 10 50 76 41 85 53 98 83 69 2 
5 93 55 54 17 98 15 37 24 91 80 19 20 45 83 34 77 99 67 54 80 0 83 18 75 58 41 81 29 96 28 15 47 86 54 90 46 67 34 66 96 69 28 90 63 16 52 61 50 12 67 44 50 12 9 47 70 30 11 64 31 68 79 90 89 20 88 15 6 74 19 36 33 45 22 80 79 84 43 11 5 68 28 18 71 36 99 95 15 46 61 71 12 5 9 47 70 53 4 48 69 71 33 17 80 26 65 80 52 13 18 2 80 72 32 54 30 73 11 16 48 69 56 11 93 9 71 34 56 58 55 41 69 77 4 81 57 16 75 65 4 34 35 52 17 85 74 12 22 32 71 53 1 36 81 70 4 64 55 95 69 72 70 25 36 34 43 52 95 86 90 46 83 87 6 91 33 19 4 44 14 
91 11 8 25 56 5 65 20 56 99 17 84 9 69 55 88 4 34 4 97 22 36 0 52 48 27 48 46 10 43 3 53 2 72 60 72 25 60 86 67 15 29 63 15 42 48 63 67 68 93 42 4 58 62 63 70 89 90 9 59 88 23 24 35 32 15 22 43 2 88 43 27 44 54 66 99 18 74 83 64 86 25 50 12 24 49 82 90 64 77 84 30 92 51 22 34 44 10 57 51 94 61 3 49 33 82 58 1 65 33 75 61 85 11 30 13 84 79 49 54 61 74 70 90 70 95 90 40 95 82 91 70 68 10 43 19 91 70 1 83 37 3 39 76 86 9 23 79 99 47 66 89 15 92 92 45 42 70 54 65 20 53 58 79 10 59 26 41 80 60 1 60 99 86 14 71 12 79 23 32 82 
10 83 69 67 75 47 99 22 52 11 54 75 44 28 23 77 38 91 98 92 69 43 44 0 63 56 29 18 24 2 15 69 89 41 37 69 63 95 15 50 64 17 30 13 71 89 52 91 26 15 21 69 3 49 16 85 27 53 94 13 20 86 81 91 69 32 61 55 13 82 69 67 25 48 38 75 45 71 42 21 25 22 26 48 79 31 26 58 22 51 99 94 66 5 10 93 20 55 8 9 99 28 2 20 44 63 31 78 25 46 31 26 11 91 35 15 93 92 75 16 94 50 50 43 21 2 19 28 46 94 14 97 14 71 99 70 21 41 4 17 57 22 20 87 12 98 29 53 12 29 47 69 55 59 10 22 16 80 66 79 85 69 55 85 99 1 1 28 37 89 3 85 8 72 53 32 66 13 40 29 60 
1 12 95 82 95 48 27 89 70 64 82 18 97 21 57 37 57 38 73 32 86 9 17 62 0 54 78 38 49 8 90 6 15 74 41 63 88 6 81 34 58 24 56 2 63 2 98 68 89 51 79 30 75 44 40 88 50 99 85 78 60 50 56 52 16 62 84 11 66 34 71 97 31 56 36 59 20 71 26 78 61 69 67 44 9 44 53 54 35 41 77 4 29 35 36 56 22 95 12 12 38 40 20 80 55 14 40 70 27 20 69 77 32 83 61 18 50 55 97 41 91 88 94 71 42 57 45 23 80 9 31 91 30 57 30 69 60 56 62 86 38 89 88 90 25 44 48 21 71 20 49 48 7 71 99 57 1 18 29 9 95 72 25 64 58 18 9 25 63 48 16 43 8 76 63 79 7 58 15 55 66 
18 40 92 90 97 36 97 92 77 86 13 58 70 81 96 42 67 3 23 23 58 69 23 10 83 0 53 28 74 76 54 39 49 3 12 32 54 74 17 94 43 15 38 94 23 33 62 78 27 58 1 58 33 46 45 65 97 2 2 72 4 68 39 90 97 9 45 88 32 12 49 78 37 47 54 77 55 18 61 1 33 60 8 87 72 75 23 63 48 10 56 73 56 24 65 48 4 61 60 43 45 33 76 49 26 61 43 81 51 42 34 87 87 32 51 54 9 63 39 25 22 31 23 1 93 24 76 55 35 45 13 79 37 50 6 25 80 82 11 54 79 76 3 55 28 40 20 38 23 84 43 33 42 43 29 68 49 31 4 64 76 1 9 25 50 31 64 14 27 3 81 5 43 16 91 86 34 49 40 98 19 
45 69 70 4 33 74 65 75 20 41 58 99 19 90 80 41 93 99 94 18 18 61 88 76 3 34 0 85 94 56 82 20 33 51 32 65 25 48 16 81 7 52 10 68 98 44 51 66 33 49 79 60 77 46 11 52 81 99 92 44 52 31 95 71 18 86 95 25 64 82 8 19 76 42 11 81 4 49 47 88 93 79 42 48 36 71 41 26 59 28 50 26 3 8 80 27 20 36 74 14 10 95 75 18 94 6 49 4 69 66 76 24 25 73 11 78 16 40 50 10 7 53 82 32 42 84 87 78 91 26 32 56 41 25 28 28 16 9 10 17 29 94 44 94 26 40 95 78 92 41 53 81 76 46 5 40 38 72 89 26 9 11 56 85 31 64 56 36 53 13 95 75 45 90 30 5 72 43 91 87 85 
32 61 62 12 25 90 99 98 31 37 25 59 34 76 61 92 74 3 17 50 45 57 57 17 74 84 53 0 67 16 45 46 53 84 7 56 49 12 67 38 2 90 22 74 6 86 9 43 91 89 35 47 79 12 79 98 40 80 82 57 68 89 2 19 90 81 62 46 31 26 15 64 48 40 44 59 9 27 53 74 85 42 20 25 25 45 72 71 63 90 66 66 78 44 50 61 63 21 38 80 67 99 9 89 6 39 91 67 92 97 22 72 57 27 27 16 25 76 98 84 1 63 56 39 87 43 85 78 67 70 13 32 37 90 62 8 82 81 87 79 22 7 43 93 3 56 27 91 18 24 14 94 94 47 98 16 34 60 15 52 59 57 27 20 78 29 16 35 80 27 68 18 84 52 45 50 95 41 99 47 20 
2 45 91 99 81 46 90 28 19 83 27 6 20 40 32 3 20 37 70 97 25 66 6 77 82 6 78 63 0 59 48 66 57 44 94 93 3 40 24 50 76 95 86 45 58 14 38 60 9 84 6 98 35 79 36 36 49 1 5 1 93 90 79 29 20 62 32 83 37 33 68 77 30 2 30 29 87 66 31 58 83 83 94 38 2 32 87 67 9 14 57 50 48 34 99 72 21 83 30 50 15 43 2 30 84 16 21 11 80 50 6 99 69 7 57 99 76 52 14 77 9 83 35 52 36 97 22 45 32 62 23 13 53 54 87 45 29 3 28 12 67 15 24 13 50 37 62 12 57 31 28 95 99 79 25 59 88 42 92 34 42 61 19 83 26 62 8 19 74 71 92 62 29 58 53 57 54 14 53 48 42 
24 58 7 94 51 79 75 3 26 3 22 63 41 72 9 80 63 85 30 61 7 65 91 88 51 38 92 20 50 0 4 64 28 14 77 53 61 10 22 83 59 43 28 74 83 37 13 41 24 34 17 39 65 93 18 70 97 34 87 32 83 96 3 27 83 96 70 56 92 75 29 23 32 27 21 86 92 78 11 6 23 51 60 20 3 38 46 78 28 74 1 38 71 90 20 76 35 87 30 73 19 2 84 77 59 67 28 75 70 29 62 85 14 17 60 30 17 95 48 71 60 60 40 6 53 23 29 22 22 93 81 74 66 73 83 62 71 24 87 6 83 93 91 17 30 29 11 12 30 18 51 13 97 54 9 19 89 60 74 25 80 59 98 27 49 80 67 1 62 74 31 79 37 69 16 7 20 1 50 84 36 
94 60 96 61 71 17 38 93 41 8 75 86 42 48 44 95 6 95 38 86 17 40 74 3 12 36 68 62 61 4 0 29 91 2 79 85 45 27 77 39 97 50 26 37 79 21 53 66 24 7 34 7 64 94 86 28 70 97 51 81 29 13 27 75 29 32 90 54 1 19 35 27 14 43 69 79 82 6 57 15 58 56 13 57 29 17 84 8 21 34 99 22 9 70 85 9 45 73 67 11 43 91 93 90 23 24 68 10 80 48 87 69 14 22 44 55 92 5 77 56 10 23 55 72 39 51 57 8 33 86 63 95 19 33 23 65 58 28 23 89 2 93 15 13 77 68 72 96 89 26 36 99 99 50 71 30 19 76 35 3 75 45 14 74 73 24 28 38 43 17 96 77 15 37 44 30 83 44 39 87 27 
52 80 56 38 3 73 65 1 32 3 2 2 14 46 20 86 19 87 88 67 90 79 38 95 93 46 56 77 85 31 98 0 13 41 98 73 2 82 14 61 46 84 34 62 39 68 59 47 16 83 85 49 16 12 46 22 88 57 41 34 4 85 48 34 68 96 29 1 71 55 71 68 32 33 15 33 6 9 23 21 22 42 24 81 91 19 37 9 73 56 53 43 59 58 18 97 49 56 51 79 95 37 78 36 51 81 79 75 22 48 35 38 87 30 63 65 13 70 68 91 8 37 73 71 45 31 26 85 31 75 60 55 64 7 14 62 95 35 86 12 65 41 74 30 2 27 3 26 96 89 58 71 42 74 25 91 3 2 27 74 64 21 14 62 90 43 26 71 94 50 17 69 4 48 50 7 30 19 1 72 44 
6 24 14 62 57 11 67 19 51 17 61 38 25 87 91 38 36 47 11 45 69 87 1 50 97 34 12 99 26 76 5 1 0 75 90 24 93 29 2 33 51 38 81 5 20 37 39 76 73 41 22 16 91 29 4 68 19 83 37 28 11 32 86 98 40 47 31 87 6 34 2 46 29 83 87 15 26 36 74 61 73 89 84 51 90 25 63 8 36 84 54 19 53 31 5 91 80 27 43 29 44 25 14 58 26 27 72 80 17 21 70 62 18 63 13 74 10 73 99 76 68 18 49 66 73 45 15 38 86 69 87 77 56 6 38 72 90 80 24 25 71 57 83 47 2 56 73 81 47 46 78 77 65 47 65 45 14 87 31 4 8 70 14 76 33 77 8 12 67 82 31 48 40 66 45 26 90 41 16 80 14 
50 65 80 67 23 78 54 17 13 60 67 62 91 1 85 41 10 66 88 48 85 23 34 65 62 59 58 86 23 53 12 42 78 0 51 54 36 88 13 32 8 61 1 79 75 92 24 19 49 11 45 3 19 14 23 69 44 22 54 79 27 7 59 28 3 85 28 67 18 36 26 67 13 71 73 20 32 77 98 19 71 72 52 65 79 33 32 43 14 30 20 78 52 99 91 34 64 35 25 14 22 24 87 90 12 87 61 90 45 6 54 43 79 52 89 60 30 33 74 51 73 90 55 17 79 18 22 40 54 20 57 16 75 43 95 64 20 77 40 44 5 15 47 62 53 6 70 89 8 89 31 90 82 50 75 15 96 84 66 33 75 77 50 61 54 16 23 41 45 94 65 1 58 51 20 6 57 77 72 22 22 
2 69 65 36 6 91 64 85 40 35 24 29 96 26 53 21 16 34 4 74 12 72 20 11 34 52 5 99 40 98 38 64 35 95 0 81 80 77 28 3 74 55 18 86 34 36 52 26 20 3 14 29 66 39 45 83 88 17 94 51 50 72 3 82 24 1 43 36 41 42 52 83 93 95 53 17 54 47 70 61 36 80 14 16 40 18 70 62 19 32 95 32 71 31 46 89 89 55 55 75 23 72 51 79 79 73 7 73 90 61 93 61 81 22 27 32 8 95 73 17 24 12 41 41 2 86 7 40 58 60 12 20 97 59 8 72 60 69 4 33 15 22 11 9 79 76 71 63 28 95 63 88 81 12 32 94 39 75 51 35 66 23 72 96 94 96 2 80 19 57 29 9 6 58 30 25 65 5 9 17 84 
41 24 37 21 13 97 91 93 97 21 68 94 44 45 85 84 77 49 2 16 76 62 97 46 38 7 25 77 14 65 34 10 22 5 62 0 10 47 4 53 56 34 33 2 94 81 6 5 11 29 85 73 63 74 96 2 70 77 3 67 95 59 20 26 76 51 57 57 30 16 12 43 87 12 79 20 58 73 3 83 13 39 66 62 30 76 23 86 33 41 62 11 24 2 81 98 88 63 45 17 12 24 36 91 46 15 4 35 38 29 77 21 10 9 20 38 32 77 41 66 94 16 18 8 24 77 24 63 4 4 1 86 45 50 97 31 42 65 7 79 79 58 5 8 16 55 38 83 96 81 93 70 18 50 62 16 8 13 6 60 82 26 94 42 32 99 73 62 91 18 58 48 99 29 87 4 58 96 36 36 80 
11 56 94 34 27 99 1 20 25 92 27 30 10 52 93 30 79 5 40 29 90 48 99 50 12 98 46 20 81 26 59 58 35 65 93 27 0 29 18 11 59 86 67 92 27 10 25 26 5 61 61 38 32 29 49 26 69 65 61 50 8 38 36 29 17 74 97 18 96 13 20 93 5 55 55 73 20 26 20 84 95 55 12 82 76 61 38 87 21 50 10 71 87 68 59 44 13 87 42 76 87 58 99 5 9 31 71 77 35 42 33 21 80 95 70 43 91 26 7 36 16 19 41 9 61 18 79 31 24 59 24 33 23 97 96 12 39 78 72 49 88 24 91 61 35 94 85 38 29 20 51 70 74 41 26 86 99 88 48 85 58 90 81 59 14 9 88 78 82 48 72 38 22 32 61 9 58 99 2 30 96 
46 92 64 64 44 25 22 11 30 27 56 44 47 48 23 25 81 63 56 41 8 22 22 19 31 43 41 50 2 51 75 87 66 40 29 81 14 0 85 74 57 2 22 98 5 83 40 44 40 97 10 42 24 51 33 99 24 13 47 61 7 51 13 67 14 18 12 61 64 25 18 46 44 70 64 79 25 15 79 12 90 93 97 95 83 60 52 2 62 91 94 39 61 74 53 15 10 79 57 67 63 68 13 68 30 16 46 88 19 11 79 2 75 84 63 16 50 99 90 22 15 77 81 20 99 59 27 54 40 7 23 43 26 99 18 66 68 86 56 55 37 48 92 78 20 45 82 55 9 58 13 13 55 56 94 24 76 69 88 76 42 41 52 75 53 21 44 64 3 80 15 78 85 59 82 25 44 29 38 17 96 
51 33 48 54 12 44 45 22 88 94 49 50 66 65 82 88 9 32 1 81 31 76 87 56 2 88 56 83 60 12 32 74 44 94 42 67 68 49 0 7 50 58 79 41 18 75 41 77 32 10 43 9 40 6 41 94 2 18 32 84 56 66 31 28 4 31 59 77 63 87 36 55 55 4 44 77 58 65 80 53 83 55 10 67 7 76 70 15 84 36 2 54 58 43 35 50 64 33 12 46 32 74 94 1 26 38 33 20 75 55 53 22 84 27 42 81 21 17 12 29 1 34 6 33 21 78 20 25 2 69 36 56 86 62 21 36 85 41 75 29 16 52 44 2 60 77 43 8 62 77 76 12 29 35 83 21 49 17 86 93 4 58 12 11 37 74 84 86 50 51 94 75 53 4 57 7 27 91 88 6 22 
86 27 39 80 57 7 39 83 77 55 93 13 57 95 21 88 8 41 11 93 56 84 98 70 17 43 33 60 84 14 72 81 6 47 78 49 97 8 44 0 80 31 18 55 88 69 51 24 15 26 86 34 8 62 53 32 21 85 27 5 63 9 36 99 7 21 25 99 80 11 86 15 31 24 38 75 69 17 1 16 49 63 94 68 60 60 82 44 80 54 60 75 7 64 36 59 26 53 37 2 11 56 31 27 81 99 67 62 25 76 48 40 91 4 41 47 77 63 87 57 64 58 94 1 9 25 18 95 12 17 29 19 25 47 47 97 61 34 73 5 27 23 19 23 47 59 11 95 75 3 64 55 1 29 80 86 57 31 23 47 4 53 40 29 94 5 92 42 91 99 58 10 4 4 58 48 67 73 27 1 90 
69 43 23 41 82 29 53 72 51 3 38 55 62 39 13 62 65 69 39 72 71 1 52 30 56 62 55 64 47 22 64 69 17 42 74 12 96 75 89 79 0 85 91 39 27 82 8 53 53 29 25 32 99 98 83 70 98 11 90 39 74 91 79 59 68 31 16 14 47 35 51 69 44 81 23 75 40 1 72 94 87 56 6 70 55 61 4 42 78 39 15 85 15 66 32 44 5 73 51 45 1 15 31 50 63 67 95 99 33 48 35 49 24 97 53 6 88 14 73 4 71 28 8 80 9 78 74 5 31 77 56 55 36 71 54 31 15 4 52 86 68 80 27 91 92 37 40 46 44 28 50 80 8 48 41 84 12 65 96 25 60 27 58 50 27 37 61 38 7 20 63 72 92 24 71 64 58 85 4 9 50 
98 74 65 67 13 18 86 81 19 17 19 48 17 37 86 9 54 8 81 65 73 18 56 77 14 48 34 21 21 36 60 62 96 32 30 79 20 57 87 83 29 0 45 29 74 26 69 95 77 82 40 39 11 72 10 5 68 37 26 85 83 3 23 44 30 80 70 17 25 81 52 38 87 44 92 79 45 31 86 5 99 44 74 84 22 13 52 46 60 6 45 10 51 98 59 22 63 98 40 43 35 87 87 16 36 13 85 3 99 74 17 79 5 83 80 80 6 23 41 68 48 9 2 11 29 20 63 38 49 74 48 96 86 83 91 46 75 45 29 23 2 3 9 67 14 4 65 10 51 9 30 9 32 77 15 54 8 43 97 58 33 90 13 2 60 32 76 78 55 62 25 55 57 99 55 68 13 50 12 71 79 
79 7 90 51 68 16 3 44 23 58 45 3 80 82 16 56 76 95 60 6 32 12 85 53 80 88 86 39 57 33 27 93 70 19 58 96 98 1 16 89 91 20 0 74 4 53 97 98 26 3 11 9 33 21 90 77 88 77 58 9 7 60 72 64 36 30 26 38 89 27 36 24 45 75 34 68 11 81 69 60 65 55 92 76 20 98 8 82 35 57 59 17 13 88 97 21 58 63 42 68 43 15 94 80 68 58 52 67 83 20 12 94 90 7 31 75 60 37 85 11 78 87 42 60 60 93 60 51 83 14 65 60 8 91 41 19 69 18 35 75 58 66 7 22 39 78 73 36 29 41 49 30 74 76 66 13 7 46 8 44 1 10 53 22 8 26 34 40 96 93 29 89 16 66 36 92 22 7 76 67 25 
41 66 31 10 48 99 60 42 50 11 60 34 12 8 63 54 79 67 56 73 91 68 1 69 22 54 50 33 25 29 46 32 66 4 47 24 58 51 42 75 35 96 75 0 69 43 57 75 24 62 98 76 7 30 15 96 66 72 89 29 43 68 1 52 36 5 93 33 25 48 28 25 27 34 87 60 44 75 4 34 24 98 22 82 65 80 85 16 10 19 27 9 4 56 90 53 12 90 77 28 68 10 46 43 46 8 67 94 72 42 84 37 83 99 90 77 1 76 43 18 43 52 64 79 27 19 58 77 79 98 66 23 28 49 60 90 25 10 9 89 65 74 85 14 99 43 78 26 30 72 4 67 11 97 35 43 50 48 8 39 9 58 49 10 78 47 54 53 15 71 67 5 42 99 58 59 5 12 34 20 8 
60 30 69 79 45 89 71 32 94 19 83 16 51 78 73 64 92 21 6 63 6 96 26 68 45 88 95 85 87 74 62 31 95 73 99 42 12 20 31 88 30 84 46 65 0 18 93 90 82 84 60 50 71 77 52 68 67 39 13 17 16 66 74 85 12 32 51 15 44 44 79 22 71 98 80 12 74 50 96 13 91 99 5 1 19 93 26 92 16 46 99 85 94 85 59 92 89 36 4 78 29 53 6 26 37 6 4 80 59 11 71 72 55 32 76 73 10 69 56 64 97 2 93 35 21 20 61 39 88 31 34 90 54 20 5 89 29 59 34 34 70 53 54 90 25 70 5 53 68 34 65 28 20 6 33 85 88 76 52 37 87 32 47 25 83 71 38 37 26 71 35 73 77 37 77 63 33 74 90 16 89 
97 71 27 28 25 65 97 41 66 71 53 66 81 53 13 41 3 90 34 62 77 11 84 34 38 46 93 83 43 74 55 64 5 99 59 41 44 33 36 37 42 74 15 65 47 0 73 59 70 22 16 65 13 37 40 75 5 34 68 26 2 50 45 95 19 70 3 4 28 13 29 25 62 72 83 54 19 83 77 50 78 65 83 97 63 64 76 69 22 39 97 32 61 71 97 42 55 32 33 53 75 27 49 70 31 55 51 74 73 78 73 48 78 63 90 2 41 78 28 44 27 57 96 16 74 78 83 78 52 61 27 67 64 95 15 12 30 38 20 72 66 72 57 49 39 34 83 71 96 16 91 23 76 73 33 55 68 69 83 84 40 97 34 33 65 84 94 95 61 81 64 67 67 39 34 38 25 63 46 82 13 
6 65 84 97 78 17 34 27 28 36 79 73 1 32 78 10 78 57 25 4 96 63 32 97 50 95 13 97 72 83 43 98 68 4 47 46 74 2 14 52 95 83 7 26 22 42 0 23 35 71 31 36 92 86 30 22 79 28 92 16 28 48 45 45 78 72 32 99 22 71 25 8 88 5 70 62 82 88 28 53 38 46 86 31 45 84 10 39 68 17 71 43 12 26 71 2 63 68 74 87 36 65 54 50 24 5 58 33 74 55 13 96 93 68 48 98 52 38 20 63 56 94 53 12 19 31 5 22 87 40 33 29 12 59 49 44 37 10 19 73 82 19 84 65 7 9 49 1 93 56 63 75 5 81 61 21 99 85 73 29 54 48 77 95 60 18 20 27 24 7 71 6 23 27 62 63 79 24 10 4 22 
43 42 36 88 74 12 27 59 43 41 88 66 44 6 74 44 96 59 33 38 6 59 43 11 11 38 4 12 27 63 68 37 46 54 87 15 20 39 59 27 10 23 21 94 37 9 19 0 51 70 25 8 97 44 22 20 58 68 94 25 56 93 61 66 49 10 89 29 67 68 90 39 98 28 87 69 15 88 85 47 63 85 53 57 58 88 39 48 28 20 55 37 50 58 61 33 26 72 58 52 46 36 70 68 83 92 23 83 63 61 64 46 10 26 76 48 32 43 21 24 56 10 31 25 73 53 94 89 44 54 82 73 42 41 36 57 18 96 5 83 33 61 51 21 12 62 14 61 64 95 19 37 79 22 32 6 74 85 95 79 10 62 52 83 88 44 39 22 10 89 87 74 73 13 68 1 18 89 11 15 84 
29 32 62 36 57 37 28 76 26 85 92 93 90 8 76 32 77 51 54 7 16 28 18 52 82 62 81 3 44 23 42 40 87 84 96 92 51 81 49 77 85 1 7 18 56 20 79 29 0 97 26 37 82 7 30 58 9 87 68 80 90 27 1 62 45 82 84 21 52 78 7 10 82 94 21 93 46 27 97 46 71 29 11 58 57 97 76 73 88 27 12 5 70 53 17 74 51 31 96 5 43 82 47 18 24 73 72 28 71 48 25 36 25 20 29 84 21 50 13 59 61 44 93 12 27 51 56 35 49 22 32 55 40 39 69 96 77 43 58 65 22 47 23 1 53 7 3 38 89 33 36 13 11 32 12 71 3 11 15 46 89 43 62 78 81 88 20 34 84 44 32 58 99 34 91 27 53 70 49 36 1 
55 20 84 98 64 8 19 20 35 90 2 46 54 17 49 3 20 32 66 27 67 41 32 94 92 39 54 19 15 65 32 93 18 90 19 12 21 18 34 11 60 24 92 69 52 38 90 73 79 0 45 1 13 28 15 70 43 11 7 69 44 72 40 25 4 99 64 20 59 90 49 31 72 61 98 24 86 73 61 94 67 21 67 10 40 64 28 80 74 3 42 7 65 50 33 31 72 29 27 74 95 26 27 92 38 83 18 70 49 80 17 66 5 80 77 20 96 87 79 38 78 17 21 7 55 70 83 83 68 99 91 76 97 86 72 48 71 6 41 39 72 78 59 58 15 49 80 47 3 80 11 81 54 87 31 30 13 62 28 42 30 62 83 93 66 1 75 43 1 88 70 24 2 92 87 97 98 26 43 3 3 
51 79 93 55 40 48 84 65 99 38 4 17 16 92 62 92 96 44 75 75 27 26 65 27 70 48 96 61 26 25 4 39 68 13 20 30 70 95 69 87 11 59 14 42 22 25 62 61 96 63 0 71 13 3 83 49 34 67 45 18 62 43 11 98 26 60 34 86 79 27 79 26 37 37 61 38 30 10 74 94 18 50 53 46 60 9 70 15 75 93 71 81 61 17 73 36 18 80 15 32 30 88 86 49 54 84 73 57 21 86 63 41 8 57 10 62 42 6 49 97 59 26 33 84 54 86 11 63 17 65 7 48 76 95 2 32 59 66 78 69 74 93 44 63 68 37 45 63 50 74 33 45 43 53 26 6 12 29 6 55 18 17 2 31 93 18 62 34 15 38 44 16 32 18 88 12 26 34 44 76 21 
97 6 80 66 11 32 77 72 77 23 55 66 96 52 57 9 12 40 2 80 59 48 35 19 79 42 62 22 88 26 98 69 55 49 91 57 63 30 17 19 6 42 85 52 38 50 88 32 94 23 4 0 92 55 36 12 27 8 84 32 49 15 22 55 79 46 55 48 72 46 93 83 2 93 99 46 19 71 55 55 56 30 86 97 74 44 55 82 94 39 35 98 71 89 38 24 32 47 77 41 28 58 4 8 29 9 81 24 9 58 23 32 24 14 83 27 71 54 7 6 65 1 16 92 90 25 48 98 15 67 33 76 17 41 8 40 32 61 81 77 88 64 79 69 60 70 42 33 96 2 25 87 23 27 77 56 10 87 14 52 68 35 32 53 84 84 29 33 37 94 61 25 49 12 79 51 18 44 23 53 43 
24 62 19 76 44 83 70 74 22 46 29 93 6 28 36 98 44 70 40 7 39 18 95 94 9 39 28 83 1 97 42 15 76 42 65 76 4 37 39 92 17 66 81 79 23 66 92 99 96 8 21 42 0 68 46 36 33 8 11 24 92 96 30 21 8 78 45 26 8 40 96 88 5 45 64 42 43 7 30 32 24 89 37 8 38 42 59 3 10 32 36 26 35 41 38 49 2 6 98 28 36 21 28 50 31 74 70 76 62 43 29 78 66 62 33 66 98 55 59 36 52 66 43 83 27 34 59 41 13 17 63 62 89 63 42 19 89 33 27 46 37 59 66 69 49 25 42 70 17 77 9 91 43 18 98 71 6 72 54 57 36 58 22 3 26 19 57 56 41 1 42 36 33 24 4 64 54 12 77 67 39 
99 59 5 57 73 66 6 21 21 28 27 41 57 87 94 25 69 51 30 6 69 26 59 91 59 72 53 6 30 3 68 83 45 52 57 86 97 89 90 39 94 3 87 83 1 89 44 51 22 14 98 59 64 0 29 52 96 69 52 23 24 97 35 30 51 62 11 80 74 43 32 85 58 73 22 13 36 58 14 64 21 30 95 77 61 55 16 21 12 29 23 70 33 16 66 89 43 73 62 55 48 99 74 2 64 88 5 75 50 52 29 12 95 94 74 18 3 36 65 46 51 76 3 78 11 97 54 93 28 28 47 73 56 27 58 25 19 31 34 22 17 1 50 13 49 25 78 25 40 18 86 47 62 24 62 82 58 31 67 81 43 65 68 10 19 25 22 60 36 99 81 23 65 47 49 10 79 55 29 47 33 
72 45 11 71 16 19 71 63 99 13 60 59 19 77 39 88 65 61 99 81 91 76 73 48 43 11 77 15 79 87 54 34 62 12 21 58 76 16 50 71 32 3 87 62 79 86 43 3 40 69 64 24 21 94 0 55 54 72 66 98 58 40 42 30 48 44 15 69 41 57 63 80 64 77 36 42 7 29 61 10 25 91 45 88 38 13 15 32 20 30 63 14 43 9 41 68 45 51 71 46 73 36 37 32 38 3 42 20 82 86 69 78 82 90 83 96 10 50 32 47 65 9 83 48 58 29 74 26 56 74 90 14 77 49 49 86 88 90 29 21 12 27 79 86 47 84 4 46 94 50 86 72 26 87 63 75 47 24 10 93 93 3 50 41 61 24 74 51 84 94 51 58 18 39 55 62 7 74 95 14 32 
44 82 69 65 32 61 38 51 34 36 14 24 88 20 21 30 26 61 52 91 15 87 21 13 41 47 41 43 74 77 42 89 71 59 93 9 84 71 13 25 68 5 14 44 64 40 59 64 29 59 52 69 87 38 32 0 34 27 13 40 93 79 8 41 51 35 79 98 62 75 14 90 16 2 94 16 81 60 45 29 39 60 12 95 61 16 58 64 78 64 35 97 72 89 62 78 1 15 4 2 90 43 64 27 65 76 46 35 64 67 71 87 53 69 55 88 71 92 75 48 89 74 96 32 90 27 77 38 35 99 96 50 62 31 80 97 41 76 50 32 70 16 29 83 88 94 3 22 97 24 58 2 60 97 63 41 32 48 95 18 80 39 39 86 40 27 35 32 12 60 40 73 19 70 77 9 79 37 76 99 18 
60 7 37 73 15 75 18 25 77 52 63 78 89 72 16 97 22 52 3 87 46 42 76 99 24 71 19 32 27 73 27 77 97 74 4 99 50 82 41 9 67 94 88 46 82 6 67 74 42 62 94 43 91 16 25 86 0 55 16 36 25 28 80 59 75 27 59 57 76 17 25 17 1 47 93 21 2 94 16 78 67 93 82 17 23 91 5 2 23 97 22 8 74 38 5 92 49 21 74 95 56 41 1 24 60 57 99 77 26 13 4 75 92 60 42 14 89 11 14 61 70 23 59 39 63 38 77 1 90 15 93 42 74 74 12 75 97 26 74 29 49 59 2 58 68 50 1 79 72 99 93 89 69 62 34 99 32 18 5 12 61 23 40 87 88 55 41 65 35 26 9 98 43 61 54 92 91 88 9 61 21 
6 47 97 22 42 13 89 7 61 98 42 26 32 45 14 37 8 37 81 88 33 29 39 39 39 63 24 99 31 47 15 94 61 92 71 39 4 52 48 27 87 27 6 49 93 65 10 39 87 4 11 45 37 28 22 12 78 0 59 14 71 27 30 52 60 50 76 56 98 63 48 3 94 64 61 55 92 28 2 24 49 97 45 12 91 43 61 36 74 88 82 3 42 25 67 44 10 3 21 40 72 29 82 15 13 30 99 82 21 81 97 58 91 62 46 15 74 99 51 31 47 69 83 43 32 65 82 34 65 29 18 13 48 88 49 82 85 15 44 6 8 65 25 15 90 7 21 90 60 64 39 1 60 23 6 50 45 50 65 43 18 68 11 49 12 86 44 32 50 22 23 51 89 17 9 39 83 62 37 58 21 
23 20 1 21 75 74 34 26 77 66 96 28 43 46 50 17 59 45 20 9 99 49 50 45 13 3 92 23 45 50 98 75 43 70 27 79 33 70 14 74 79 91 3 5 35 96 70 51 34 49 96 81 68 50 47 94 82 68 0 89 17 44 23 21 95 3 19 60 36 17 93 61 91 62 43 94 24 17 89 36 41 50 23 88 90 37 74 99 35 60 67 39 87 42 67 41 99 96 82 41 62 80 16 35 24 38 92 54 35 98 13 17 3 65 20 18 86 1 43 14 62 94 35 3 41 72 86 95 56 68 12 5 85 52 67 12 23 14 47 54 63 88 71 12 42 99 76 87 92 98 36 78 11 25 74 91 16 98 77 65 49 2 30 50 97 49 74 14 43 65 49 50 71 74 90 15 11 76 53 3 28 
2 17 19 46 15 14 42 51 4 19 57 34 15 53 60 72 24 41 5 76 57 61 16 79 58 59 44 63 42 33 3 13 37 18 79 30 16 77 13 1 60 16 57 92 61 80 77 62 2 14 22 49 49 40 53 56 7 67 87 0 34 14 95 17 97 81 32 31 64 55 19 16 2 21 76 66 47 44 16 60 68 18 34 98 20 49 22 97 91 75 61 48 80 20 49 51 33 1 63 23 95 7 75 40 60 64 65 75 77 90 54 91 71 55 96 50 59 80 97 47 39 39 43 59 71 43 48 4 66 96 38 40 90 18 90 58 13 24 67 13 55 83 94 67 97 27 60 69 29 35 37 35 87 42 94 34 29 34 83 4 51 10 14 73 23 26 12 90 97 28 5 86 55 73 9 40 55 47 90 70 99 
50 4 71 14 48 44 5 91 43 23 52 15 15 61 74 75 45 19 40 14 1 94 50 40 12 40 48 37 4 12 68 9 84 20 85 83 59 15 5 17 77 13 56 25 65 51 53 51 67 75 22 94 24 42 55 14 35 8 51 53 0 37 60 34 57 18 87 67 24 41 67 22 49 98 63 78 63 59 86 54 25 7 27 27 27 21 78 44 39 49 19 32 51 99 58 14 54 89 27 91 40 66 15 52 82 9 12 37 20 54 27 71 72 90 63 23 67 93 42 27 40 92 66 84 62 25 2 20 24 70 52 11 9 32 1 33 31 56 51 44 82 52 30 90 99 42 30 42 55 61 74 84 64 69 23 97 82 48 34 71 46 45 48 11 80 33 25 30 43 38 30 27 23 1 62 4 69 14 7 22 43 
56 69 62 68 21 3 9 96 54 66 62 49 91 72 55 32 88 13 61 73 68 70 90 29 39 35 49 39 19 95 34 35 26 44 7 20 37 30 93 10 19 62 80 73 94 36 98 63 76 21 62 60 59 83 48 10 31 81 49 59 19 0 4 66 59 40 56 9 65 32 84 92 84 98 90 26 59 67 5 41 8 66 81 64 4 47 94 16 65 70 41 35 66 10 5 20 1 15 52 28 71 39 45 61 9 54 10 95 99 31 31 45 32 67 79 51 6 37 77 66 23 63 26 41 82 37 75 17 78 6 94 97 30 46 64 45 4 98 29 61 86 88 58 47 49 35 93 34 39 4 99 36 86 57 64 98 45 73 20 28 92 90 8 7 46 67 6 9 22 79 46 34 20 6 74 41 25 45 87 65 31 
91 38 99 86 11 23 99 76 63 76 18 57 2 65 90 14 38 40 6 67 40 32 93 44 65 31 92 20 83 96 41 46 84 16 10 70 87 41 88 99 36 95 57 4 62 53 73 86 14 50 39 8 67 86 18 46 39 1 71 46 28 84 0 41 65 42 40 39 92 45 96 52 76 24 72 25 16 66 37 65 74 10 17 93 44 81 4 11 39 72 99 5 74 81 64 93 25 91 29 22 85 70 16 64 88 94 91 98 33 58 59 53 41 93 6 61 71 69 41 60 83 49 78 65 5 54 40 82 64 54 78 31 23 91 70 25 35 31 53 38 41 80 52 60 96 8 38 66 78 74 87 11 45 8 21 98 68 68 35 58 55 18 69 18 12 19 11 96 88 13 92 32 14 10 80 31 85 84 70 96 85 
96 84 7 2 71 40 45 87 41 33 53 49 69 6 8 35 24 20 82 71 28 52 38 32 55 25 50 47 72 85 25 64 81 16 74 59 28 61 83 90 13 43 68 74 94 62 90 84 28 96 37 62 6 56 19 95 25 98 51 70 85 40 85 0 94 81 67 3 26 66 79 8 87 72 15 47 35 82 65 34 7 23 17 83 34 81 9 36 65 48 39 97 34 83 63 45 98 67 20 14 60 31 32 50 21 91 4 56 41 56 79 49 46 92 49 40 50 2 78 17 83 42 96 37 81 9 23 62 44 47 47 22 29 41 89 93 62 13 6 70 84 1 78 51 52 83 51 68 43 12 44 11 6 77 48 61 20 4 91 5 56 28 11 36 73 16 18 53 41 15 53 82 99 64 27 89 15 71 24 40 55 
8 86 9 54 7 40 15 44 56 16 76 89 15 37 10 84 48 29 62 85 66 46 76 52 36 30 95 53 80 38 28 31 7 50 91 44 26 47 14 63 37 40 16 56 41 57 47 7 69 44 26 20 30 75 44 39 75 5 32 70 32 34 8 71 0 57 3 8 57 79 47 40 48 37 54 59 97 17 70 89 56 4 75 18 36 39 20 90 14 42 96 84 90 1 66 47 54 8 81 60 62 94 24 27 20 90 86 18 74 4 46 69 63 45 7 36 86 88 87 23 40 68 1 8 88 37 25 78 65 63 63 62 49 39 46 57 8 30 52 61 3 28 14 94 36 6 56 76 24 42 52 38 24 25 80 66 89 71 90 98 81 85 61 35 31 80 88 66 41 90 1 17 50 20 89 56 12 14 60 96 33 
22 94 62 4 77 44 14 58 99 27 78 47 66 88 60 65 64 21 60 80 86 86 21 47 26 29 63 29 68 3 83 96 45 40 92 45 65 56 90 19 49 45 51 78 87 26 4 30 84 88 94 11 28 71 9 16 95 66 19 38 87 25 70 28 51 0 99 32 62 23 1 62 62 76 61 38 70 51 31 55 80 27 84 65 29 64 26 25 91 47 15 70 79 70 6 10 60 24 40 52 42 64 32 82 5 20 67 65 39 56 39 51 33 14 62 48 28 74 83 75 96 59 2 19 7 33 8 29 66 12 30 96 31 94 85 34 18 93 23 91 31 19 32 68 35 46 92 54 15 23 4 55 76 99 31 46 15 89 76 34 40 9 76 62 52 43 30 48 80 78 59 95 78 60 87 69 49 77 21 90 82 
34 93 69 40 12 29 26 52 48 23 97 72 52 65 44 41 53 38 3 38 11 79 71 3 86 9 69 55 93 87 4 47 52 25 31 91 7 8 28 13 40 56 88 86 53 78 37 1 12 87 35 27 68 69 21 96 28 20 95 35 27 99 93 76 8 4 0 62 37 93 61 4 97 40 15 19 32 40 70 12 98 9 79 16 21 36 6 66 92 30 4 82 94 67 13 38 42 26 95 27 30 57 90 78 94 99 69 44 93 34 84 98 37 11 57 27 17 83 1 5 1 32 54 23 84 39 17 58 93 5 81 35 87 56 11 42 75 8 89 87 65 28 81 66 60 29 22 41 80 43 95 93 81 40 22 16 89 63 85 63 63 68 31 38 32 32 48 54 51 83 83 14 77 78 96 47 16 99 17 61 92 
42 97 85 86 84 95 24 4 93 8 76 8 11 89 15 27 33 74 63 3 47 44 91 44 45 95 6 61 4 75 94 41 58 91 4 82 46 65 96 39 42 18 99 61 70 18 92 27 97 94 23 65 22 90 16 34 44 49 45 64 15 33 17 66 2 17 73 0 45 26 52 8 11 47 53 15 66 69 87 81 85 79 83 66 37 85 16 33 30 58 41 18 82 55 67 27 91 30 83 93 46 51 53 14 51 62 35 43 67 91 35 16 89 85 70 12 25 91 73 77 59 59 77 37 90 46 63 20 80 49 1 61 42 17 48 59 45 63 1 21 14 19 97 93 45 19 38 67 58 1 62 78 75 7 84 33 14 1 61 85 31 6 53 92 91 81 43 25 70 10 73 61 5 43 92 56 49 93 19 69 15 
6 59 85 54 5 3 77 84 61 11 8 46 78 56 53 34 17 52 65 1 87 46 70 51 20 40 48 84 92 54 9 46 71 36 35 24 89 65 17 33 95 60 41 65 90 63 26 58 5 38 34 51 52 20 83 8 5 38 1 31 1 49 18 11 28 60 78 60 0 57 61 52 74 82 53 50 4 86 70 3 48 47 77 57 42 75 79 59 72 28 39 9 21 28 62 71 87 15 80 5 10 35 79 39 78 83 28 8 28 55 7 71 95 6 65 67 48 21 69 79 43 4 63 67 95 81 37 78 62 20 39 25 51 23 48 19 39 80 15 40 17 96 72 97 1 86 44 56 71 86 61 44 63 92 83 17 3 58 9 45 97 6 43 96 48 83 63 32 64 58 69 47 75 60 47 22 45 34 96 78 32 
93 49 20 82 91 93 7 77 87 63 36 1 10 44 27 77 37 6 18 39 18 62 63 2 86 47 7 82 93 47 43 44 15 97 23 69 42 49 15 70 12 84 83 51 89 56 85 85 85 8 23 89 83 28 14 56 73 23 20 31 36 89 30 65 30 26 1 76 8 0 23 71 33 31 56 35 63 65 16 5 77 55 26 90 26 75 12 95 95 9 76 8 75 45 4 6 69 54 92 97 27 93 16 49 2 1 96 67 14 15 51 53 28 48 97 35 85 60 68 74 98 6 28 76 7 91 76 44 92 99 2 46 41 85 6 22 18 15 24 38 92 3 56 39 58 78 60 64 33 7 20 87 59 78 25 28 75 23 81 51 51 8 44 9 6 36 19 61 51 62 50 67 55 32 99 50 71 23 5 5 95 
37 92 81 4 5 85 76 43 83 61 75 90 14 61 95 88 90 47 99 79 61 95 51 73 43 90 45 19 96 63 10 70 71 80 18 25 70 78 41 34 21 99 53 90 37 12 66 87 97 67 37 53 28 68 64 76 9 63 8 55 52 43 66 76 76 96 53 10 47 15 0 87 60 20 71 13 55 61 89 19 57 30 20 27 29 90 95 97 30 99 95 57 91 35 95 53 88 47 25 88 49 38 18 93 4 67 42 5 3 57 13 93 31 54 40 44 42 15 68 11 83 51 63 59 36 94 76 63 58 44 56 56 43 45 96 33 50 66 36 56 57 55 25 2 98 54 78 59 68 97 37 81 92 85 76 3 75 10 96 10 51 91 4 42 1 16 37 90 64 31 35 32 29 69 19 73 52 7 95 63 91 
43 7 61 18 88 57 62 41 77 70 89 43 37 82 11 63 72 34 99 36 18 78 8 67 91 67 20 64 92 80 45 83 50 14 22 22 13 62 21 78 62 84 28 21 54 63 94 25 97 47 71 34 70 28 37 30 58 13 89 16 25 80 47 48 98 32 29 78 27 98 52 0 40 38 48 63 97 41 29 98 73 97 91 21 93 21 89 94 76 78 27 98 9 20 3 57 63 7 45 93 50 39 60 57 2 41 38 97 28 92 75 16 9 5 11 40 91 67 73 51 89 67 74 81 95 91 40 15 22 19 1 19 32 19 96 3 55 56 53 32 25 21 21 39 85 30 21 4 57 84 71 43 96 48 8 58 33 43 37 45 43 85 71 93 78 41 40 69 72 89 24 61 66 60 61 21 9 3 1 70 69 
18 22 57 70 13 20 18 71 71 21 78 15 52 33 13 14 27 45 74 35 96 16 57 73 85 68 62 95 49 90 49 4 83 66 68 73 10 7 5 3 74 39 53 4 60 97 40 3 62 22 18 74 4 98 62 23 59 83 65 16 16 46 24 76 32 71 19 61 45 4 28 10 0 24 81 94 13 36 65 37 96 36 37 24 37 91 2 35 25 41 49 47 15 93 17 76 37 76 92 17 19 63 18 62 77 3 85 2 95 44 98 55 74 44 63 31 64 2 47 43 7 95 87 12 71 80 93 54 35 84 21 59 81 69 22 87 58 35 74 4 36 40 15 15 69 3 79 47 78 74 18 55 28 76 3 9 16 3 99 11 52 49 87 41 65 86 69 67 54 10 5 31 59 5 35 43 41 54 24 60 61 
97 60 84 13 52 42 41 70 81 3 98 48 93 7 98 35 84 46 61 81 49 25 72 65 49 79 50 78 88 64 50 6 53 35 68 94 22 76 43 68 35 25 4 70 13 46 63 78 66 85 27 5 1 88 23 51 25 33 50 17 34 31 37 11 44 87 84 99 36 66 83 66 46 0 58 65 66 13 53 82 74 48 74 91 27 87 31 83 99 19 45 84 10 33 58 3 1 8 99 76 42 59 42 5 24 38 51 27 88 2 37 11 23 25 92 72 98 21 30 99 43 42 66 32 5 53 73 41 8 8 90 12 57 60 74 80 84 94 33 46 42 47 9 22 70 41 26 71 87 19 60 53 17 16 89 92 30 71 69 86 72 91 16 29 4 44 41 99 91 3 1 27 31 32 42 49 59 65 18 33 31 
13 97 50 79 21 67 30 81 85 63 26 29 20 5 62 78 86 14 2 3 10 4 58 63 14 24 74 66 68 33 84 67 36 49 51 18 39 51 81 39 92 60 81 82 44 18 3 86 71 11 58 20 19 39 69 80 86 62 12 28 32 59 97 20 84 88 60 67 45 11 72 60 69 66 0 72 31 27 21 24 95 78 7 42 84 30 19 3 74 24 78 9 46 8 48 12 42 95 93 21 28 24 47 11 71 14 17 68 91 80 87 6 19 31 89 31 75 85 45 9 65 99 86 21 74 88 86 75 60 79 36 69 85 20 80 81 50 33 97 51 20 37 99 68 59 35 71 71 39 57 61 23 6 20 55 71 32 20 57 59 75 99 82 96 55 3 44 76 82 38 69 5 69 97 55 84 24 72 82 93 87 
16 31 78 64 17 29 3 7 78 13 37 49 2 22 82 59 24 86 41 13 33 32 68 56 52 45 57 26 6 63 21 69 35 71 41 74 8 5 27 27 33 96 93 40 49 98 54 88 36 68 76 44 29 64 90 70 80 57 59 57 84 48 92 18 28 49 23 12 40 95 30 47 26 87 67 0 89 60 70 61 10 75 7 55 90 9 64 70 14 62 91 89 43 40 25 61 24 4 16 61 23 4 22 6 41 57 25 12 25 71 57 81 64 82 20 88 68 78 41 8 61 25 23 1 41 86 52 92 38 89 63 55 68 42 19 37 95 74 5 40 43 4 91 75 26 10 61 74 53 54 98 73 67 34 1 31 44 77 26 66 17 89 98 78 14 70 80 79 12 59 79 78 19 51 20 22 20 93 53 94 83 
11 8 71 51 46 30 44 42 46 31 73 33 13 39 38 88 45 14 8 69 18 38 22 55 5 48 76 51 11 10 21 26 55 62 77 76 88 18 90 41 18 25 84 5 17 42 12 50 61 4 87 42 81 91 8 31 3 63 67 9 16 57 34 2 59 5 74 69 74 11 75 52 26 80 68 48 0 89 55 72 74 75 77 84 85 35 14 48 41 67 33 88 70 87 5 38 69 66 51 50 17 99 26 48 28 57 46 3 67 39 3 90 53 33 23 13 1 89 21 56 22 80 11 18 63 60 43 88 78 15 47 74 65 54 93 36 11 10 62 73 63 11 22 87 72 91 11 7 88 30 20 75 65 45 8 27 74 97 73 74 43 17 55 69 38 77 76 26 82 77 26 3 74 91 34 95 25 36 80 11 14 
15 45 63 76 52 30 55 97 98 92 31 43 48 91 9 56 63 26 80 72 50 29 89 44 18 99 17 7 72 92 97 13 78 26 70 56 2 10 13 79 18 48 16 79 94 54 15 49 98 63 68 43 51 33 33 23 40 19 79 55 66 57 12 72 19 60 45 42 44 33 87 77 17 58 30 4 18 0 44 8 36 39 80 89 70 99 71 38 81 7 59 58 1 21 60 18 18 44 75 52 10 61 16 29 34 24 96 26 48 80 25 2 44 72 54 27 48 20 58 4 65 40 80 65 84 73 26 69 15 41 42 31 8 85 49 96 4 9 14 10 93 67 11 52 17 58 98 67 61 79 85 21 53 60 49 63 87 19 61 24 12 89 11 8 72 2 65 78 55 71 20 25 68 90 4 24 53 87 2 8 32 
49 48 64 29 24 40 90 18 80 33 41 85 29 70 39 97 40 40 41 3 67 80 32 87 4 65 13 24 23 63 49 60 8 40 55 63 67 99 6 75 69 72 77 34 28 68 95 42 64 42 70 27 97 15 50 78 57 18 53 89 59 2 81 90 77 16 69 49 11 58 50 21 91 3 67 98 95 5 0 22 16 17 19 94 53 90 22 20 70 85 82 67 46 99 93 84 76 97 87 49 4 89 32 74 74 38 70 73 64 91 91 74 78 23 27 90 86 76 16 27 6 19 63 46 77 60 62 69 9 46 32 57 95 46 59 62 92 99 71 97 88 73 31 17 5 43 69 77 52 30 73 41 65 97 99 57 41 26 29 71 10 8 49 45 4 45 98 47 47 54 62 75 41 55 86 43 66 26 75 44 77 
67 38 17 79 95 8 85 33 97 82 48 96 88 3 20 93 93 52 91 25 3 32 14 80 6 89 88 24 51 29 27 91 7 96 6 84 8 8 63 7 69 72 37 54 35 43 85 66 67 98 76 55 34 60 36 8 41 6 51 44 45 49 29 92 16 29 85 39 74 66 74 73 79 94 76 72 42 34 40 0 81 84 17 79 87 9 53 47 1 66 92 76 9 98 71 77 46 97 24 16 1 38 30 19 58 42 71 67 97 75 93 67 4 3 60 28 38 73 18 29 52 27 10 7 5 18 36 35 98 16 16 88 71 78 47 98 8 44 8 70 94 25 98 57 48 41 57 39 79 47 73 65 29 88 87 76 56 60 3 60 69 9 5 31 20 91 20 60 46 83 76 67 54 55 87 9 59 17 31 2 20 
96 47 95 83 22 59 69 24 92 34 93 54 10 36 70 33 36 57 19 31 16 36 65 25 16 86 32 11 54 4 65 60 28 28 36 15 40 31 55 20 34 99 98 22 33 66 5 75 25 12 47 72 88 75 91 54 70 66 75 15 56 63 70 53 28 65 32 87 21 22 7 33 43 6 18 85 31 75 60 96 0 93 63 68 54 14 71 8 2 94 5 65 89 32 97 36 32 95 44 25 26 93 79 77 57 68 64 84 38 40 87 13 22 4 58 39 25 21 73 96 47 65 66 32 68 36 43 62 88 99 7 45 28 48 1 8 18 2 52 73 97 86 11 74 1 63 52 2 98 35 16 45 49 29 5 34 76 30 92 32 52 78 46 9 96 66 84 55 79 54 88 94 55 85 87 70 58 34 24 94 38 
7 19 76 60 24 76 19 46 64 98 67 83 70 11 90 92 32 68 9 84 83 56 75 74 45 42 59 80 74 31 33 66 56 62 8 51 66 44 40 25 22 58 72 70 47 75 3 12 80 90 80 19 66 18 65 73 75 8 27 57 15 91 42 29 98 30 17 90 59 44 57 56 84 88 34 86 72 92 59 32 18 0 91 81 61 46 38 74 64 7 42 29 82 34 60 14 12 73 18 54 19 81 85 69 31 3 24 13 50 9 37 62 2 69 50 33 75 83 86 18 57 67 88 91 96 31 68 72 25 71 47 78 85 45 92 74 77 61 90 46 75 31 27 56 37 74 3 40 85 24 30 78 6 86 81 99 54 86 35 5 4 6 94 73 86 73 76 26 6 48 6 96 42 15 59 45 61 44 84 29 57 
37 25 20 23 76 84 3 40 90 46 73 61 3 43 98 8 16 62 67 92 35 26 40 88 40 13 24 20 90 55 85 95 11 54 41 66 68 33 95 88 77 20 88 64 97 16 65 38 21 64 22 55 16 84 47 97 68 56 76 77 25 11 73 56 87 68 84 12 96 59 92 64 39 71 50 56 82 67 45 14 78 31 0 2 91 76 82 70 11 48 12 50 36 66 20 88 43 52 78 43 50 64 7 78 50 64 49 18 7 33 22 92 45 77 17 74 84 16 7 91 91 66 80 13 99 36 90 72 69 54 27 70 4 85 11 51 43 5 63 52 59 76 33 36 37 71 96 77 58 66 51 1 7 65 15 18 7 30 77 50 19 18 32 68 63 39 24 39 39 46 13 39 11 38 3 44 47 29 66 51 97 
30 44 62 37 70 93 87 65 61 81 82 21 55 13 24 99 46 74 45 66 2 39 2 76 89 5 30 38 69 47 19 86 6 30 12 86 51 45 89 21 24 27 59 33 2 6 41 78 37 52 83 37 90 87 9 4 25 35 13 58 41 38 90 37 66 9 90 22 4 79 68 26 74 52 44 55 86 52 67 8 43 63 83 0 65 54 84 81 98 9 25 62 93 56 57 68 46 1 85 24 17 94 91 6 85 53 15 58 45 63 23 68 79 68 5 36 9 67 65 65 29 52 56 86 72 42 72 93 97 24 9 74 70 90 61 92 3 82 21 60 7 21 15 21 17 72 73 60 64 68 17 86 18 86 4 59 17 92 75 59 33 3 28 91 59 79 43 22 81 64 20 38 38 54 44 90 48 60 59 51 50 
36 48 77 99 83 5 31 61 90 66 81 21 12 33 99 84 99 40 14 61 88 20 4 89 24 38 39 84 88 52 19 52 57 7 79 68 78 47 98 40 85 51 27 68 80 53 46 48 22 32 72 28 99 74 77 19 54 11 90 51 37 49 73 94 67 99 85 36 30 35 67 24 51 76 9 44 98 8 62 97 41 12 18 25 0 3 94 30 22 78 80 17 22 6 80 46 90 89 56 8 61 62 88 7 70 49 66 33 14 45 87 55 59 13 48 50 19 37 1 97 27 84 22 51 57 74 19 75 26 73 62 50 62 38 45 48 80 89 27 59 70 28 83 4 7 12 65 25 81 11 94 24 64 72 7 79 81 95 36 35 71 19 39 16 98 62 90 22 73 25 59 3 71 14 82 10 7 99 53 67 62 
39 9 72 63 78 33 92 54 78 98 90 40 59 85 43 27 15 68 30 44 70 60 76 50 13 66 70 5 83 69 14 50 76 2 5 68 89 72 58 7 76 21 19 51 50 65 82 51 40 99 26 33 35 81 10 45 76 20 61 46 89 4 75 16 62 83 98 81 56 16 80 1 91 83 34 70 90 50 11 77 18 83 84 24 18 0 79 56 41 76 76 74 18 78 86 39 2 49 29 27 67 13 64 97 96 14 63 7 84 76 17 79 68 76 75 80 40 28 95 21 80 96 57 93 58 57 90 51 20 27 25 55 40 8 52 4 27 92 93 25 66 81 37 94 85 5 9 62 20 38 79 77 62 12 66 70 54 95 71 29 60 72 77 13 90 40 27 65 96 11 29 66 89 84 55 66 55 95 63 52 36 
23 63 2 33 88 12 33 9 75 28 77 81 87 20 21 79 49 2 36 53 15 35 25 26 51 87 4 74 86 95 54 79 91 38 65 85 3 78 83 96 68 13 1 62 64 85 27 34 55 74 47 48 97 76 37 17 65 85 38 78 2 21 42 61 90 63 31 51 68 30 17 90 63 93 67 1 60 62 68 76 10 63 54 90 11 38 0 70 82 59 43 10 33 3 31 61 81 11 75 91 35 38 41 11 67 29 39 38 89 13 95 58 17 37 86 1 95 91 98 91 68 8 95 5 42 96 46 55 80 30 27 70 6 99 82 40 94 28 17 80 9 99 53 83 77 74 95 15 86 81 95 10 29 52 58 93 35 15 90 59 18 30 50 51 86 70 89 69 88 83 98 96 89 22 9 94 74 30 55 84 19 
23 12 91 82 70 18 49 95 5 54 90 5 73 76 59 26 5 12 23 92 71 65 92 46 72 19 28 5 12 19 58 78 91 90 12 41 89 11 21 10 54 21 2 95 48 22 64 23 81 24 78 84 56 6 9 40 20 46 90 67 95 6 88 48 53 95 3 12 42 32 10 38 81 43 74 8 66 9 82 14 32 96 88 17 56 30 28 0 48 57 58 94 54 88 47 42 57 38 24 89 31 67 65 32 58 87 49 2 52 80 99 82 73 82 53 13 71 78 93 63 27 49 45 4 84 71 39 25 59 8 61 69 22 80 8 99 64 62 58 46 26 60 50 73 25 10 31 47 94 22 82 49 41 62 27 41 58 45 17 10 79 92 42 32 94 76 46 49 62 1 28 20 35 81 69 44 16 2 15 94 78 
78 61 86 8 73 48 73 57 6 86 9 70 54 96 55 28 67 81 65 95 77 90 48 27 47 19 51 97 77 1 72 59 41 76 43 25 11 77 53 90 64 55 72 95 74 96 84 29 1 10 83 58 22 51 78 45 75 83 67 1 51 32 70 83 21 92 36 43 12 39 68 29 57 62 28 29 73 87 22 17 55 25 31 3 7 31 62 12 0 13 91 56 69 80 89 98 39 7 42 72 39 62 34 94 21 96 36 84 23 57 93 34 84 1 40 9 97 10 31 12 91 18 53 72 61 5 84 48 61 14 31 42 33 23 10 81 79 92 64 71 57 94 26 77 21 85 49 83 57 47 91 13 9 30 58 59 75 83 73 52 45 64 21 62 53 85 87 93 78 79 58 81 79 79 19 40 29 95 15 68 13 
91 90 24 69 69 30 11 13 4 90 43 56 83 22 11 94 84 15 88 17 1 97 78 67 18 93 39 12 31 8 76 8 40 43 88 85 78 23 51 86 69 94 12 12 36 15 34 63 99 62 95 86 20 85 37 44 93 9 76 18 46 47 9 95 12 90 53 65 74 4 71 45 53 98 91 93 45 28 15 36 7 65 20 34 20 31 80 70 1 0 58 25 16 22 6 27 99 71 91 64 97 57 27 8 66 14 8 57 39 11 60 62 32 40 6 17 9 94 61 1 3 58 80 94 43 74 1 27 19 80 77 57 15 4 14 74 34 57 85 69 31 15 91 58 77 28 73 74 99 4 92 98 22 95 88 56 17 95 80 70 36 30 52 78 1 16 28 59 69 19 97 50 84 79 68 69 23 97 65 79 20 
63 90 75 83 36 16 69 13 28 79 41 24 8 69 94 99 44 17 94 63 38 80 59 58 18 99 95 73 87 72 58 76 54 44 16 43 7 36 70 6 49 21 16 74 10 41 88 80 58 45 32 56 87 30 91 36 80 48 98 83 21 98 64 35 1 23 89 50 20 26 65 61 21 29 74 17 31 77 56 35 12 53 24 18 35 16 68 19 63 76 0 38 9 4 38 29 82 99 13 86 89 79 97 36 31 76 61 42 49 72 99 92 2 99 82 67 52 72 75 70 47 84 91 49 51 79 50 92 78 36 72 51 4 85 90 41 79 79 6 84 48 89 44 81 57 62 77 45 96 8 95 12 16 47 5 93 75 11 50 38 88 47 73 84 49 83 73 41 45 12 83 76 82 13 82 81 81 54 41 89 40 
50 38 1 78 21 69 29 8 96 16 57 73 92 68 14 71 88 39 55 86 93 58 62 25 47 65 81 58 72 16 86 45 75 33 57 72 37 96 15 80 95 66 95 58 14 99 95 17 34 96 81 58 47 85 42 3 17 51 18 30 72 57 4 89 83 60 94 7 43 98 40 37 82 84 81 50 5 88 64 32 50 67 24 74 89 14 50 12 64 92 84 0 76 37 87 6 89 90 38 95 97 87 54 39 95 35 38 37 54 35 12 99 24 97 84 53 65 16 57 84 48 42 21 62 83 67 60 98 19 31 51 73 78 4 9 72 53 71 43 56 58 21 20 17 23 90 79 81 39 42 38 77 52 12 51 62 94 75 63 80 59 30 90 6 88 23 94 98 22 71 50 41 26 43 99 73 82 87 35 1 13 
80 15 50 25 57 44 23 16 82 94 94 44 14 10 85 9 97 16 45 40 93 33 18 70 9 8 4 33 45 76 61 97 96 85 60 17 17 33 14 81 62 68 23 43 54 34 35 58 28 73 73 51 37 78 65 89 3 25 62 89 4 31 98 27 12 40 92 39 45 79 7 1 45 70 9 47 54 5 97 98 28 36 80 10 49 85 68 22 58 58 43 38 0 8 37 8 33 99 8 82 8 48 78 83 86 82 42 64 25 25 64 5 22 14 99 52 68 36 69 11 99 44 84 91 17 67 13 86 94 41 76 7 90 96 81 81 17 16 6 93 55 38 15 5 71 68 43 75 82 92 25 19 10 51 12 2 53 29 88 47 14 33 28 11 58 14 78 25 34 93 79 62 57 8 82 70 16 26 1 49 28 
35 13 48 82 13 22 60 65 21 38 57 95 18 42 59 79 35 37 44 91 99 39 94 8 12 27 75 35 16 7 18 30 8 16 92 65 65 7 46 69 95 59 42 31 4 48 92 6 73 95 16 23 99 4 20 58 67 42 32 91 52 46 27 77 98 28 83 65 75 37 76 44 15 17 35 11 13 22 19 1 37 4 19 13 28 53 62 54 36 23 8 75 33 0 5 61 25 17 78 32 81 1 87 15 58 18 87 50 84 33 73 82 58 13 84 57 54 72 51 18 75 60 12 64 85 61 98 91 77 57 93 27 89 25 72 51 41 41 72 10 90 4 59 52 29 93 69 83 55 12 36 6 67 76 80 67 78 43 58 92 72 36 87 5 3 41 73 51 99 38 21 94 61 46 26 56 64 61 16 83 16 
11 91 14 99 44 19 18 33 19 15 27 72 40 37 70 89 93 24 48 67 55 9 21 94 67 79 90 17 59 7 66 23 63 12 67 2 78 78 20 66 93 52 77 8 85 36 94 35 4 43 68 2 91 13 3 84 67 40 43 56 4 92 39 63 15 85 55 85 29 1 64 86 31 3 57 90 95 30 29 38 40 38 23 13 66 44 44 74 78 21 59 21 50 30 0 94 75 17 7 30 30 45 14 48 22 32 78 56 75 67 42 55 54 98 15 94 73 56 54 73 94 66 57 54 56 41 38 13 70 3 37 1 52 23 77 29 87 68 91 28 56 77 10 55 17 21 97 50 40 6 30 70 36 7 39 22 45 28 43 72 72 95 54 69 43 53 80 71 5 31 79 12 23 70 51 12 30 21 81 42 90 
22 91 32 20 42 6 48 56 20 26 30 76 94 28 93 38 71 71 87 87 99 50 99 38 11 90 22 97 29 18 84 45 88 71 41 37 26 46 63 73 80 73 68 77 77 46 66 66 23 17 95 4 44 4 13 96 23 47 44 76 41 65 75 41 70 57 17 69 14 30 36 20 40 91 3 22 19 83 42 43 43 31 21 20 70 96 51 3 63 47 23 53 3 25 15 0 82 42 27 96 96 15 29 37 53 21 32 77 63 42 72 24 29 97 57 84 85 71 9 5 6 8 70 57 7 48 24 27 38 19 12 94 13 71 49 37 89 56 50 48 24 57 4 1 61 2 31 76 27 68 93 11 64 14 30 88 95 93 13 10 30 69 32 71 89 74 71 41 50 71 9 22 11 3 78 72 35 31 54 3 58 
61 47 48 26 10 34 4 16 92 65 37 84 99 37 1 79 9 77 49 76 86 29 26 19 66 99 70 14 57 28 52 63 27 38 44 25 40 58 6 2 80 47 19 98 37 22 91 99 44 50 41 76 99 53 19 48 53 46 98 71 5 63 32 59 50 89 18 60 38 92 93 60 71 90 7 55 19 97 38 43 11 56 41 38 81 21 74 63 94 75 10 32 12 28 75 60 0 63 15 52 18 72 88 63 25 63 58 15 68 94 40 8 54 12 29 28 41 4 33 52 73 58 33 80 30 72 8 61 25 19 25 50 69 26 46 17 25 34 62 84 1 35 93 58 54 73 55 11 78 71 78 71 46 43 64 82 5 86 15 20 99 28 82 12 14 93 76 3 36 32 73 24 95 38 40 51 4 66 99 22 49 
97 54 68 31 15 10 81 67 84 51 37 34 4 52 82 20 89 12 74 86 19 52 41 28 12 53 34 54 32 78 47 39 15 97 90 53 99 89 41 98 82 28 33 79 24 16 30 5 71 19 3 8 60 63 84 46 46 52 90 66 40 58 15 97 44 3 32 81 86 2 68 57 93 78 18 3 9 28 9 23 25 48 3 53 4 53 85 92 35 65 46 66 26 50 27 54 51 0 6 7 9 21 81 52 48 49 57 76 98 43 77 18 10 74 44 53 92 53 38 71 91 80 67 86 65 96 72 27 91 71 75 90 81 2 64 86 17 80 5 80 92 65 7 76 84 84 77 10 64 11 49 2 28 31 2 62 52 3 12 61 4 36 93 93 17 91 40 67 92 99 57 8 67 67 82 57 92 6 42 11 46 
61 50 33 62 3 85 67 21 47 85 57 33 20 16 45 32 69 51 70 13 69 66 29 62 27 29 67 4 43 37 30 66 70 52 18 57 54 5 72 77 18 80 59 66 48 71 70 59 11 97 41 40 66 5 54 76 82 62 9 44 22 70 43 92 20 80 53 18 76 12 46 37 71 56 27 63 74 76 39 41 67 87 85 42 63 69 93 16 87 93 73 93 84 66 86 14 3 45 0 21 42 33 39 18 66 21 46 33 65 18 93 47 45 94 30 15 82 69 41 71 74 84 61 88 65 54 53 21 52 98 87 47 12 1 91 25 44 30 41 67 15 99 47 74 91 85 54 15 71 43 60 64 74 82 88 20 49 5 73 15 29 18 63 66 50 9 86 98 11 13 48 20 16 87 54 77 74 34 91 18 74 
93 5 45 4 66 97 75 61 68 74 43 99 41 41 75 14 96 67 4 19 52 83 14 14 99 77 43 71 64 73 26 28 1 17 57 81 64 34 86 19 49 44 55 17 90 66 95 32 85 46 92 22 19 29 20 56 14 20 67 42 73 59 92 25 30 89 9 29 25 41 37 92 1 87 60 47 63 24 17 8 46 29 20 86 63 13 59 87 23 28 68 4 89 82 35 32 40 36 39 0 3 20 29 88 39 70 28 19 26 22 18 51 33 71 84 91 34 44 22 73 19 70 5 27 15 16 80 6 52 27 12 46 66 97 84 3 97 19 10 63 38 84 48 5 64 63 56 12 17 5 38 62 71 12 17 69 99 97 51 64 8 81 30 10 95 47 45 8 23 47 44 28 95 2 68 97 19 36 74 8 85 
38 3 26 36 90 99 14 60 86 88 11 89 89 32 8 82 3 80 28 18 1 31 6 69 89 50 12 39 25 91 55 39 65 95 86 92 68 2 18 6 93 89 32 91 76 31 72 92 75 36 4 83 62 53 29 9 87 4 53 77 51 45 45 55 52 34 5 32 95 72 83 95 3 46 81 73 7 31 91 27 27 65 10 86 87 10 70 76 62 33 88 72 56 97 63 47 64 9 39 52 0 98 70 26 49 55 61 55 38 70 64 7 52 37 4 16 68 52 43 87 95 48 3 50 51 69 41 1 14 78 22 45 6 91 66 28 80 1 23 71 23 28 33 39 77 22 31 77 65 62 77 65 98 50 29 44 31 34 17 93 52 59 99 51 94 86 45 48 67 23 93 36 66 79 62 81 49 14 6 90 85 
20 49 78 28 46 15 97 99 34 48 30 14 52 84 21 25 4 85 69 20 44 11 79 16 17 77 5 10 30 53 11 69 15 39 34 94 26 34 70 73 84 7 98 15 2 23 71 94 91 88 56 34 52 34 25 53 83 76 3 99 53 79 74 78 4 95 17 70 83 48 26 82 97 97 6 76 83 91 30 29 45 1 55 25 37 68 29 46 87 61 99 49 24 43 8 17 55 29 91 5 37 0 90 8 69 47 63 59 36 52 92 83 45 62 36 94 55 25 82 95 70 17 82 45 21 33 94 65 74 41 38 2 23 18 22 63 6 53 65 47 71 38 22 72 92 53 86 29 17 55 73 93 15 50 60 80 76 4 79 58 14 73 4 37 16 23 64 88 43 57 77 11 49 44 55 31 58 12 99 67 6 
71 27 91 18 49 54 8 75 32 75 87 34 99 77 38 11 36 73 71 27 24 57 96 27 19 72 65 39 99 5 77 59 70 91 82 98 23 31 26 86 78 57 50 60 47 92 33 95 84 42 84 63 15 22 98 6 64 77 52 46 11 98 29 41 50 97 38 90 55 8 70 64 96 85 7 34 51 66 22 54 54 12 76 55 43 89 17 26 4 43 83 49 46 71 40 88 56 73 52 57 73 56 0 83 33 28 42 49 72 85 13 93 15 8 30 74 31 75 41 15 1 57 42 48 40 49 51 39 8 83 48 5 11 86 79 15 64 45 40 99 15 70 49 95 77 99 22 75 82 68 11 15 31 27 73 89 27 55 44 89 97 31 90 69 27 16 52 87 80 93 18 98 19 61 93 60 16 3 69 67 52 
80 26 92 34 89 59 81 33 33 67 55 85 98 1 55 6 35 21 57 9 39 15 23 10 5 85 73 98 17 75 73 14 39 21 10 15 95 2 29 55 1 81 59 47 10 62 45 98 27 52 40 55 39 44 75 10 11 45 4 58 61 70 80 53 68 87 42 47 43 60 37 41 49 57 53 26 96 24 34 22 10 20 26 8 97 60 41 22 3 44 70 55 1 57 88 93 92 56 88 92 76 6 9 0 74 74 28 71 70 16 56 82 93 43 38 58 18 29 28 88 79 51 40 78 14 85 7 95 62 2 48 81 71 44 9 67 84 78 99 91 52 58 17 97 52 33 26 24 56 52 16 61 61 67 75 52 3 40 34 43 39 30 96 36 40 21 6 1 57 17 58 65 83 2 43 71 91 34 4 67 92 
76 78 18 55 43 67 19 79 89 82 57 99 93 65 12 64 32 56 4 99 99 58 11 31 27 59 80 17 91 31 69 84 82 67 66 9 31 86 95 4 87 47 92 26 69 7 30 5 18 82 69 92 69 54 9 45 70 79 39 53 1 15 25 53 84 40 83 46 87 28 94 21 85 11 33 81 67 47 23 9 6 20 26 30 62 92 53 9 71 49 74 81 84 50 32 80 9 2 66 27 68 35 13 61 0 72 39 40 51 68 14 32 97 65 82 57 85 18 91 9 13 31 48 6 75 5 25 9 15 15 35 68 65 19 22 83 55 12 52 84 38 22 42 16 24 80 29 94 71 73 29 6 86 76 4 73 93 49 63 20 4 79 20 53 58 94 2 74 12 91 22 27 68 67 75 5 96 66 35 46 13 
24 57 17 21 91 96 69 86 23 39 67 52 14 3 53 58 42 36 86 38 24 41 93 41 55 60 88 99 42 18 40 90 61 79 65 10 54 6 12 24 64 30 3 17 62 31 92 6 24 23 98 95 72 15 68 37 2 52 1 63 20 79 1 40 20 39 81 29 51 64 46 2 75 49 97 34 55 29 39 11 82 90 42 52 72 29 50 11 62 65 52 81 32 73 35 3 72 93 66 64 51 92 90 83 34 0 40 66 95 62 47 76 66 35 52 63 91 44 27 44 86 22 72 22 45 62 87 18 5 4 36 63 9 36 99 29 97 33 49 72 79 69 82 3 20 39 89 1 9 69 41 71 38 72 66 4 51 45 33 87 91 46 30 56 76 59 84 15 91 49 67 76 26 16 28 95 96 75 24 72 66 
21 47 91 52 16 58 78 55 5 10 45 8 76 85 1 96 88 50 86 76 90 66 34 19 60 16 5 42 71 99 22 4 82 9 98 78 22 60 54 24 60 18 44 94 16 78 55 35 43 77 18 63 68 21 87 31 68 39 29 22 11 77 3 43 69 97 5 22 14 51 43 57 64 53 62 83 20 87 33 82 89 27 28 34 66 62 48 96 90 63 55 4 87 54 84 8 23 26 68 72 23 79 51 3 6 84 0 48 90 83 2 89 45 77 43 45 3 36 90 32 20 35 96 68 37 87 77 97 19 46 21 77 23 50 77 54 27 86 59 5 2 54 80 74 10 52 77 27 17 54 37 60 52 95 61 76 68 69 80 65 83 61 93 6 57 59 49 59 58 83 85 60 26 50 29 88 16 92 24 13 96 
54 18 46 98 27 58 99 90 48 83 9 54 83 22 46 19 2 12 70 81 71 44 35 54 71 35 4 69 31 23 17 43 85 9 89 36 31 59 92 76 90 55 71 14 49 35 16 71 40 99 96 26 57 93 66 54 34 60 71 41 5 72 95 77 76 52 34 54 61 80 85 92 56 21 40 70 37 96 49 78 89 97 95 32 25 68 95 5 74 95 35 97 10 39 84 22 75 76 30 84 64 84 71 14 64 53 75 0 15 49 21 77 48 69 35 57 94 90 13 87 15 73 82 93 51 23 87 87 27 74 99 17 78 17 77 17 87 30 11 64 55 3 85 27 95 41 53 46 8 19 99 56 92 3 52 14 37 15 84 84 15 18 65 73 12 85 93 51 58 66 10 48 62 65 58 78 87 83 15 1 89 
11 98 89 93 15 43 75 75 53 21 87 90 79 43 1 75 18 39 49 5 28 73 8 14 71 12 4 33 20 88 24 91 90 42 83 61 55 69 49 66 71 87 56 36 87 68 76 87 75 17 96 45 18 12 77 12 93 53 96 16 81 17 15 2 33 7 41 16 60 75 71 24 31 20 98 67 15 16 92 84 30 16 77 53 84 93 61 11 94 54 96 29 74 93 20 46 48 44 11 87 60 8 42 55 8 99 4 18 0 3 66 40 80 43 21 67 50 17 87 80 84 62 6 5 15 84 29 76 48 93 25 9 52 94 36 10 38 63 40 57 74 53 89 36 1 83 61 80 29 68 16 53 10 50 32 38 11 22 31 78 58 64 38 38 87 75 44 83 7 22 42 75 28 40 85 82 62 11 15 1 20 
99 8 36 72 36 28 95 6 90 63 61 37 87 97 2 63 58 24 97 76 3 97 86 78 60 93 4 95 72 93 22 25 70 60 90 66 25 20 47 38 10 89 31 54 96 76 39 28 14 78 64 79 54 62 6 80 44 10 32 62 72 60 64 9 88 4 88 11 8 36 92 4 47 89 14 22 52 50 1 90 77 74 19 24 23 47 6 20 8 11 83 77 50 39 78 32 51 38 65 48 45 97 96 45 27 98 85 26 68 0 90 15 15 69 16 3 21 47 64 30 37 75 27 79 55 57 33 28 60 40 65 40 29 15 15 62 22 40 2 2 81 39 76 22 6 64 53 43 39 46 75 11 77 55 78 51 90 18 65 29 68 20 31 63 6 39 79 86 61 48 12 59 28 82 67 43 64 98 56 47 4 
66 38 93 94 70 92 67 30 11 31 38 34 27 50 70 36 50 97 67 99 8 97 6 3 89 89 69 99 29 8 34 48 67 97 89 16 65 85 21 83 21 17 60 95 89 24 88 15 95 30 67 45 70 56 56 30 6 64 54 63 82 31 19 77 58 2 51 11 28 5 76 76 95 72 8 68 9 24 45 87 68 98 10 75 5 82 71 89 44 20 97 99 37 16 25 44 93 18 27 2 50 4 42 47 98 53 5 90 36 10 0 22 11 88 68 5 7 68 39 9 16 30 74 61 3 80 3 19 49 68 89 71 66 68 2 93 28 55 56 76 52 43 29 22 70 48 11 15 86 60 24 9 83 80 33 71 71 87 49 40 85 54 80 16 81 69 18 31 61 26 80 31 89 73 19 20 27 20 22 59 7 
64 75 40 62 95 16 47 52 2 66 57 13 40 17 7 40 40 67 41 39 73 41 33 82 34 88 46 33 68 1 15 50 88 1 48 19 15 67 50 41 1 8 23 84 89 18 2 28 6 89 42 7 97 11 66 33 12 75 95 11 92 61 66 50 24 28 30 51 87 90 53 78 90 19 27 49 48 23 86 93 80 41 2 22 47 55 64 58 64 61 31 88 34 72 82 6 4 55 40 38 43 66 24 95 83 84 7 4 58 16 35 0 11 18 24 83 4 46 46 5 44 8 34 75 73 93 18 84 28 4 56 74 15 46 79 16 86 94 62 96 77 74 82 29 32 66 66 30 93 31 59 94 84 80 61 93 46 13 95 4 12 48 28 5 83 26 12 11 84 58 73 5 18 56 85 84 15 78 2 54 84 
26 2 70 26 28 5 55 37 33 40 71 10 68 98 81 87 69 60 56 62 44 30 67 84 43 59 44 90 53 61 77 79 48 42 25 87 15 15 5 30 89 36 38 46 86 57 10 6 69 98 62 77 81 16 26 59 35 54 5 26 61 90 84 28 87 85 12 64 53 40 63 13 83 77 71 4 33 51 83 74 4 85 35 28 76 8 40 59 76 18 59 58 51 33 21 22 69 39 3 85 32 45 49 29 12 83 30 49 13 69 28 12 0 22 93 28 36 2 65 73 83 37 3 47 43 4 63 88 1 28 92 72 79 29 58 58 93 56 26 69 67 25 47 76 88 25 16 91 58 66 4 21 74 17 6 18 66 96 29 74 41 58 4 53 52 22 3 1 20 28 38 72 85 94 84 30 52 48 50 10 70 
85 31 62 60 1 76 58 94 68 69 47 20 33 67 21 22 28 89 42 89 60 78 3 79 29 24 84 47 35 65 50 64 66 90 68 62 49 84 55 44 29 44 42 53 90 27 43 92 30 47 31 60 42 60 90 23 25 70 15 85 3 69 24 46 31 5 83 66 73 61 89 34 81 36 78 60 56 43 96 21 87 76 54 19 35 60 61 12 46 6 15 2 73 45 53 76 51 64 51 67 13 28 96 9 22 32 50 37 77 59 5 10 66 0 35 35 16 92 59 7 80 62 55 76 46 8 76 39 70 73 19 95 21 15 68 74 91 77 1 85 98 65 92 9 24 58 69 77 16 58 13 77 66 39 85 62 86 69 76 16 86 90 66 50 40 33 76 87 6 46 32 87 79 26 78 64 54 7 91 17 42 
85 49 66 16 28 67 17 8 66 69 46 84 48 51 28 64 42 46 70 34 94 54 7 77 73 21 82 70 3 43 86 10 74 90 49 68 61 37 74 49 94 93 1 29 49 73 92 82 52 21 96 2 81 47 6 5 10 16 1 24 88 4 15 55 61 93 73 25 83 92 67 98 98 82 77 80 26 25 81 39 97 12 87 17 14 80 26 2 53 53 79 3 10 89 96 65 70 49 32 21 56 19 79 99 39 45 67 12 20 46 82 3 53 32 0 2 64 56 12 55 91 69 57 38 64 41 35 36 73 52 40 85 72 8 44 43 54 34 77 53 80 25 72 83 57 61 82 74 69 78 37 80 31 11 96 17 71 63 88 24 39 82 43 9 36 64 26 71 72 62 99 43 99 9 46 67 45 29 1 40 34 
92 73 93 94 20 82 98 75 70 88 24 24 90 45 88 49 78 86 56 21 91 44 42 84 61 5 64 76 24 62 23 11 71 2 33 98 57 95 48 16 25 89 77 67 85 88 83 60 18 67 35 62 94 28 78 4 22 4 55 60 37 50 90 56 87 47 35 98 27 95 26 75 41 34 61 66 32 73 18 74 21 66 7 98 72 69 49 90 2 33 23 36 81 87 53 59 72 74 56 4 60 4 6 93 33 11 34 23 44 86 56 31 61 84 80 0 24 9 56 48 36 63 24 41 90 81 53 3 33 58 38 59 4 19 7 91 48 98 1 63 87 52 5 73 12 61 22 34 86 87 44 43 55 39 11 83 21 23 43 69 14 22 79 20 99 30 20 4 62 42 80 96 11 78 13 83 46 77 30 82 99 
3 53 18 53 32 89 72 30 23 2 92 88 24 34 82 89 85 66 8 63 27 97 83 17 14 69 84 70 10 97 97 86 70 36 65 24 13 64 90 63 85 26 97 18 52 27 72 25 18 19 4 61 25 21 26 8 99 93 85 46 24 3 9 59 24 47 12 23 35 6 43 6 52 78 91 21 5 55 58 15 98 96 34 73 47 91 41 56 25 93 84 80 59 29 57 46 86 11 9 60 5 11 13 21 9 21 76 32 7 74 73 16 51 83 50 71 0 52 46 27 8 92 67 37 50 49 75 76 4 63 30 28 85 49 81 33 97 31 7 13 28 29 98 35 10 82 36 92 5 41 41 5 17 16 11 12 67 51 83 44 42 11 56 54 93 24 74 33 61 73 1 1 57 9 86 97 47 79 2 67 25 
9 45 91 79 71 86 79 50 71 99 66 71 79 53 53 82 17 58 86 84 43 8 49 70 47 44 83 45 93 71 99 95 48 3 83 70 27 64 43 53 6 53 76 54 23 16 93 85 2 14 66 9 83 39 72 63 15 80 12 14 25 64 36 41 31 54 46 20 63 32 64 25 12 11 56 47 86 67 65 2 33 54 58 33 79 70 77 10 50 49 87 66 93 57 89 82 12 84 74 37 72 4 35 87 96 75 96 12 51 66 85 61 60 50 87 61 14 0 45 77 45 79 98 7 63 19 78 20 67 71 98 90 28 48 63 62 25 59 14 57 29 72 76 70 29 85 40 10 57 76 94 3 36 95 35 91 73 88 43 28 6 69 69 68 82 86 29 41 26 90 46 93 63 74 25 94 59 64 45 63 22 
93 3 61 30 4 63 46 97 49 43 96 99 52 94 30 40 25 69 15 10 22 79 52 79 44 53 39 40 1 18 16 26 37 2 85 9 48 68 50 34 61 7 74 69 4 56 9 61 26 33 22 63 65 68 74 84 34 36 20 5 2 87 95 18 47 42 97 48 28 2 68 29 6 39 37 73 22 67 1 15 13 11 24 29 75 52 52 79 58 72 58 48 76 82 62 80 81 57 42 27 26 59 92 49 49 87 55 90 89 71 54 60 66 51 41 3 12 69 0 38 64 44 41 97 31 73 93 45 61 23 58 50 47 18 34 15 17 38 75 19 4 35 51 8 17 32 63 69 52 79 85 7 89 83 62 47 93 71 46 99 20 34 11 71 66 43 80 24 58 22 35 9 35 84 51 51 79 90 74 46 39 
54 95 56 41 34 72 51 9 12 25 70 62 64 99 21 21 43 1 53 90 59 80 28 20 76 93 78 46 45 47 89 57 85 44 8 86 88 53 79 3 14 75 6 50 71 9 20 42 47 35 39 2 26 42 66 5 74 25 61 57 23 80 63 60 34 76 50 77 98 91 66 77 63 55 88 25 20 66 86 11 17 35 84 68 11 26 10 87 71 69 89 63 39 37 48 3 41 89 80 56 3 9 99 43 96 20 79 24 68 34 75 54 25 18 93 45 89 49 85 0 36 36 8 36 13 79 72 56 8 86 86 78 57 11 35 23 67 89 50 15 5 70 5 44 36 41 9 90 84 86 80 93 39 69 71 8 83 15 11 50 57 3 48 43 25 31 5 25 81 98 73 72 97 65 16 49 91 48 98 73 72 
83 96 84 55 76 43 67 93 5 60 77 94 78 24 47 68 4 3 8 84 55 8 53 36 34 23 79 3 51 43 32 63 59 20 80 34 17 76 58 51 31 7 4 82 52 96 11 6 63 17 59 72 36 86 64 68 70 46 39 84 62 18 27 56 45 42 74 42 28 28 65 62 76 24 97 69 17 19 59 85 63 40 51 39 66 34 18 54 87 99 14 32 5 84 42 29 83 99 48 12 4 70 21 59 66 76 48 94 33 91 5 83 15 65 45 41 46 32 3 68 0 12 99 53 92 78 50 46 41 48 96 71 22 81 31 69 88 93 76 54 58 26 71 6 39 10 59 84 71 23 33 97 78 98 20 70 45 45 11 76 25 63 85 69 92 51 7 10 74 82 79 49 39 83 98 7 61 35 65 16 23 
91 34 93 11 76 41 53 93 36 50 11 66 46 43 79 5 69 82 97 63 16 41 33 8 98 62 24 43 69 29 37 15 9 71 29 37 65 35 23 11 50 24 54 46 76 99 55 42 18 56 23 20 15 53 93 97 79 75 8 36 88 17 37 22 59 70 10 52 84 61 68 78 48 8 96 68 69 53 81 20 12 39 30 10 80 93 19 58 53 67 36 60 96 72 8 35 88 65 46 31 49 71 46 96 16 84 93 35 53 11 86 72 81 97 80 52 30 14 36 30 37 0 60 27 69 57 9 63 27 37 53 41 20 75 63 88 68 78 88 81 5 10 5 80 31 62 25 11 22 99 54 53 81 40 81 10 97 99 56 61 44 99 86 78 80 77 49 9 84 17 75 11 64 61 30 89 70 33 56 2 36 
41 89 42 39 66 90 67 28 90 93 43 74 1 78 12 34 75 67 61 39 28 77 26 76 97 31 78 11 45 42 96 69 51 13 29 9 59 7 14 23 93 47 84 53 70 30 78 54 43 28 87 96 84 59 52 26 43 80 2 30 47 42 75 80 7 31 24 69 27 30 62 73 62 35 58 50 42 68 40 14 81 32 6 78 61 40 28 93 75 95 84 76 18 98 61 21 49 84 33 84 77 38 44 79 9 55 57 39 20 81 54 71 39 78 23 53 97 91 30 41 87 87 0 48 59 50 40 65 8 81 59 42 25 29 99 15 10 72 1 99 50 87 69 44 76 86 91 17 12 80 78 1 75 53 2 7 3 56 8 64 19 34 54 43 88 56 19 16 3 56 19 76 43 69 82 69 28 91 56 37 81 
50 50 89 8 91 77 35 23 26 90 55 5 8 9 57 15 19 98 35 95 77 7 26 74 34 15 56 72 56 26 74 68 61 80 91 29 87 34 68 78 7 17 21 52 60 23 68 96 65 32 13 59 30 43 65 92 44 61 4 75 67 93 4 72 19 92 58 11 64 58 42 85 48 49 47 54 82 56 74 7 39 8 71 61 64 10 56 85 58 94 69 21 76 53 47 4 96 58 84 69 27 20 97 88 63 66 55 25 77 87 91 84 68 86 55 46 70 3 46 7 12 51 81 0 73 72 66 82 68 60 38 22 25 1 61 42 47 16 52 36 30 87 86 47 63 93 94 45 5 19 72 79 55 16 10 47 4 65 21 69 10 33 86 99 24 62 22 61 34 8 72 51 96 57 55 46 34 99 31 6 35 
15 49 97 16 88 2 39 5 60 57 27 66 78 23 87 51 1 75 59 55 40 69 30 85 88 23 47 17 23 52 72 41 14 97 53 42 8 80 56 55 91 59 5 22 95 94 61 6 40 93 42 10 12 22 19 25 68 39 60 6 77 52 84 65 80 19 34 53 99 70 3 40 63 82 95 95 76 81 42 30 23 23 92 47 86 98 40 94 29 94 58 52 98 51 74 63 43 42 85 19 27 69 80 28 99 58 69 31 86 19 38 78 75 35 23 64 45 46 88 87 64 20 27 87 0 3 5 10 20 20 54 52 89 3 22 83 83 8 26 28 14 55 48 55 2 79 41 27 10 62 13 76 22 64 89 17 51 84 93 57 72 85 61 24 41 5 72 60 57 92 63 29 25 78 57 35 56 69 69 39 58 
34 19 11 14 81 65 19 55 13 4 60 29 8 38 12 49 89 77 37 95 16 1 86 88 86 50 47 90 81 73 43 42 87 42 13 11 80 12 60 39 88 19 41 90 72 14 28 42 91 71 26 66 62 1 85 11 38 85 99 63 43 30 87 41 58 7 72 42 53 5 25 7 55 22 16 97 81 57 51 39 35 43 36 54 21 97 49 41 81 74 68 43 45 37 75 25 24 69 46 26 57 19 18 4 88 49 69 69 96 24 21 19 93 40 32 27 52 44 64 86 39 21 73 50 67 0 41 5 48 34 69 68 30 91 65 6 21 26 78 52 70 58 70 75 43 59 53 41 8 33 52 80 54 27 20 96 16 23 41 99 95 45 62 33 1 38 30 18 40 27 88 68 31 89 25 1 46 10 35 22 68 
27 89 60 51 25 34 52 96 9 54 19 31 33 88 78 66 3 67 47 28 64 2 54 93 71 87 83 23 54 43 73 19 79 14 68 44 6 26 54 42 66 40 5 10 11 68 24 91 59 77 43 2 22 28 10 10 69 26 45 68 27 92 14 15 80 35 10 55 11 66 98 62 89 38 19 10 26 13 32 18 39 98 18 5 38 98 59 99 90 55 10 83 71 99 84 70 31 74 8 92 26 93 70 18 15 29 13 25 48 19 32 93 86 26 93 20 84 39 41 43 13 43 92 28 61 85 0 52 16 64 23 56 70 95 85 74 66 64 98 74 75 95 67 79 64 35 49 90 49 61 60 44 19 47 56 20 29 47 39 14 73 62 69 67 41 8 84 43 37 16 36 91 1 97 66 65 57 7 22 85 23 
79 90 8 59 40 59 15 60 15 11 38 48 61 10 46 92 44 78 76 85 23 94 32 14 14 94 27 26 32 76 74 75 69 35 21 17 50 63 69 4 10 87 78 79 83 60 89 72 26 84 5 16 11 75 26 7 49 78 19 57 81 4 39 63 20 81 19 99 93 16 37 63 82 81 11 51 7 5 94 60 20 19 24 46 19 91 12 95 12 18 4 66 24 42 16 36 52 3 43 16 13 13 34 22 58 58 44 81 69 71 19 83 50 29 62 68 51 91 26 5 38 79 26 88 31 91 85 0 98 76 11 47 30 74 96 89 90 17 2 47 36 29 5 61 95 97 66 58 68 51 46 35 33 38 46 69 42 71 65 19 36 99 38 20 51 34 95 87 66 74 30 53 47 77 34 93 91 58 44 24 18 
20 86 89 98 4 48 64 3 5 81 39 99 46 1 29 24 34 33 55 99 54 17 1 11 46 60 26 25 9 82 40 79 37 42 93 91 92 94 99 47 53 22 41 7 78 16 57 68 70 52 2 20 83 24 75 11 15 78 13 15 93 91 23 36 76 32 72 71 13 20 44 1 7 52 5 24 36 28 55 24 79 88 21 47 82 43 50 14 29 55 34 87 78 81 86 52 96 54 8 44 44 64 2 29 57 39 44 67 1 91 11 43 69 60 44 64 55 26 62 56 68 93 41 91 33 70 72 21 0 24 64 71 22 68 74 72 82 74 1 29 61 58 56 45 27 93 6 17 41 30 11 57 81 71 83 86 69 25 4 60 69 95 47 22 53 96 60 23 75 36 89 20 2 63 47 36 2 4 70 66 18 
83 93 49 70 28 34 7 28 17 74 71 11 45 96 87 23 20 39 80 83 13 75 27 70 71 3 13 85 91 54 6 40 31 47 63 59 4 98 14 6 64 90 21 3 23 9 5 71 37 60 95 6 12 16 97 79 38 92 62 90 1 41 14 56 99 89 79 50 6 59 79 31 36 2 86 61 20 88 68 19 52 53 65 74 50 87 39 82 2 70 63 93 25 51 76 15 75 53 32 49 54 98 5 4 34 49 81 27 3 96 35 43 2 72 73 53 23 92 20 29 55 86 65 90 81 58 90 84 91 0 46 78 32 4 97 37 44 28 96 71 8 80 71 96 59 83 39 23 22 54 13 17 59 25 95 72 36 15 76 51 33 45 5 86 13 50 8 57 22 83 68 36 99 61 28 79 13 23 69 53 13 
55 40 99 16 89 51 82 13 49 68 30 35 34 75 6 45 89 35 26 60 6 46 27 32 19 23 33 94 30 93 92 73 71 39 48 77 1 14 80 79 75 57 82 58 12 82 56 67 7 62 37 24 60 27 36 71 34 81 67 65 20 43 23 81 31 81 88 47 39 19 40 62 66 44 42 67 70 30 36 38 93 45 14 91 4 12 54 8 58 35 41 23 57 87 69 52 60 67 48 55 73 21 40 69 21 40 6 50 19 46 88 12 16 14 86 32 42 70 61 89 22 30 93 76 70 33 81 19 94 84 0 49 97 14 5 21 9 77 51 13 22 88 16 56 80 10 11 1 64 17 16 35 10 84 52 45 80 10 15 95 64 55 5 68 43 83 61 48 22 57 68 70 91 67 35 92 9 94 19 44 63 
80 80 75 26 43 60 69 83 34 53 80 66 54 27 58 4 24 88 56 34 11 79 72 60 79 10 69 16 64 55 74 1 15 62 21 50 15 60 72 91 74 87 72 7 62 52 64 46 74 74 45 83 24 12 35 69 17 51 10 5 84 33 82 40 35 88 18 65 56 62 54 10 54 89 72 91 58 73 58 50 98 19 9 32 19 77 47 1 7 28 4 34 28 28 44 38 53 13 2 49 12 61 78 39 17 81 56 81 83 61 93 22 13 52 38 41 4 86 71 24 53 37 18 16 86 49 87 19 95 56 42 0 68 19 96 53 30 3 28 41 22 3 51 48 11 13 82 97 90 91 26 58 28 55 14 64 78 90 40 17 95 88 18 57 32 71 54 63 67 23 40 59 38 40 63 53 92 25 72 31 18 
38 34 1 91 22 32 73 80 43 95 44 36 64 76 75 30 27 42 76 58 79 52 26 82 71 19 17 39 43 56 82 73 13 86 91 17 77 44 95 79 4 2 54 17 67 82 34 42 2 90 48 99 87 57 47 6 46 4 30 8 37 91 20 27 33 35 32 57 88 57 4 37 8 53 24 22 1 74 27 85 56 48 76 71 48 56 20 38 9 78 71 2 86 45 61 43 74 6 72 75 31 9 30 68 2 70 71 48 93 25 93 83 21 90 5 21 92 85 99 28 27 9 79 75 3 64 75 33 77 82 50 15 0 16 6 54 56 54 56 16 93 29 62 73 87 14 60 32 36 34 28 71 65 96 12 66 12 88 31 62 69 72 44 29 65 43 31 4 81 94 53 23 87 46 50 16 35 22 82 9 63 
89 60 32 75 15 35 21 80 48 45 56 53 66 75 3 96 64 98 56 36 4 31 16 64 67 60 95 17 90 1 26 47 66 63 70 41 77 55 27 94 33 81 43 57 81 24 44 87 98 13 3 88 87 95 7 3 80 16 25 48 34 71 30 71 50 45 36 67 57 60 50 47 40 57 33 24 66 11 97 70 63 31 59 76 97 68 98 41 3 65 91 74 37 93 85 76 67 63 38 44 47 86 31 31 98 24 85 78 26 70 28 55 33 23 98 49 76 20 9 47 40 37 27 96 98 48 48 1 1 43 52 26 55 0 91 37 41 26 23 73 61 90 87 98 67 52 32 20 21 2 66 82 15 65 62 75 36 49 57 13 95 20 52 51 85 34 47 31 2 89 72 11 74 63 66 51 40 72 18 24 12 
22 74 59 30 21 99 40 56 56 90 28 77 61 9 23 3 43 86 41 98 98 58 70 64 94 6 68 72 85 46 84 80 68 97 87 89 92 23 1 70 31 97 80 9 89 75 51 48 95 61 50 29 43 3 55 8 73 34 91 46 44 78 10 12 2 38 95 33 9 62 8 26 42 15 63 35 49 27 61 31 71 4 79 15 57 50 17 50 23 22 33 67 89 19 10 56 60 5 88 64 37 92 56 19 51 92 53 33 97 74 71 83 27 62 11 6 12 6 90 49 22 95 61 18 97 86 59 88 34 7 11 4 9 29 0 98 12 46 31 30 78 87 63 31 83 26 84 47 9 32 44 20 3 59 35 85 33 14 38 49 5 1 70 44 77 11 79 91 55 55 42 82 8 97 4 17 2 64 48 38 47 
10 27 27 56 1 24 14 89 63 64 1 20 37 52 34 83 93 94 96 86 77 9 9 20 83 42 13 45 85 72 89 9 58 28 21 52 63 98 96 23 66 74 37 89 25 65 22 73 51 61 99 29 67 88 51 30 69 14 32 53 96 71 83 33 72 37 29 3 64 18 2 76 46 87 10 7 7 27 70 18 84 35 54 15 92 77 48 57 92 58 15 16 41 48 64 52 62 96 40 98 34 27 77 93 14 82 49 24 76 3 28 39 13 39 7 49 43 77 12 44 97 89 36 89 49 69 83 32 66 9 59 58 12 94 68 0 33 65 51 31 73 55 70 13 36 55 62 35 94 33 61 82 46 2 8 39 68 21 54 5 24 74 38 56 41 9 76 7 12 20 15 64 47 10 72 90 46 20 64 71 39 
47 25 78 9 48 37 22 66 58 84 70 22 87 13 33 57 72 66 73 69 5 76 26 64 32 35 61 8 40 34 41 51 82 91 14 58 11 5 79 68 98 92 86 21 18 46 13 98 6 13 17 75 34 99 29 91 39 42 48 54 17 39 95 97 93 24 13 76 27 52 69 7 43 47 2 82 99 70 45 32 58 83 16 82 15 18 70 9 99 9 85 29 66 31 57 80 13 67 11 89 5 58 70 33 32 52 19 54 12 5 5 56 32 83 56 41 25 15 45 21 95 62 8 39 59 1 93 43 13 33 74 90 21 79 70 21 0 47 4 63 16 4 53 86 78 30 16 93 60 13 59 42 91 64 7 68 58 66 4 29 65 78 55 77 14 20 6 40 1 58 60 68 3 6 84 88 63 38 85 59 62 
25 18 17 15 33 73 49 43 41 35 24 76 25 12 54 53 83 58 93 19 81 39 94 41 15 26 33 46 99 66 62 56 83 38 12 70 57 85 28 58 79 79 33 74 5 13 52 24 3 53 48 50 80 60 26 52 27 25 91 12 33 51 44 43 59 63 33 54 11 18 30 54 14 9 96 5 49 51 5 98 73 12 89 96 90 63 72 92 29 74 87 28 42 80 15 93 48 87 55 49 67 51 37 74 76 91 15 29 54 11 19 64 79 34 9 86 46 47 3 75 58 84 95 25 31 18 25 46 93 70 16 13 51 14 97 49 10 0 78 33 56 22 4 57 14 40 80 36 73 77 32 80 72 84 78 2 8 52 74 63 30 98 9 99 1 52 13 12 47 6 13 76 65 37 22 31 23 77 18 60 71 
85 39 98 74 71 76 32 55 42 51 62 16 1 44 23 96 59 75 43 87 82 24 11 5 81 91 11 92 31 87 72 54 56 7 67 30 78 99 30 64 54 1 64 95 68 42 22 94 37 37 81 66 55 12 45 48 36 17 92 11 98 48 30 85 66 21 45 54 26 25 6 16 50 56 40 85 15 43 26 53 20 63 30 59 30 46 27 46 67 99 18 85 74 43 74 29 88 80 9 24 93 62 22 56 91 77 73 30 87 41 99 11 68 9 68 43 94 90 12 9 10 58 35 15 84 43 57 28 39 39 96 73 25 15 41 44 90 52 0 96 4 88 40 59 37 72 95 11 66 72 16 85 88 89 15 62 23 71 36 53 32 51 51 6 50 86 22 99 49 80 95 24 24 19 54 16 54 58 37 4 62 
83 15 96 36 70 32 76 15 77 51 65 18 10 11 98 88 10 80 93 24 86 81 37 66 15 35 60 53 28 53 68 27 46 3 58 64 99 49 33 22 8 30 84 48 7 79 9 71 54 24 8 67 33 88 14 80 1 83 93 4 43 20 69 88 40 38 13 6 72 17 84 91 97 57 91 50 74 18 77 91 81 91 76 78 18 19 36 10 33 23 92 85 70 23 26 72 84 49 7 13 14 78 60 7 2 13 81 79 92 78 91 54 60 96 91 68 37 83 85 77 42 21 77 13 12 17 18 46 94 92 8 79 95 17 80 83 59 22 94 0 22 88 56 12 46 49 68 4 69 93 9 75 81 78 12 91 36 89 65 97 44 42 63 1 5 78 86 58 38 24 70 96 78 94 78 52 9 69 46 47 60 
23 8 22 77 62 95 15 36 89 70 86 88 63 89 37 94 70 78 43 24 41 90 39 69 27 20 76 87 71 27 41 81 38 63 73 95 46 87 69 74 48 16 80 37 43 65 77 11 58 76 98 9 38 82 20 53 74 89 79 78 93 50 58 85 47 52 54 3 25 54 27 6 89 71 53 89 31 85 85 40 74 72 88 69 51 47 32 71 84 76 22 92 67 36 79 1 84 67 2 45 7 18 42 60 25 35 30 18 19 91 53 90 93 25 64 86 38 37 16 66 59 78 30 23 41 71 98 40 53 48 34 91 21 62 76 73 6 64 6 38 0 30 9 46 62 39 19 67 14 6 24 16 52 72 15 26 74 79 57 19 4 39 73 88 26 3 3 19 99 42 48 63 86 71 83 83 44 39 91 12 83 
14 17 25 85 82 64 14 94 75 78 48 43 28 73 47 62 68 64 41 42 29 60 73 24 27 17 34 63 13 7 48 22 49 15 96 61 84 59 5 37 55 40 58 97 61 24 67 7 73 21 2 24 29 9 12 49 18 37 42 28 83 25 66 55 58 77 81 51 57 71 12 8 85 26 47 25 13 79 38 16 32 67 89 7 32 51 2 65 21 47 42 21 88 86 55 61 33 90 74 67 9 78 35 15 39 65 71 64 98 86 97 12 89 72 49 21 61 79 11 19 39 52 97 52 73 34 91 46 56 32 67 55 33 51 38 25 3 37 63 52 90 0 29 54 34 37 13 13 98 36 56 75 54 50 57 77 99 25 89 78 50 82 71 66 19 85 78 84 43 5 10 47 96 73 33 52 93 67 80 30 60 
27 93 94 45 10 74 17 70 88 37 27 94 68 38 12 94 65 39 2 27 53 80 52 27 77 35 31 56 82 88 71 58 10 12 58 25 79 87 73 96 3 83 33 84 70 55 37 49 89 99 25 52 71 13 31 97 33 51 49 77 79 98 2 57 10 36 95 6 66 34 1 21 86 19 63 66 50 17 91 32 1 87 9 48 27 8 16 95 75 68 39 31 74 70 87 61 8 59 69 28 17 6 13 31 79 21 6 16 93 87 13 8 3 79 81 17 91 22 96 81 6 80 13 57 45 7 98 33 91 49 18 13 49 67 94 85 88 95 47 34 46 61 0 24 66 8 62 11 85 39 55 5 55 98 23 16 40 50 93 15 55 49 53 45 4 85 8 71 95 7 31 58 65 3 54 16 39 75 65 97 31 
21 92 42 64 99 21 19 41 76 10 44 76 42 27 97 91 38 74 62 5 41 35 65 16 12 34 87 8 67 20 11 20 76 8 82 95 50 26 43 92 26 93 83 51 24 7 10 84 29 86 96 31 67 20 76 49 26 19 19 31 11 74 27 39 19 89 47 68 31 58 37 86 48 67 92 99 58 53 86 23 2 61 4 11 91 91 45 19 14 82 77 74 18 8 11 11 63 45 25 59 58 17 16 89 69 96 68 55 83 25 84 69 65 72 23 59 52 65 25 62 47 83 53 89 91 23 96 93 9 51 43 63 58 57 10 90 68 4 55 21 87 11 77 0 30 5 62 71 15 43 34 2 45 16 50 15 10 46 12 96 93 14 14 12 12 98 12 43 26 5 49 79 18 30 34 47 14 75 14 92 8 
7 44 40 66 28 83 35 63 44 35 1 1 5 86 90 4 36 49 28 69 93 27 16 89 20 72 60 34 78 62 19 14 31 82 44 1 80 34 95 31 26 36 60 90 96 1 33 48 23 99 5 22 37 56 5 41 26 90 30 51 69 36 74 50 17 61 92 31 33 42 12 6 97 15 27 35 53 74 35 21 73 67 86 86 37 11 67 98 23 96 50 64 47 47 28 24 22 39 91 24 86 12 90 91 10 9 66 3 90 25 99 23 64 99 1 28 86 70 8 57 37 11 4 51 89 48 13 43 80 5 77 53 22 3 9 45 98 85 25 41 69 12 27 59 0 75 68 96 47 19 35 83 34 48 43 66 4 97 11 27 66 99 10 45 19 25 29 25 44 33 47 18 47 77 36 27 43 19 52 73 69 
78 74 97 62 13 88 91 46 59 65 93 46 92 55 35 40 90 54 19 32 34 16 49 89 99 48 80 18 76 5 32 40 70 4 24 62 2 98 84 47 88 4 26 85 76 56 25 24 77 72 20 66 47 38 55 94 42 7 2 38 79 90 99 61 53 12 7 74 34 88 53 61 97 91 60 28 84 23 97 51 41 55 72 92 88 92 89 74 11 73 75 76 31 11 97 40 44 48 69 66 30 74 7 31 14 80 94 38 84 57 30 24 36 25 75 49 46 57 55 41 64 67 87 59 59 52 54 69 59 45 24 40 19 72 77 60 49 54 37 22 92 37 36 76 46 0 75 73 88 21 46 30 79 42 99 83 65 50 16 95 6 30 18 81 16 16 95 84 43 71 65 30 95 29 24 36 2 97 70 38 43 
71 50 12 12 31 49 97 71 43 40 32 95 35 23 76 54 43 73 99 46 92 53 72 18 10 11 95 69 49 89 63 6 58 56 51 65 34 69 82 89 18 2 12 30 3 51 6 42 3 47 72 5 82 16 61 58 60 84 19 87 35 77 43 85 25 23 28 53 6 61 35 68 4 85 95 81 18 1 14 97 39 98 66 15 1 92 83 81 89 51 24 57 69 31 64 98 6 79 91 10 85 77 72 81 99 17 22 23 78 11 57 22 74 40 32 1 76 92 42 70 6 33 47 46 22 64 78 43 40 16 47 52 6 92 98 88 30 47 9 30 5 79 15 45 80 25 0 34 82 75 48 97 64 67 70 78 77 71 33 42 9 10 92 67 39 99 28 89 20 57 86 38 34 12 9 71 55 38 76 60 30 
46 83 93 49 77 98 26 97 46 34 98 98 8 38 10 19 26 89 5 17 61 24 47 90 85 26 73 62 20 12 84 83 71 84 20 36 31 14 65 76 99 58 89 93 14 25 15 56 88 83 29 74 35 21 13 62 94 46 13 90 27 9 13 73 4 33 66 46 60 14 99 81 62 14 60 74 42 17 35 61 7 61 91 90 36 7 61 58 68 99 2 84 87 7 20 63 71 2 64 13 74 69 42 3 2 62 28 47 69 15 35 94 56 78 87 52 69 82 87 94 2 38 79 35 58 52 50 15 29 79 46 9 65 32 42 5 9 75 61 52 49 93 24 75 88 97 26 0 68 44 1 96 70 10 60 92 34 24 33 67 4 18 87 80 62 88 31 79 71 14 74 84 84 85 53 35 86 97 15 3 62 
47 56 77 16 3 94 4 93 54 14 49 20 19 28 3 92 47 8 5 68 57 41 40 16 74 44 99 73 46 29 43 27 47 77 10 65 88 58 41 75 92 35 45 49 31 18 42 39 22 35 49 4 8 17 8 55 34 68 68 73 32 58 66 31 50 97 83 78 41 89 83 90 59 5 40 17 2 44 25 62 33 76 92 23 10 20 58 31 86 8 30 10 42 41 23 44 4 62 25 85 97 77 34 58 84 13 62 79 91 65 3 52 72 99 93 27 31 6 10 50 3 98 30 8 8 72 55 99 13 9 6 47 67 66 4 57 27 47 93 79 46 60 40 75 98 45 4 7 0 42 46 79 38 98 38 30 1 84 70 87 16 7 54 20 48 95 88 42 21 44 66 30 5 41 15 87 78 91 87 59 97 
18 92 20 72 41 56 4 14 6 74 2 95 78 81 67 68 85 59 62 78 50 96 71 18 39 65 25 81 10 63 85 44 36 41 58 79 24 67 61 48 55 16 60 3 87 42 62 17 83 56 75 32 33 46 70 72 20 89 50 33 65 44 52 93 25 65 78 26 28 70 75 7 20 63 89 90 96 69 75 81 74 21 12 31 82 2 25 85 62 83 83 90 52 48 33 90 26 28 3 87 35 48 25 37 94 39 14 89 16 97 69 23 37 72 71 43 12 47 94 95 30 30 36 87 16 87 13 67 1 12 56 84 3 90 51 37 32 7 47 15 31 29 77 36 63 44 17 9 43 0 46 45 81 23 71 50 1 95 1 11 31 30 69 65 55 59 5 5 52 92 34 93 88 43 99 87 75 36 89 85 57 
63 40 12 8 30 56 77 84 73 10 28 11 24 4 50 83 9 72 59 74 57 82 94 5 64 28 23 55 55 62 23 15 3 49 65 88 86 86 57 35 71 58 94 59 79 89 52 31 9 94 59 82 91 23 72 74 90 13 32 58 6 6 56 30 91 41 94 7 42 35 75 1 32 62 35 15 37 87 64 89 62 23 13 35 92 82 40 33 77 44 3 58 62 53 87 80 22 7 9 5 10 28 89 44 16 89 16 88 36 33 11 99 79 59 19 64 35 36 95 15 11 38 42 72 54 39 51 88 84 97 65 48 6 16 9 56 96 80 90 42 85 50 97 68 63 4 38 87 54 78 0 1 31 64 97 10 54 53 97 3 65 50 90 29 85 71 40 36 36 64 86 87 57 87 52 99 44 70 15 52 85 
23 89 30 35 74 74 69 80 94 33 77 22 6 11 78 44 57 13 24 45 13 96 81 64 29 6 95 99 53 27 43 96 2 35 76 31 13 23 17 82 15 61 6 10 76 29 24 99 38 36 26 86 24 49 48 34 50 55 34 28 89 16 61 21 59 9 96 41 38 99 40 58 61 81 51 74 81 62 97 45 69 79 47 8 78 91 74 22 23 23 9 85 36 34 83 15 77 9 9 62 31 69 99 9 38 20 61 99 21 20 11 25 49 25 62 39 93 65 5 46 28 65 37 73 40 22 2 85 12 2 49 67 19 65 39 72 93 13 11 34 49 6 3 80 67 37 43 17 51 41 66 0 11 91 6 15 35 5 49 71 80 36 71 48 56 91 38 93 79 87 78 69 45 77 9 15 54 93 35 65 3 
17 24 37 69 54 45 85 88 43 86 95 48 30 49 41 22 23 5 68 1 49 89 74 43 89 54 64 78 91 44 19 34 7 96 4 33 62 2 71 45 91 15 71 52 81 92 45 35 27 53 67 46 69 66 38 94 72 43 7 43 26 6 47 85 59 39 79 32 58 98 91 96 61 95 25 28 15 27 91 78 84 93 55 6 10 52 5 20 64 9 8 77 77 62 10 24 5 3 28 70 18 77 59 58 31 69 51 35 26 52 75 40 94 16 5 13 20 14 40 4 81 71 68 54 17 66 4 90 67 84 43 29 84 1 51 89 22 18 56 44 48 37 52 28 71 79 41 21 31 21 40 48 0 12 57 86 33 63 81 3 44 45 26 59 71 92 51 63 61 89 38 60 73 24 39 58 8 95 12 56 52 
28 94 64 84 88 32 89 73 97 75 10 84 90 71 57 7 4 88 56 29 45 5 98 8 50 26 27 12 15 93 95 86 4 6 23 8 22 4 90 61 56 96 97 6 57 53 16 63 51 24 65 16 57 18 42 52 27 58 8 13 67 83 74 72 69 53 42 69 95 4 58 67 66 77 22 99 80 63 90 58 44 55 28 73 27 42 79 95 52 65 78 38 6 38 35 68 98 86 28 25 83 1 76 52 30 88 65 17 59 11 38 17 36 4 3 76 80 97 70 25 52 73 45 1 77 99 10 79 92 52 68 32 41 12 88 2 22 62 86 82 16 23 94 33 53 3 79 23 19 3 86 36 3 0 81 60 77 70 1 15 23 90 44 57 8 40 28 43 22 51 76 30 52 2 27 64 32 72 7 45 79 
33 39 41 55 4 16 77 19 8 28 78 15 24 63 62 30 82 15 46 38 87 17 44 63 99 54 24 4 24 2 43 57 77 51 35 34 3 29 14 10 90 1 47 28 48 4 12 25 68 62 62 87 37 89 91 32 22 42 74 19 63 38 19 80 29 57 92 9 14 41 5 50 3 54 87 87 95 11 3 48 75 88 89 10 31 12 50 97 20 26 68 33 59 22 33 40 91 68 47 60 4 32 18 64 24 40 15 12 21 65 50 25 70 98 31 16 26 69 21 51 44 70 25 24 88 41 96 20 83 99 22 61 81 15 75 62 73 79 26 76 87 11 57 98 34 55 77 33 74 40 53 1 75 20 0 18 44 52 19 32 14 88 29 75 37 21 30 39 23 48 85 5 41 97 77 25 16 78 36 68 64 
92 85 93 64 71 99 5 39 11 89 42 22 74 2 19 57 31 67 20 89 70 19 67 18 28 55 11 21 4 19 14 36 47 5 96 2 68 7 72 19 11 9 6 90 75 75 82 11 32 70 14 99 84 36 99 71 67 53 97 62 51 64 71 36 5 37 48 34 8 38 18 12 85 47 92 70 68 15 75 20 21 13 12 15 54 14 85 65 99 63 89 29 65 97 16 14 3 44 60 95 13 64 62 11 42 43 61 66 38 1 29 26 26 87 56 29 57 54 43 73 93 56 20 85 52 89 56 39 95 87 70 21 59 39 79 84 99 12 47 60 70 30 13 37 45 59 63 54 91 40 90 46 29 96 38 0 9 32 16 32 95 93 55 91 57 79 3 15 43 89 90 11 85 84 82 65 24 18 90 7 25 
99 97 12 38 6 68 89 27 63 85 62 60 89 63 35 61 97 24 33 29 30 21 39 68 97 47 78 73 49 2 43 16 77 55 91 97 87 13 11 9 57 48 17 9 60 65 15 53 79 83 6 23 8 4 85 65 28 83 52 15 68 63 60 81 63 80 93 50 49 66 70 83 10 13 34 21 88 44 36 40 95 20 51 88 12 81 95 95 3 88 24 46 10 75 49 71 68 47 12 54 58 65 89 32 86 43 24 48 45 82 48 55 70 91 61 41 7 41 83 7 76 84 30 82 5 75 15 38 92 12 50 83 49 39 4 99 20 25 25 90 37 87 12 62 63 50 19 79 18 75 65 13 14 53 72 68 0 2 39 58 1 27 24 2 5 74 71 20 1 1 95 62 23 60 37 37 48 82 43 38 36 
76 6 44 93 81 25 54 57 53 8 23 26 28 67 96 59 83 94 7 24 76 32 3 52 52 76 66 16 38 41 76 93 50 33 70 88 39 96 67 29 14 43 61 27 76 54 1 58 47 47 24 31 59 24 26 18 67 62 99 31 12 80 97 13 20 53 9 70 41 41 39 54 81 18 73 1 11 98 4 30 42 95 3 25 2 69 62 62 80 87 32 89 88 9 3 24 43 78 70 99 29 28 19 19 48 40 62 31 73 61 32 14 93 14 62 86 12 38 70 25 14 3 75 51 18 76 44 79 15 62 97 10 96 81 34 88 49 82 71 3 89 26 22 21 75 68 52 83 87 83 80 29 71 38 4 62 8 0 23 6 80 25 74 13 37 50 81 42 97 44 96 20 99 73 42 30 12 78 47 85 42 
35 8 63 44 37 9 36 58 49 93 61 92 8 31 55 14 68 13 71 36 90 68 64 59 96 69 40 9 92 41 1 66 1 57 1 22 19 22 72 91 68 60 35 38 13 8 17 13 9 55 3 65 83 42 94 58 32 88 8 50 74 63 95 98 5 31 45 48 99 57 62 63 39 71 17 96 83 14 36 84 28 25 13 54 68 69 94 71 26 14 87 46 26 79 92 96 10 54 34 73 11 27 23 61 12 26 38 37 96 19 57 51 76 52 42 77 22 51 1 42 37 30 4 86 25 80 45 30 71 84 77 42 49 92 47 74 39 64 99 56 9 67 19 60 51 51 94 4 44 56 36 11 95 61 87 32 89 26 0 28 57 40 64 41 98 56 5 9 9 92 78 85 17 78 59 91 92 83 46 80 21 
74 10 3 92 74 89 32 77 61 65 65 17 89 35 92 46 58 66 87 75 87 24 44 22 44 68 4 19 91 71 33 21 98 92 7 40 37 15 47 5 86 61 69 5 97 9 5 15 17 26 84 58 36 98 93 59 71 23 23 58 33 38 62 67 19 87 52 34 86 29 70 17 30 37 13 60 15 3 85 39 23 35 76 29 34 21 70 67 8 25 33 16 29 6 46 47 70 30 24 48 64 77 47 48 97 25 79 69 38 67 70 32 13 58 87 52 27 11 28 8 86 37 18 65 59 74 54 68 72 46 78 2 53 64 11 80 17 46 60 67 46 67 71 8 19 98 80 77 23 23 54 42 30 52 77 13 56 64 37 0 72 15 34 60 26 81 26 88 97 7 10 30 84 37 59 27 95 96 76 88 85 
41 74 49 50 7 22 90 65 13 66 61 75 80 77 52 90 78 70 71 36 65 21 59 17 15 17 86 33 55 35 83 33 83 3 36 40 21 7 4 3 71 27 20 80 8 53 32 87 79 32 87 98 49 56 86 14 42 1 53 59 67 55 67 75 39 64 96 66 87 34 39 61 9 25 19 99 92 64 14 32 2 71 15 15 86 77 53 97 16 25 80 45 24 88 63 70 11 47 33 13 17 17 71 32 98 36 76 16 95 92 56 88 19 70 64 43 74 1 44 91 46 65 60 76 86 38 20 14 78 11 17 75 16 7 1 16 3 84 84 45 76 77 54 95 84 15 52 34 82 17 52 52 31 13 46 11 13 68 72 88 0 49 84 48 65 50 68 39 79 52 20 61 51 53 27 31 28 47 29 2 62 
92 29 23 47 24 78 42 60 3 86 46 66 92 8 83 45 8 48 68 50 71 3 12 98 61 22 48 15 19 96 45 50 82 16 10 20 82 98 62 90 86 31 17 47 89 93 62 12 62 20 66 56 39 5 5 26 16 27 99 88 1 61 90 44 13 73 51 59 2 72 3 51 85 1 1 88 12 57 7 72 94 61 61 90 2 90 73 2 20 78 87 22 2 84 21 5 2 24 47 50 17 20 12 10 58 78 19 45 38 94 81 14 34 22 37 28 50 7 44 5 81 56 90 3 62 28 53 81 9 69 59 27 3 1 54 26 4 85 9 45 33 88 96 63 74 51 24 87 20 60 93 37 41 9 75 14 29 60 78 71 90 0 23 80 9 91 27 18 4 22 51 39 40 73 49 1 54 78 74 22 9 
25 79 38 58 86 69 83 44 68 21 48 60 56 87 63 37 90 56 38 90 79 82 69 95 5 47 8 56 53 5 60 59 20 19 33 18 61 49 13 16 60 96 28 83 87 50 22 66 36 55 1 47 49 63 7 56 1 63 93 45 66 82 37 59 62 17 89 83 34 95 84 89 26 21 6 72 72 38 88 91 94 55 49 33 30 91 87 73 42 4 97 94 51 45 57 38 56 23 43 24 9 17 1 31 76 37 21 94 87 47 21 50 10 68 16 8 48 36 59 39 57 89 98 3 96 2 69 94 77 99 27 20 90 71 82 72 8 21 15 55 54 44 21 15 7 71 82 65 65 15 79 70 82 9 19 54 43 72 67 50 17 35 0 82 15 58 58 10 79 13 85 84 93 68 32 75 30 87 52 98 57 
82 79 23 9 2 83 61 55 26 82 92 39 69 95 9 49 56 18 3 93 19 94 77 86 92 86 13 22 44 77 83 57 11 32 47 21 92 18 45 1 63 47 5 36 72 28 31 48 41 8 26 88 90 67 93 43 11 23 76 58 18 80 59 85 3 86 3 3 25 82 41 12 35 81 94 62 55 66 68 67 87 75 93 94 40 50 23 93 43 87 82 17 4 63 30 53 17 20 45 32 1 11 50 78 81 6 81 47 57 97 22 52 1 47 91 17 95 91 22 57 93 96 51 15 60 18 18 78 71 33 6 73 7 10 74 59 70 93 56 81 8 52 58 55 35 2 53 13 84 35 60 2 75 36 50 29 28 92 11 54 19 9 35 0 55 98 62 31 92 10 62 29 17 76 56 61 57 29 86 26 6 
25 67 62 65 90 5 79 56 65 72 31 68 16 74 85 34 22 16 62 62 88 73 56 18 36 24 35 87 71 16 64 71 60 6 66 80 25 54 86 10 29 29 58 2 19 48 64 54 92 11 12 52 40 62 18 87 23 50 28 12 27 19 93 50 26 8 71 3 38 23 94 82 90 62 19 59 17 28 64 2 2 49 52 14 90 44 49 49 79 31 42 87 29 76 96 62 80 69 68 41 90 82 26 15 40 33 73 21 89 84 92 62 93 97 57 45 57 29 82 12 3 73 79 19 21 52 15 42 8 44 21 18 92 49 46 88 74 62 50 15 79 82 57 83 95 45 84 62 92 37 13 70 6 1 2 53 89 30 86 68 82 62 27 10 0 28 54 83 70 69 64 5 47 37 65 85 7 30 58 46 57 
72 90 35 5 62 37 62 14 59 16 11 50 62 77 79 40 45 25 62 84 60 59 15 50 5 50 34 14 84 84 34 59 77 31 10 5 54 46 90 50 64 56 11 76 47 22 3 52 4 29 4 22 51 13 16 32 5 63 25 29 8 46 41 20 52 99 79 30 73 37 12 27 79 31 52 25 25 80 45 23 15 19 96 29 64 99 56 14 5 89 46 62 81 87 28 31 8 41 92 21 32 31 60 16 94 50 45 79 5 46 89 29 73 58 54 4 27 44 16 88 44 20 14 90 35 2 5 89 88 67 13 67 64 12 45 15 73 60 12 33 5 93 16 78 45 17 95 40 5 31 38 60 63 34 16 39 46 79 65 44 70 8 48 51 10 0 8 15 77 40 21 96 17 94 75 86 85 56 24 47 19 
37 7 91 31 97 58 90 27 89 3 60 13 10 47 91 73 73 58 75 4 28 40 18 35 67 63 82 82 60 7 56 82 39 18 36 45 68 58 47 28 8 26 20 24 59 25 28 43 7 91 84 31 4 70 40 5 85 60 18 54 62 50 67 10 16 26 27 41 99 52 32 19 77 65 75 42 83 46 91 40 6 92 20 91 68 68 24 68 17 35 67 61 99 89 20 84 79 17 34 82 7 37 97 68 9 1 22 84 77 75 65 34 51 17 75 71 9 55 86 79 58 56 1 66 42 47 77 9 88 59 42 27 92 8 32 7 96 58 46 83 8 98 12 67 76 33 92 21 88 72 41 92 25 54 18 58 35 94 12 24 20 81 77 52 66 75 0 85 84 4 74 67 75 78 17 67 89 17 29 20 80 
46 36 77 69 41 83 42 86 57 94 85 82 72 46 44 20 30 32 26 39 34 42 11 39 74 82 39 50 6 34 66 72 79 33 15 21 69 19 92 42 42 64 30 39 54 33 3 8 91 37 84 72 31 45 56 7 86 64 23 83 41 34 92 15 39 15 23 52 10 31 85 15 13 64 26 24 38 16 64 88 75 20 57 60 94 14 96 90 24 47 50 63 33 57 40 37 93 78 56 3 81 92 1 80 68 37 68 89 71 32 37 61 62 53 63 49 6 9 6 97 90 65 25 12 61 19 18 33 73 19 73 53 30 73 32 32 15 98 55 99 17 36 40 24 19 69 81 69 23 9 7 55 88 83 85 99 79 53 99 97 10 55 33 99 8 2 21 0 64 72 96 86 56 37 86 11 52 53 96 17 32 
79 92 75 10 20 45 45 4 45 14 49 58 17 48 41 5 74 72 78 3 75 55 51 7 1 82 47 70 79 77 85 86 12 11 20 39 42 64 99 29 56 26 1 34 8 60 61 44 32 50 56 40 87 34 32 36 51 22 92 25 66 76 93 86 31 67 33 18 56 35 78 99 24 84 85 67 28 78 3 57 65 84 17 49 20 67 85 82 16 90 75 30 41 49 76 30 49 96 88 51 87 75 28 83 82 44 6 92 92 70 9 41 10 24 90 85 78 36 39 42 31 9 46 42 5 30 31 98 9 62 19 64 50 98 41 51 59 53 46 25 89 13 95 11 94 23 51 40 58 71 44 13 90 54 72 1 3 3 94 68 54 44 4 16 37 57 80 67 0 19 21 90 91 89 37 44 64 1 6 39 14 
97 17 36 39 60 56 17 22 20 36 55 47 13 20 3 96 30 42 76 26 3 77 55 32 9 37 58 22 88 98 73 97 40 12 34 39 63 75 77 70 71 76 61 85 19 4 22 98 85 37 72 20 24 54 97 78 69 67 57 85 90 97 9 79 66 59 91 19 41 38 8 2 25 64 47 1 31 73 57 53 16 73 77 23 35 22 27 25 16 67 31 34 73 5 49 49 1 4 75 79 32 96 30 50 31 94 31 68 20 90 53 47 61 29 23 95 5 74 78 18 95 33 73 5 23 52 45 5 94 37 54 19 3 12 68 66 36 64 65 82 25 33 34 42 15 90 10 51 68 59 47 5 86 81 24 15 33 93 54 94 9 76 6 4 31 73 83 86 56 0 68 20 46 80 28 27 46 99 28 1 66 
60 43 44 78 98 86 81 41 62 51 55 38 57 68 97 50 34 49 52 92 7 38 14 50 25 95 1 41 89 78 48 10 13 84 99 2 22 48 57 32 16 61 22 78 39 60 98 24 53 83 67 62 9 33 75 50 41 73 69 91 7 17 34 47 59 98 90 88 44 32 73 96 54 55 36 7 59 27 77 80 6 74 19 99 34 8 92 1 64 62 29 2 36 1 74 6 87 43 61 92 69 91 38 33 27 3 15 37 4 23 60 74 51 38 88 26 59 60 4 25 20 44 19 44 57 20 40 9 90 39 46 51 11 40 74 62 31 73 79 59 52 97 17 7 5 73 89 96 14 96 8 27 90 63 34 70 26 84 4 19 35 36 59 47 75 68 63 52 95 25 0 94 68 25 23 80 19 32 52 10 12 
6 5 45 5 98 13 90 2 82 56 2 74 24 43 47 34 28 38 25 5 81 31 9 65 96 69 24 51 37 53 7 96 98 7 95 60 21 73 84 17 1 61 21 14 81 85 61 56 4 87 38 90 86 62 10 86 31 68 6 15 39 26 2 94 28 59 83 11 32 23 5 67 12 53 8 51 8 27 81 33 18 99 62 59 34 56 21 54 79 80 88 19 32 71 27 76 14 23 75 16 12 49 89 7 71 17 73 6 1 17 4 92 88 2 94 22 64 86 61 9 46 63 17 76 40 89 89 14 23 23 76 15 98 76 33 76 34 30 64 93 61 61 84 37 64 29 97 73 97 13 36 66 95 95 23 12 72 28 20 4 86 90 64 27 29 64 29 82 50 27 20 0 86 25 83 14 8 82 4 75 85 
10 80 24 49 43 48 60 13 60 89 23 1 47 19 10 49 93 53 95 10 53 70 86 80 56 53 79 84 53 26 63 33 89 62 25 49 24 95 79 30 39 64 6 34 60 54 2 99 61 90 61 75 7 71 55 36 94 13 63 56 25 3 79 7 91 98 4 59 57 39 69 1 59 49 47 90 97 93 41 37 59 26 66 62 47 94 29 36 99 16 11 82 69 90 5 1 38 29 27 80 59 37 13 82 19 16 86 11 88 34 33 98 71 19 18 17 66 25 65 87 96 15 63 22 60 19 12 74 82 95 49 65 23 88 44 71 76 90 77 51 49 58 51 83 23 86 52 48 75 97 30 81 84 81 21 16 80 71 88 5 89 63 7 54 25 27 53 10 52 27 74 23 0 13 30 4 6 44 27 66 76 
43 77 23 6 12 80 85 24 42 65 77 54 52 21 77 8 86 4 8 69 13 62 32 68 45 9 44 56 67 84 6 86 63 57 51 35 31 87 41 16 64 29 68 32 31 49 41 28 77 48 21 72 67 65 81 85 27 81 97 62 82 94 12 91 96 22 37 55 42 94 9 3 18 65 1 88 19 45 87 39 82 86 22 24 33 22 26 42 48 12 16 20 47 60 1 51 16 59 38 40 82 92 48 9 60 57 15 90 9 75 65 55 87 5 74 19 5 62 35 54 12 36 93 67 39 19 55 42 2 75 61 16 66 31 75 66 4 42 82 33 56 87 99 14 74 9 79 93 52 69 84 38 13 15 86 19 90 78 5 67 83 31 52 91 64 56 80 46 90 79 14 98 57 0 73 98 25 51 9 65 19 
77 34 6 54 36 35 13 42 29 4 92 45 88 13 5 90 20 49 29 61 31 15 5 63 86 60 72 3 63 43 14 34 28 17 56 30 2 62 96 48 72 15 40 55 96 29 22 3 67 21 32 95 19 61 24 76 56 41 73 16 99 74 30 83 60 13 13 82 81 56 78 69 21 60 43 42 78 43 37 76 36 30 20 15 54 68 19 92 6 50 6 76 44 51 40 64 55 17 85 81 73 26 55 71 61 73 54 89 23 67 80 92 89 40 67 58 32 16 60 76 82 56 13 6 19 17 17 67 40 95 17 74 29 17 8 68 59 27 5 53 36 85 15 87 84 4 45 44 80 16 3 99 42 77 11 49 97 53 23 33 96 5 9 82 72 8 78 6 87 91 12 35 47 58 0 18 36 40 60 39 72 
4 67 74 21 77 40 24 79 23 82 75 10 63 1 39 31 40 99 37 59 36 43 71 92 77 29 50 11 37 70 81 7 1 67 87 86 5 16 88 88 74 68 59 92 84 74 20 89 68 55 97 17 82 95 3 82 84 49 8 7 13 30 54 50 34 82 99 54 25 89 19 46 76 60 2 72 98 62 11 31 25 56 92 96 49 8 2 32 76 22 55 80 82 2 32 30 74 89 21 75 97 1 10 81 40 57 38 77 76 8 4 43 20 91 51 49 4 74 28 92 60 1 31 17 52 80 36 23 78 63 21 70 74 14 24 22 58 28 79 11 6 61 10 37 84 37 88 28 23 51 64 15 75 6 17 52 35 82 45 92 94 21 48 80 85 70 16 74 49 90 13 17 17 19 89 0 84 2 66 75 82 
88 47 20 17 64 19 95 5 21 39 18 82 59 69 13 10 52 11 61 10 59 1 98 19 39 45 17 5 1 84 1 98 12 89 69 42 39 83 9 2 26 71 72 86 73 53 35 34 95 25 13 74 67 11 30 47 13 62 84 54 12 19 20 26 8 37 40 35 55 71 54 53 41 87 24 29 73 51 4 82 97 60 71 77 66 26 22 37 11 31 7 36 81 44 42 67 30 59 84 56 59 68 87 63 13 33 72 47 72 49 65 45 5 40 22 8 59 16 85 81 57 62 43 10 99 24 70 8 96 52 45 86 44 47 28 19 3 69 30 36 40 44 43 35 43 3 63 38 63 99 35 19 4 69 2 61 64 97 98 77 11 78 36 17 68 68 46 7 70 12 69 84 85 20 17 4 0 60 61 60 46 
71 3 78 74 44 27 50 3 89 64 3 27 30 67 63 18 66 16 57 3 19 84 31 67 25 36 73 40 32 62 78 44 64 41 13 53 58 90 13 55 8 79 79 87 80 84 68 85 70 41 84 37 37 77 29 60 30 61 36 23 85 57 33 76 21 34 13 74 55 12 66 69 26 64 2 50 6 32 62 62 93 28 43 61 1 97 45 86 10 75 74 51 68 98 96 19 14 22 98 96 65 5 59 85 59 17 21 93 28 28 23 24 50 43 59 35 7 67 5 44 56 42 63 96 90 84 88 40 41 64 74 64 35 21 58 11 5 3 60 21 7 90 98 93 39 12 61 12 75 67 21 8 91 44 12 55 27 42 37 37 40 77 17 67 60 29 88 46 93 94 63 16 39 48 54 98 65 0 71 47 45 
91 61 34 42 24 52 34 62 62 15 58 32 78 49 52 70 29 63 50 79 86 70 14 54 88 83 82 49 58 17 24 84 5 59 80 39 58 79 98 12 74 96 90 55 91 20 18 1 45 74 28 3 52 3 39 26 35 80 36 98 18 29 21 16 33 15 58 96 13 43 5 56 88 91 38 90 33 78 97 13 83 58 70 39 40 64 49 48 9 50 7 6 37 20 89 16 74 24 12 57 45 29 78 90 16 13 79 38 20 27 87 86 52 82 94 35 85 85 10 90 67 64 34 70 82 3 42 33 15 63 42 8 13 85 24 9 45 91 64 68 95 50 10 63 25 24 52 1 19 36 65 17 38 41 15 26 95 31 97 15 99 83 13 47 57 51 36 4 65 83 63 35 61 56 30 87 2 98 0 77 1 
16 96 19 76 11 74 68 80 69 13 76 99 13 45 53 56 20 59 69 96 55 34 88 47 95 16 63 30 67 89 51 5 78 93 17 98 6 78 70 49 9 55 69 33 4 3 98 50 5 37 19 31 65 13 82 24 16 81 38 25 72 91 80 99 94 94 11 76 50 17 54 62 58 26 10 27 36 45 51 97 18 6 73 63 14 13 83 86 99 22 43 22 14 21 32 8 94 42 84 98 57 13 9 13 63 90 18 94 50 95 74 67 2 29 55 22 71 65 59 79 93 98 70 69 9 54 82 73 59 70 41 49 97 68 58 58 2 42 57 16 52 53 9 5 18 73 49 18 22 79 79 75 8 75 6 82 13 60 36 48 19 16 89 99 31 62 2 20 55 27 6 72 21 5 73 72 4 87 38 0 35 
78 46 3 61 89 91 53 2 55 80 56 38 97 85 15 73 90 80 76 74 42 70 50 86 64 38 25 96 33 1 8 41 73 98 87 68 12 98 44 94 8 74 31 13 21 94 84 70 63 86 5 8 54 43 32 63 24 23 14 28 68 43 1 65 99 94 21 25 32 70 41 34 3 97 71 10 18 41 48 47 66 77 59 40 86 35 69 37 92 80 35 1 80 50 86 13 69 38 63 31 78 3 7 82 18 35 8 99 47 57 75 4 5 18 18 91 63 92 42 35 32 14 73 74 5 42 82 86 40 9 10 82 99 83 40 94 14 35 54 81 19 55 65 86 8 80 94 90 10 64 56 11 47 54 58 43 93 66 26 69 47 91 89 30 23 11 89 44 36 53 46 92 33 27 90 67 3 6 14 47 0 
